long_dist,lat_vel,Crash,Crash type,minTTC,PFS,CFS,reacted,ego_speed,perceived_gap,true_gap,perceived_lat_gap,true_lat_gap,perceived_lat_speed,true_lat_speed,perceived_speed,true_speed,entry_ego_speed,entry_perceived_gap,entry_true_gap,entry_perceived_lat_gap,entry_true_lat_gap,entry_perceived_lat_speed,entry_true_lat_speed,entry_perceived_speed,entry_true_speed
1,0.0,False,0,4.0,0.0,0.0,False,13.88888888888889,-2.1876718003031153,-4.044444444444442,1.693400372312265,1.6,0.0,0.0,8.333333333333334,8.333333333333334,,,,,,,,,
1,0.1,False,0,4.0,0.0,0.0,False,13.88888888888889,-1.7022080714440486,-4.044444444444442,1.491419189985813,1.5,-0.1,-0.1,8.333333333333334,8.333333333333334,13.88888888888889,82.33705974270718,79.84444444444411,-0.14395232780564626,-0.00999999999999579,-0.1,-0.1,8.333333333333334,8.333333333333334
1,0.2,False,0,4.0,0.0,0.0,False,13.88888888888889,-3.271726425686375,-4.044444444444442,1.479866561562463,1.4,-0.2,-0.2,8.333333333333334,8.333333333333334,13.88888888888889,37.054300270909195,35.39999999999981,0.0908451116863711,-0.019999999999997353,-0.2,-0.2,8.333333333333334,8.333333333333334
1,0.30000000000000004,False,0,3.633333333333333,0.0,0.0,False,13.88888888888889,-3.152263351079692,-4.044444444444442,1.5973510789783236,1.3000000000000003,-0.30000000000000004,-0.30000000000000004,8.333333333333334,8.333333333333334,13.88888888888889,22.28531382374884,20.399999999999952,0.07314217134332845,-0.020000000000001572,-0.30000000000000004,-0.30000000000000004,8.333333333333334,8.333333333333334
1,0.4,False,0,2.3,0.0,0.0,False,13.88888888888889,-4.247648186701954,-4.044444444444442,0.9626918612438073,1.2000000000000002,-0.4,-0.4,8.333333333333334,8.333333333333334,13.88888888888889,13.558365931183463,12.622222222222181,0.23173025322502294,-6.661338147750939e-16,-0.4,-0.4,8.333333333333334,8.333333333333334
1,0.5,False,0,1.5,0.0,0.0,False,13.88888888888889,-3.891398026611438,-4.044444444444442,1.142319373561322,1.1,-0.5,-0.5,8.333333333333334,8.333333333333334,13.88888888888889,8.766042785017074,8.177777777777745,0.2151733521395367,0.0,-0.5,-0.5,8.333333333333334,8.333333333333334
1,0.6000000000000001,False,0,0.9666666666666673,0.0,0.0,False,13.88888888888889,-1.6927801727352394,-4.044444444444442,1.184764366190132,1.0,-0.6000000000000001,-0.6000000000000001,8.333333333333334,8.333333333333334,13.88888888888889,6.154756985360923,5.399999999999985,-0.023683672904841746,-0.019999999999999574,-0.6000000000000001,-0.6000000000000001,8.333333333333334,8.333333333333334
1,0.7000000000000001,False,0,0.5857142857142865,0.0,0.0,False,13.88888888888889,0.12427341405388237,-4.044444444444442,0.9825938613853986,0.8999999999999999,-0.7000000000000001,-0.7000000000000001,8.333333333333334,8.333333333333334,13.88888888888889,3.1263046974702116,3.177777777777778,-0.13928927597573604,-0.009999999999999343,-0.7000000000000001,-0.7000000000000001,8.333333333333334,8.333333333333334
1,0.8,False,0,0.2999999999999997,0.0,0.0,False,13.88888888888889,-3.0825979081182444,-4.044444444444442,1.0443481700563373,0.8000000000000003,-0.8,-0.8,8.333333333333334,8.333333333333334,13.88888888888889,2.871054048005459,1.5111111111111137,0.12051935672209613,-2.220446049250313e-16,-0.8,-0.8,8.333333333333334,8.333333333333334
1,0.9,False,0,0.07777777777777735,1.0,1.0,True,13.88888888888889,-3.0698382189329623,-4.044444444444442,0.7674744420725679,0.6999999999999997,-0.9,-0.9,8.333333333333334,8.333333333333334,13.88888888888889,1.4060202083628655,0.400000000000003,-0.014932292727808605,-0.02000000000000024,-0.9,-0.9,8.333333333333334,8.333333333333334
1,1.0,True,1,0.0,1.0,1.0,True,13.88888888888889,-2.6699951997534397,-4.044444444444442,0.8336878013098246,0.6000000000000001,-1.0,-1.0,8.333333333333334,8.333333333333334,13.88888888888889,1.1819280412007744,-0.7111111111111077,0.16457073881495088,0.0,-1.0,-1.0,8.333333333333334,8.333333333333334
1,1.1,True,1,0.0,1.0,1.0,True,13.88888888888889,-3.388155713727225,-4.044444444444442,0.7257622425964647,0.5000000000000004,-1.1,-1.1,8.333333333333334,8.333333333333334,13.88888888888889,-0.4862120433068311,-1.2666666666666613,0.11514441939518427,-0.0499999999999996,-1.1,-1.1,8.333333333333334,8.333333333333334
1,1.2000000000000002,True,1,0.0,1.0,1.0,True,13.88888888888889,-3.900128881402325,-4.044444444444442,0.39205311236676454,0.3999999999999999,-1.2000000000000002,-1.2000000000000002,8.333333333333334,8.333333333333334,13.88888888888889,-1.9213792805668062,-1.8222222222222184,-0.19921317189330767,-0.07999999999999963,-1.2000000000000002,-1.2000000000000002,8.333333333333334,8.333333333333334
1,1.3,True,1,0.0,1.0,1.0,True,13.76238888888889,-0.7375578812369339,-4.057094444444442,0.8936488354213945,0.2999999999999998,-1.3,-1.3,8.333333333333334,8.333333333333334,13.76238888888889,-0.8192552376534641,-2.428377777777775,0.3069249673457888,-0.09000000000000008,-1.3,-1.3,8.333333333333334,8.333333333333334
1,1.4000000000000001,True,1,0.0,1.0,1.0,True,12.623888888888889,-4.2406830608158925,-4.2974444444444435,0.15975529214244055,0.19999999999999973,-1.4000000000000001,-1.4000000000000001,8.333333333333334,8.333333333333334,12.623888888888889,-3.2848799742932266,-3.4393333333333294,-0.037007401702187304,-0.08000000000000007,-1.4000000000000001,-1.4000000000000001,8.333333333333334,8.333333333333334
1,1.5,True,1,0.0,1.0,1.0,True,13.88888888888889,-3.1410589120722063,-4.044444444444442,0.3419057938584653,0.10000000000000009,-1.5,-1.5,8.333333333333334,8.333333333333334,13.88888888888889,-1.7985631550148709,-3.4888888888888845,0.36986246926458355,-0.04999999999999982,-1.5,-1.5,8.333333333333334,8.333333333333334
1,1.6,True,1,0.0,1.0,1.0,True,13.88888888888889,-3.316109914000932,-4.044444444444442,0.21397628694826176,2.220446049250313e-16,-1.6,-1.6,8.333333333333334,8.333333333333334,13.88888888888889,-3.3853757440994245,-3.4888888888888845,-0.06560103724357291,-0.1599999999999997,-1.6,-1.6,8.333333333333334,8.333333333333334
1,1.7000000000000002,True,2,0.0,1.0,1.0,True,12.023888888888889,-1.9055511169052304,-4.241388888888886,0.2623361481706299,-0.2699999999999996,-1.7000000000000002,-1.7000000000000002,8.333333333333334,8.333333333333334,12.023888888888889,-2.7730483071536556,-3.9895555555555573,0.19758258474158907,-0.09999999999999964,-1.7000000000000002,-1.7000000000000002,8.333333333333334,8.333333333333334
2,0.0,False,0,4.0,0.0,0.0,False,13.88888888888889,-1.1259593002036477,-4.111111111111115,1.693887127649107,1.6,0.0,0.0,8.333333333333334,8.333333333333334,,,,,,,,,
2,0.1,False,0,4.0,0.0,0.0,False,13.88888888888889,-3.897643871007019,-4.111111111111115,1.601488573390966,1.4900000000000002,-0.1,-0.1,8.333333333333334,8.333333333333334,13.88888888888889,79.70726285970979,78.84444444444411,0.2788317627754533,-0.00999999999999579,-0.1,-0.1,8.333333333333334,8.333333333333334
2,0.2,False,0,4.0,0.0,0.0,False,13.88888888888889,-3.6378184249727967,-4.111111111111115,1.4191355575965225,1.3800000000000003,-0.2,-0.2,8.333333333333334,8.333333333333334,13.88888888888889,34.33665277886297,34.39999999999981,-0.07035429084742839,-0.019999999999997353,-0.2,-0.2,8.333333333333334,8.333333333333334
2,0.30000000000000004,False,0,3.4333333333333336,0.0,0.0,False,13.88888888888889,-3.5853411859403517,-4.111111111111115,1.2936178847116007,1.27,-0.30000000000000004,-0.30000000000000004,8.333333333333334,8.333333333333334,13.88888888888889,19.519238387718357,19.399999999999952,-0.14935425656257717,-0.020000000000001572,-0.30000000000000004,-0.30000000000000004,8.333333333333334,8.333333333333334
2,0.4,False,0,2.0999999999999996,0.0,0.0,False,13.88888888888889,-2.8311604092213036,-4.111111111111115,0.9965433807234159,1.1600000000000001,-0.4,-0.4,8.333333333333334,8.333333333333334,13.88888888888889,12.4043461596163,11.622222222222181,-0.18167767180213112,-6.661338147750939e-16,-0.4,-0.4,8.333333333333334,8.333333333333334
2,0.5,False,0,1.2999999999999998,0.0,0.0,False,13.88888888888889,-3.706336242861391,-4.111111111111115,1.1362917620075481,1.0500000000000003,-0.5,-0.5,8.333333333333334,8.333333333333334,13.88888888888889,7.116809643415647,7.177777777777746,-0.11199947595274184,0.0,-0.5,-0.5,8.333333333333334,8.333333333333334
2,0.6000000000000001,False,0,0.7666666666666673,0.0,0.0,False,13.88888888888889,-3.9418906514688823,-4.111111111111115,1.0594023133776935,0.94,-0.6000000000000001,-0.6000000000000001,8.333333333333334,8.333333333333334,13.88888888888889,5.390031448539852,4.399999999999985,-0.07153272403292998,-0.019999999999999574,-0.6000000000000001,-0.6000000000000001,8.333333333333334,8.333333333333334
2,0.7000000000000001,False,0,0.38571428571428634,0.0,0.0,False,13.88888888888889,-1.0781061524187363,-4.111111111111115,1.2628615773363836,0.8300000000000001,-0.7000000000000001,-0.7000000000000001,8.333333333333334,8.333333333333334,13.88888888888889,3.9261098008300133,2.177777777777778,0.06192092774713398,-0.009999999999999343,-0.7000000000000001,-0.7000000000000001,8.333333333333334,8.333333333333334
2,0.8,False,0,0.09999999999999953,1.0,1.0,True,13.88888888888889,-2.588801893007454,-4.111111111111115,0.8467484884962415,0.7200000000000002,-0.8,-0.8,8.333333333333334,8.333333333333334,13.88888888888889,2.947095375569913,0.5111111111111137,0.07941182702004213,-2.220446049250313e-16,-0.8,-0.8,8.333333333333334,8.333333333333334
2,0.9,True,1,0.0,1.0,1.0,True,13.88888888888889,-4.2306678234652635,-4.111111111111115,0.6379741246296682,0.6099999999999999,-0.9,-0.9,8.333333333333334,8.333333333333334,13.88888888888889,0.8530902633117217,-0.599999999999997,0.1631046769533353,-0.02000000000000024,-0.9,-0.9,8.333333333333334,8.333333333333334
2,1.0,True,1,0.0,1.0,1.0,True,13.88888888888889,-3.013100465083707,-4.111111111111115,0.6545419898135165,0.5,-1.0,-1.0,8.333333333333334,8.333333333333334,13.88888888888889,-1.864159582621176,-1.7111111111111077,-0.07283660781381252,0.0,-1.0,-1.0,8.333333333333334,8.333333333333334
2,1.1,True,1,0.0,1.0,1.0,True,13.88888888888889,-1.9610418737103492,-4.111111111111115,0.7362065138424487,0.3900000000000001,-1.1,-1.1,8.333333333333334,8.333333333333334,13.88888888888889,-1.410816597793768,-2.2666666666666613,0.19843701160771499,-0.0499999999999996,-1.1,-1.1,8.333333333333334,8.333333333333334
2,1.2000000000000002,True,1,0.0,1.0,1.0,True,13.88888888888889,-4.092044866444211,-4.111111111111115,0.25669189636718226,0.28000000000000025,-1.2000000000000002,-1.2000000000000002,8.333333333333334,8.333333333333334,13.88888888888889,-2.052875846146697,-2.8222222222222184,0.29290057996908736,-0.07999999999999963,-1.2000000000000002,-1.2000000000000002,8.333333333333334,8.333333333333334
2,1.3,True,1,0.0,1.0,1.0,True,13.50938888888889,-3.0713458806279084,-4.059833333333329,0.13823149829353598,0.039999999999999813,-1.3,-1.3,8.333333333333334,8.333333333333334,13.50938888888889,-1.7775818851498686,-3.5422277777777778,0.2715420165846032,-0.09000000000000008,-1.3,-1.3,8.333333333333334,8.333333333333334
2,1.4000000000000001,True,2,0.0,1.0,1.0,True,12.623888888888889,-0.13228668096265128,-4.249216666666668,0.6033178189023869,-0.08000000000000007,-1.4000000000000001,-1.4000000000000001,8.333333333333334,8.333333333333334,12.623888888888889,-0.13228668096265128,-4.249216666666668,0.6033178189023869,-0.08000000000000007,-1.4000000000000001,-1.4000000000000001,8.333333333333334,8.333333333333334
2,1.5,True,2,0.0,1.0,1.0,True,12.023888888888889,-2.3010867154516097,-4.155577777777775,0.0397100077495407,-0.34999999999999987,-1.5,-1.5,8.333333333333334,8.333333333333334,12.623888888888889,-3.58785002225478,-3.7063111111111118,-0.047260813618730246,-0.04999999999999982,-1.5,-1.5,8.333333333333334,8.333333333333334
2,1.6,True,2,0.0,1.0,1.0,True,12.023888888888889,-1.9174631061735505,-4.223222222222222,0.007008605243393307,-0.48,-1.6,-1.6,8.333333333333334,8.333333333333334,12.023888888888889,-2.485407712243574,-3.485111111111112,0.346812495991363,-0.1599999999999997,-1.6,-1.6,8.333333333333334,8.333333333333334
2,1.7000000000000002,True,2,0.0,1.0,1.0,True,11.42388888888889,-2.640728886929945,-4.2477222222222215,-0.6557091988956514,-0.7799999999999994,-1.7000000000000002,-1.7000000000000002,8.333333333333334,8.333333333333334,12.023888888888889,-2.815613615744746,-3.1160555555555574,-0.19503905142695466,-0.09999999999999964,-1.7000000000000002,-1.7000000000000002,8.333333333333334,8.333333333333334
3,0.0,False,0,4.0,0.0,0.0,False,13.88888888888889,-3.360322590927928,-4.222222222222224,1.7197377199793098,1.6,0.0,0.0,8.333333333333334,8.333333333333334,,,,,,,,,
3,0.1,False,0,4.0,0.0,0.0,False,13.88888888888889,-3.5054535231249835,-4.222222222222224,1.781665268575383,1.4700000000000002,-0.1,-0.1,8.333333333333334,8.333333333333334,13.88888888888889,78.47120548690354,77.84444444444411,0.06369167192280734,-0.00999999999999579,-0.1,-0.1,8.333333333333334,8.333333333333334
3,0.2,False,0,4.0,0.0,0.0,False,13.88888888888889,-1.1813013229909002,-4.222222222222224,1.7330327448764957,1.3400000000000003,-0.2,-0.2,8.333333333333334,8.333333333333334,13.88888888888889,34.33445725432695,33.39999999999981,-0.31274217413643024,-0.019999999999997353,-0.2,-0.2,8.333333333333334,8.333333333333334
3,0.30000000000000004,False,0,3.3333333333333344,0.0,0.0,False,13.88888888888889,-3.6231302019365783,-4.222222222222224,1.4582400116649405,1.21,-0.30000000000000004,-0.30000000000000004,8.333333333333334,8.333333333333334,13.88888888888889,18.769123704633106,18.399999999999952,0.13319020179837748,-0.020000000000001572,-0.30000000000000004,-0.30000000000000004,8.333333333333334,8.333333333333334
3,0.4,False,0,1.9999999999999996,0.0,0.0,False,13.88888888888889,-1.4297645503184624,-4.222222222222224,1.4210902382249988,1.08,-0.4,-0.4,8.333333333333334,8.333333333333334,13.88888888888889,11.410363748645832,10.622222222222181,-0.041957159400467736,-6.661338147750939e-16,-0.4,-0.4,8.333333333333334,8.333333333333334
3,0.5,False,0,1.2000000000000002,0.0,0.0,False,13.88888888888889,-2.831730317211142,-4.222222222222224,1.0734241271419291,0.9500000000000002,-0.5,-0.5,8.333333333333334,8.333333333333334,13.88888888888889,8.106040979990087,6.177777777777746,0.12612313019886479,0.0,-0.5,-0.5,8.333333333333334,8.333333333333334
3,0.6000000000000001,False,0,0.6666666666666672,0.0,0.0,False,13.88888888888889,-4.1640192727849366,-4.222222222222224,0.7894556695455832,0.8200000000000003,-0.6000000000000001,-0.6000000000000001,8.333333333333334,8.333333333333334,13.88888888888889,5.094678464783628,3.3999999999999853,0.221740796123715,-0.019999999999999574,-0.6000000000000001,-0.6000000000000001,8.333333333333334,8.333333333333334
3,0.7000000000000001,False,0,0.2857142857142866,0.0,0.0,False,13.88888888888889,-3.7217128070755434,-4.222222222222224,0.7619650406064675,0.69,-0.7000000000000001,-0.7000000000000001,8.333333333333334,8.333333333333334,13.88888888888889,3.757951204314563,1.177777777777778,0.1509581941002951,-0.009999999999999343,-0.7000000000000001,-0.7000000000000001,8.333333333333334,8.333333333333334
3,0.8,True,1,0.0,1.0,1.0,True,13.88888888888889,-2.572017653298693,-4.222222222222224,0.6129575033829808,0.56,-0.8,-0.8,8.333333333333334,8.333333333333334,13.88888888888889,0.3931301747065108,-0.48888888888888626,-0.0412420252402379,-2.220446049250313e-16,-0.8,-0.8,8.333333333333334,8.333333333333334
3,0.9,True,1,0.0,1.0,1.0,True,13.88888888888889,-3.387072762346018,-4.222222222222224,0.41792680180704744,0.4299999999999997,-0.9,-0.9,8.333333333333334,8.333333333333334,13.88888888888889,-0.8741050683983422,-1.599999999999997,0.19644929253419852,-0.02000000000000024,-0.9,-0.9,8.333333333333334,8.333333333333334
3,1.0,True,1,0.0,1.0,1.0,True,13.50938888888889,-1.8407531161558,-4.171622222222228,0.3990013596265918,0.30000000000000027,-1.0,-1.0,8.333333333333334,8.333333333333334,13.50938888888889,-1.1606950247117238,-2.8755611111110992,0.19019784206206802,0.0,-1.0,-1.0,8.333333333333334,8.333333333333334
3,1.1,True,1,0.0,1.0,1.0,True,12.623888888888889,-3.6843857092752783,-4.22702222222222,0.018619981817745268,0.0600000000000005,-1.1,-1.1,8.333333333333334,8.333333333333334,12.623888888888889,-1.6305289087664283,-3.797966666666663,0.12566150988687896,-0.0499999999999996,-1.1,-1.1,8.333333333333334,8.333333333333334
3,1.2000000000000002,True,2,0.0,1.0,1.0,True,10.82388888888889,-2.3473236366611614,-4.19405555555555,-0.2796117559814886,-0.4399999999999995,-1.2000000000000002,-1.2000000000000002,8.333333333333334,8.333333333333334,10.82388888888889,-3.1377029238749072,-3.6587777777777815,0.1948336910102837,-0.07999999999999963,-1.2000000000000002,-1.2000000000000002,8.333333333333334,8.333333333333334
3,1.3,True,2,0.0,1.0,1.0,True,12.623888888888889,-4.002212083699567,-4.145277777777781,-0.05991782662084688,-0.2200000000000002,-1.3,-1.3,8.333333333333334,8.333333333333334,12.623888888888889,-4.183394672770766,-3.716222222222224,0.3068112098193674,-0.09000000000000008,-1.3,-1.3,8.333333333333334,8.333333333333334
3,1.4000000000000001,True,2,0.0,1.0,1.0,True,11.42388888888889,-4.2312071178476875,-4.2125111111111115,-0.48838590820855354,-0.6399999999999992,-1.4000000000000001,-1.4000000000000001,8.333333333333334,8.333333333333334,12.023888888888889,-4.0029778599550125,-3.151266666666671,0.11320730605407459,-0.08000000000000007,-1.4000000000000001,-1.4000000000000001,8.333333333333334,8.333333333333334
3,1.5,True,2,0.0,1.0,1.0,True,13.129888888888889,-1.6118683320448026,-4.176422222222221,-0.11933010204069161,-0.5,-1.5,-1.5,8.333333333333334,8.333333333333334,13.129888888888889,-2.403980750274898,-2.9846111111111133,0.7558440189600009,-0.04999999999999982,-1.5,-1.5,8.333333333333334,8.333333333333334
3,1.6,True,2,0.0,1.0,1.0,True,8.423888888888891,-2.795239424393297,-2.9201111111111038,-1.4469501781553307,-1.6000000000000005,-1.6,-1.6,8.333333333333334,8.333333333333334,11.42388888888889,-3.9394346545809737,-2.1786111111111106,0.30160230645560837,-0.1599999999999997,-1.6,-1.6,8.333333333333334,8.333333333333334
3,1.7000000000000002,True,2,0.0,1.0,1.0,True,10.22388888888889,-2.660982506325108,-4.257050000000006,-1.1110289499753772,-1.459999999999999,-1.7000000000000002,-1.7000000000000002,8.333333333333334,8.333333333333334,12.623888888888889,-2.1818215344260503,-2.2646055555555575,-0.24543924186297872,-0.09999999999999964,-1.7000000000000002,-1.7000000000000002,8.333333333333334,8.333333333333334
4,0.0,False,0,4.0,0.0,0.0,False,13.88888888888889,-3.3186504817712033,-4.266666666666661,1.585470752031425,1.6,0.0,0.0,8.333333333333334,8.333333333333334,,,,,,,,,
4,0.1,False,0,4.0,0.0,0.0,False,13.88888888888889,-1.9210418877742468,-4.266666666666661,1.7403098347377628,1.4500000000000002,-0.1,-0.1,8.333333333333334,8.333333333333334,13.88888888888889,78.67191885664018,76.84444444444411,0.10621988388222858,-0.00999999999999579,-0.1,-0.1,8.333333333333334,8.333333333333334
4,0.2,False,0,4.0,0.0,0.0,False,13.88888888888889,-2.4092902687972026,-4.266666666666661,1.445403251707289,1.3000000000000003,-0.2,-0.2,8.333333333333334,8.333333333333334,13.88888888888889,35.262654868484134,32.39999999999981,-0.18141351329666988,-0.019999999999997353,-0.2,-0.2,8.333333333333334,8.333333333333334
4,0.30000000000000004,False,0,3.133333333333334,0.0,0.0,False,13.88888888888889,-2.7188632987450516,-4.266666666666661,1.2608830667451643,1.1500000000000004,-0.30000000000000004,-0.30000000000000004,8.333333333333334,8.333333333333334,13.88888888888889,19.27001382300497,17.399999999999945,-0.1270373614081255,-0.020000000000001572,-0.30000000000000004,-0.30000000000000004,8.333333333333334,8.333333333333334
4,0.4,False,0,1.7999999999999994,0.0,0.0,False,13.88888888888889,-2.555873991256095,-4.266666666666661,0.928094480366783,1.0,-0.4,-0.4,8.333333333333334,8.333333333333334,13.88888888888889,11.35647337989943,9.622222222222181,0.009556972994058555,-6.661338147750939e-16,-0.4,-0.4,8.333333333333334,8.333333333333334
4,0.5,False,0,1.0,0.0,0.0,False,13.88888888888889,-2.7622299665657577,-4.266666666666661,0.969745681425703,0.8500000000000001,-0.5,-0.5,8.333333333333334,8.333333333333334,13.88888888888889,5.942354301739333,5.177777777777746,0.06050406523279861,0.0,-0.5,-0.5,8.333333333333334,8.333333333333334
4,0.6000000000000001,False,0,0.46666666666666773,0.0,0.0,False,13.88888888888889,-2.6966389795247485,-4.266666666666661,0.6438800324980698,0.7000000000000002,-0.6000000000000001,-0.6000000000000001,8.333333333333334,8.333333333333334,13.88888888888889,2.232247871576221,2.3999999999999853,0.21368619214604623,-0.019999999999999574,-0.6000000000000001,-0.6000000000000001,8.333333333333334,8.333333333333334
4,0.7000000000000001,False,0,0.08571428571428673,1.0,1.0,True,13.88888888888889,-4.081942926168778,-4.266666666666661,0.7241546868225015,0.5500000000000003,-0.7000000000000001,-0.7000000000000001,8.333333333333334,8.333333333333334,13.88888888888889,0.6928069057033648,0.17777777777777803,0.09679894090454244,-0.009999999999999343,-0.7000000000000001,-0.7000000000000001,8.333333333333334,8.333333333333334
4,0.8,True,1,0.0,1.0,1.0,True,13.76238888888889,-3.5854036238403912,-4.291966666666663,0.5481263963408969,0.3999999999999999,-0.8,-0.8,8.333333333333334,8.333333333333334,13.76238888888889,-0.6894257763137466,-1.5774388888888913,0.21698922263254827,-2.220446049250313e-16,-0.8,-0.8,8.333333333333334,8.333333333333334
4,0.9,True,1,0.0,1.0,1.0,True,13.88888888888889,-3.4145504785686276,-4.266666666666661,0.26429125909619033,0.24999999999999956,-0.9,-0.9,8.333333333333334,8.333333333333334,13.88888888888889,-0.8837344871920356,-2.599999999999997,0.30016428590276956,-0.02000000000000024,-0.9,-0.9,8.333333333333334,8.333333333333334
4,1.0,True,1,0.0,1.0,1.0,True,13.129888888888889,-3.1035578916196895,-4.06531111111111,0.12156579968154624,0.0,-1.0,-1.0,8.333333333333334,8.333333333333334,13.129888888888889,-3.1035578916196895,-4.06531111111111,0.12156579968154624,0.0,-1.0,-1.0,8.333333333333334,8.333333333333334
4,1.1,True,2,0.0,1.0,1.0,True,9.62388888888889,-2.5954135154569853,-4.28416666666667,-0.8332516923136675,-1.040000000000001,-1.1,-1.1,8.333333333333334,8.333333333333334,10.22388888888889,-3.9409225277390325,-2.9743333333333366,0.09546902077015806,-0.0499999999999996,-1.1,-1.1,8.333333333333334,8.333333333333334
4,1.2000000000000002,True,2,0.0,1.0,1.0,True,8.423888888888891,-3.3194242480856273,-2.199444444444441,-0.445506542620679,-0.4399999999999995,-1.2000000000000002,-1.2000000000000002,8.333333333333334,8.333333333333334,9.62388888888889,-4.1744073399707835,-1.9922777777777787,0.27360808605952647,-0.07999999999999963,-1.2000000000000002,-1.2000000000000002,8.333333333333334,8.333333333333334
4,1.3,True,2,0.0,1.0,1.0,True,10.22388888888889,-2.3922964967985143,-4.260388888888879,-0.6826280437423182,-1.0000000000000004,-1.3,-1.3,8.333333333333334,8.333333333333334,12.023888888888889,-4.281764224883083,-2.5962222222222264,0.45535106656076474,-0.09000000000000008,-1.3,-1.3,8.333333333333334,8.333333333333334
4,1.4000000000000001,True,2,0.0,1.0,1.0,True,12.023888888888889,-2.0368607509318464,-4.1165444444444494,-0.29086671080860294,-0.7799999999999994,-1.4000000000000001,-1.4000000000000001,8.333333333333334,8.333333333333334,12.623888888888889,-3.8381765701025943,-2.2112666666666696,0.3842867764424893,-0.08000000000000007,-1.4000000000000001,-1.4000000000000001,8.333333333333334,8.333333333333334
4,1.5,True,2,0.0,1.0,1.0,True,8.423888888888891,-4.216769082313916,-2.5085000000000006,-0.9475430252163207,-1.1,-1.5,-1.5,8.333333333333334,8.333333333333334,12.023888888888889,-3.2315347169613196,-1.4851111111111086,0.26828728797281487,-0.04999999999999982,-1.5,-1.5,8.333333333333334,8.333333333333334
4,1.6,True,2,0.0,1.0,1.0,True,8.423888888888891,-2.812680802542036,-2.070388888888888,-0.8520053222850528,-0.9600000000000004,-1.6,-1.6,8.333333333333334,8.333333333333334,11.42388888888889,-3.038242631932923,-1.425111111111108,0.4006167233369178,-0.1599999999999997,-1.6,-1.6,8.333333333333334,8.333333333333334
4,1.7000000000000002,True,2,0.0,1.0,1.0,True,8.423888888888891,-1.427354040092637,-1.5838888888888922,-1.0951926653813695,-1.1199999999999992,-1.7000000000000002,-1.7000000000000002,8.333333333333334,8.333333333333334,11.42388888888889,-3.2332431140125726,-0.8695555555555563,0.3301625213998127,-0.09999999999999964,-1.7000000000000002,-1.7000000000000002,8.333333333333334,8.333333333333334
5,0.0,False,0,4.0,0.0,0.0,False,13.88888888888889,-3.4724446128135,-4.155555555555554,1.6962002114424792,1.6,0.0,0.0,8.333333333333334,8.333333333333334,,,,,,,,,
5,0.1,False,0,4.0,0.0,0.0,False,13.88888888888889,-2.311799871628806,-4.155555555555554,1.4965827860396637,1.4300000000000002,-0.1,-0.1,8.333333333333334,8.333333333333334,13.88888888888889,78.33566767494862,75.84444444444411,0.10746555768329458,-0.00999999999999579,-0.1,-0.1,8.333333333333334,8.333333333333334
5,0.2,False,0,4.0,0.0,0.0,False,13.88888888888889,-4.171997204450856,-4.155555555555554,1.295957328436883,1.2600000000000002,-0.2,-0.2,8.333333333333334,8.333333333333334,13.88888888888889,33.005469314756624,31.399999999999803,-0.12903711931566342,-0.019999999999997353,-0.2,-0.2,8.333333333333334,8.333333333333334
5,0.30000000000000004,False,0,2.933333333333334,0.0,0.0,False,13.88888888888889,-4.1805176808643045,-4.155555555555554,1.0310710037084436,1.0900000000000003,-0.30000000000000004,-0.30000000000000004,8.333333333333334,8.333333333333334,13.88888888888889,17.95177181422422,16.399999999999945,0.03666440954707517,-0.020000000000001572,-0.30000000000000004,-0.30000000000000004,8.333333333333334,8.333333333333334
5,0.4,False,0,1.5999999999999992,0.0,0.0,False,13.88888888888889,-1.8157945526377963,-4.155555555555554,0.8992176153826379,0.9199999999999999,-0.4,-0.4,8.333333333333334,8.333333333333334,13.88888888888889,10.361619658609381,8.622222222222181,0.26356847654262117,-6.661338147750939e-16,-0.4,-0.4,8.333333333333334,8.333333333333334
5,0.5,False,0,0.7999999999999998,1.0,1.0,True,13.88888888888889,-2.251640567735854,-4.155555555555554,0.7929556446167614,0.75,-0.5,-0.5,8.333333333333334,8.333333333333334,13.88888888888889,5.153735304597309,4.177777777777746,0.3024495944790804,0.0,-0.5,-0.5,8.333333333333334,8.333333333333334
5,0.6000000000000001,False,0,0.2666666666666676,1.0,1.0,True,13.88888888888889,-2.748863234384678,-4.155555555555554,0.786186987265129,0.5800000000000005,-0.6000000000000001,-0.6000000000000001,8.333333333333334,8.333333333333334,13.88888888888889,1.3170245680601846,1.3999999999999853,-0.013772626589138692,-0.019999999999999574,-0.6000000000000001,-0.6000000000000001,8.333333333333334,8.333333333333334
5,0.7000000000000001,True,1,0.0,1.0,1.0,True,13.50938888888889,-3.3189035308368764,-4.2694055555555535,0.48142374119769427,0.4100000000000006,-0.7000000000000001,-0.7000000000000001,8.333333333333334,8.333333333333334,13.50938888888889,1.9596739068950741,-1.1637722222222129,0.36808929616815744,-0.009999999999999343,-0.7000000000000001,-0.7000000000000001,8.333333333333334,8.333333333333334
5,0.8,True,1,0.0,1.0,1.0,True,13.88888888888889,-2.1999906349230143,-4.155555555555554,0.5132569152360809,0.23999999999999977,-0.8,-0.8,8.333333333333334,8.333333333333334,13.88888888888889,-2.3775360848553744,-2.4888888888888863,-0.08975457343135673,-2.220446049250313e-16,-0.8,-0.8,8.333333333333334,8.333333333333334
5,0.9,True,2,0.0,1.0,1.0,True,8.423888888888891,-2.802347380768224,-2.913461111111114,-0.16119738278390994,-0.19999999999999996,-0.9,-0.9,8.333333333333334,8.333333333333334,9.62388888888889,-2.850126196103285,-2.8353500000000045,-0.1410442647979664,-0.02000000000000024,-0.9,-0.9,8.333333333333334,8.333333333333334
5,1.0,True,2,0.0,1.0,1.0,True,8.423888888888891,-3.2338618140890203,-2.7067777777777726,-0.8725614544165565,-0.6999999999999997,-1.0,-1.0,8.333333333333334,8.333333333333334,10.22388888888889,-3.9550413724888775,-2.3433888888888914,-0.046638313156319944,0.0,-1.0,-1.0,8.333333333333334,8.333333333333334
5,1.1,True,2,0.0,1.0,1.0,True,8.423888888888891,-2.3726804993579576,-1.6259444444444382,-0.15081107286174533,-0.2699999999999998,-1.1,-1.1,8.333333333333334,8.333333333333334,9.62388888888889,-2.385168734258367,-1.5478333333333323,0.09368035470776515,-0.0499999999999996,-1.1,-1.1,8.333333333333334,8.333333333333334
5,1.2000000000000002,True,2,0.0,1.0,1.0,True,8.423888888888891,-2.5820999857897595,-1.6259444444444382,-0.34973788962040997,-0.4399999999999995,-1.2000000000000002,-1.2000000000000002,8.333333333333334,8.333333333333334,10.22388888888889,-2.08499204906554,-1.418777777777776,-0.1413909125469892,-0.07999999999999963,-1.2000000000000002,-1.2000000000000002,8.333333333333334,8.333333333333334
5,1.3,True,2,0.0,1.0,1.0,True,8.423888888888891,-2.63896421342445,-1.6949999999999958,-0.8622126088891786,-0.7400000000000007,-1.3,-1.3,8.333333333333334,8.333333333333334,10.82388888888889,-2.7937571825390277,-1.2297222222222208,0.10773447658157753,-0.09000000000000008,-1.3,-1.3,8.333333333333334,8.333333333333334
5,1.4000000000000001,True,2,0.0,1.0,1.0,True,8.423888888888891,-3.372363395942716,-1.6259444444444382,-0.45651990205361037,-0.7799999999999994,-1.4000000000000001,-1.4000000000000001,8.333333333333334,8.333333333333334,11.42388888888889,-1.5099328305907642,-0.9806666666666688,0.020287814546124494,-0.08000000000000007,-1.4000000000000001,-1.4000000000000001,8.333333333333334,8.333333333333334
5,1.5,True,2,0.0,1.0,1.0,True,8.423888888888891,-3.3950020869228146,-1.6259444444444382,-0.6949468544020929,-0.9499999999999997,-1.5,-1.5,8.333333333333334,8.333333333333334,12.023888888888889,-0.7347523936365947,-0.6716111111111092,-0.09067558397360886,-0.04999999999999982,-1.5,-1.5,8.333333333333334,8.333333333333334
5,1.6,True,2,0.0,1.0,1.0,True,8.423888888888891,-1.172005273671739,-0.5148333333333346,-0.5759256374932888,-0.8000000000000003,-1.6,-1.6,8.333333333333334,8.333333333333334,10.82388888888889,-0.9481851635748635,-0.11861111111110834,-0.03368268384819073,-0.1599999999999997,-1.6,-1.6,8.333333333333334,8.333333333333334
5,1.7000000000000002,True,2,0.0,1.0,1.0,True,8.423888888888891,-2.5906373533040954,-1.0703888888888882,-0.6900342294760875,-1.1199999999999992,-1.7000000000000002,-1.7000000000000002,8.333333333333334,8.333333333333334,12.023888888888889,-2.4305359688060735,-0.11605555555555735,0.2715759857704585,-0.09999999999999964,-1.7000000000000002,-1.7000000000000002,8.333333333333334,8.333333333333334
6,0.0,False,0,4.0,0.0,0.0,False,13.88888888888889,-3.195776768716576,-4.04444444444444,1.675414400540808,1.6,0.0,0.0,8.333333333333334,8.333333333333334,,,,,,,,,
6,0.1,False,0,4.0,0.0,0.0,False,13.88888888888889,-2.8567092499197697,-4.04444444444444,1.3603806387601534,1.4100000000000001,-0.1,-0.1,8.333333333333334,8.333333333333334,13.88888888888889,74.9105649702599,74.84444444444411,0.13866961066165695,-0.00999999999999579,-0.1,-0.1,8.333333333333334,8.333333333333334
6,0.2,False,0,4.0,0.0,0.0,False,13.88888888888889,-3.152048179097366,-4.04444444444444,1.21913580811517,1.2200000000000002,-0.2,-0.2,8.333333333333334,8.333333333333334,13.88888888888889,31.178112817409552,30.399999999999803,-0.1313792637640605,-0.019999999999997353,-0.2,-0.2,8.333333333333334,8.333333333333334
6,0.30000000000000004,False,0,2.733333333333334,0.0,0.0,False,13.88888888888889,-2.446170244389612,-4.04444444444444,1.006289563783155,1.0300000000000002,-0.30000000000000004,-0.30000000000000004,8.333333333333334,8.333333333333334,13.88888888888889,17.197496257373256,15.399999999999945,-0.0003742805875921462,-0.020000000000001572,-0.30000000000000004,-0.30000000000000004,8.333333333333334,8.333333333333334
6,0.4,False,0,1.399999999999999,0.0,0.0,False,13.88888888888889,-4.00162820966577,-4.04444444444444,0.8267473316040896,0.8399999999999999,-0.4,-0.4,8.333333333333334,8.333333333333334,13.88888888888889,9.435951564652346,7.622222222222182,0.07501133604484633,-6.661338147750939e-16,-0.4,-0.4,8.333333333333334,8.333333333333334
6,0.5,False,0,0.6000000000000005,0.0,0.0,False,13.88888888888889,-1.4091321925776432,-4.04444444444444,0.6926881301525789,0.6499999999999999,-0.5,-0.5,8.333333333333334,8.333333333333334,13.88888888888889,4.160139073678626,3.177777777777746,-0.037777986832772115,0.0,-0.5,-0.5,8.333333333333334,8.333333333333334
6,0.6000000000000001,False,0,0.06666666666666783,1.0,1.0,True,13.88888888888889,-2.5856584364212365,-4.04444444444444,0.3080214511171371,0.4600000000000004,-0.6000000000000001,-0.6000000000000001,8.333333333333334,8.333333333333334,13.88888888888889,1.4557957055687512,0.3999999999999817,0.1350771206538246,-0.019999999999999574,-0.6000000000000001,-0.6000000000000001,8.333333333333334,8.333333333333334
6,0.7000000000000001,True,1,0.0,1.0,1.0,True,12.023888888888889,-2.3604419093587614,-4.181388888888889,-0.044837831778152815,0.20000000000000062,-0.7000000000000001,-0.7000000000000001,8.333333333333334,8.333333333333334,12.023888888888889,-2.1209364652183593,-3.074222222222221,0.17878940449905611,-0.009999999999999343,-0.7000000000000001,-0.7000000000000001,8.333333333333334,8.333333333333334
6,0.8,True,2,0.0,1.0,1.0,True,8.423888888888891,-2.8198156605128046,-2.81927222222222,-0.2350264824741375,-0.16000000000000036,-0.8,-0.8,8.333333333333334,8.333333333333334,9.02388888888889,-4.273622089238123,-2.8011611111111128,0.11023141761658017,-2.220446049250313e-16,-0.8,-0.8,8.333333333333334,8.333333333333334
6,0.9,True,2,0.0,1.0,1.0,True,8.423888888888891,-3.797549729008888,-2.2926111111111096,-0.19092365712031056,-0.19999999999999996,-0.9,-0.9,8.333333333333334,8.333333333333334,9.62388888888889,-2.282892899235832,-2.2145,-0.23478341102485345,-0.02000000000000024,-0.9,-0.9,8.333333333333334,8.333333333333334
6,1.0,True,2,0.0,1.0,1.0,True,8.423888888888891,-1.6311249348678052,-1.7370555555555596,-0.31309546150300505,-0.2999999999999998,-1.0,-1.0,8.333333333333334,8.333333333333334,10.22388888888889,-3.24508068076135,-1.5298888888888937,0.13134637670456417,0.0,-1.0,-1.0,8.333333333333334,8.333333333333334
6,1.1,True,2,0.0,1.0,1.0,True,8.423888888888891,-1.7027722360818514,-0.8240555555555522,-0.26920921035769285,-0.4900000000000002,-1.1,-1.1,8.333333333333334,8.333333333333334,9.62388888888889,-3.9923237807738117,-0.5478333333333323,0.4169500948026936,-0.0499999999999996,-1.1,-1.1,8.333333333333334,8.333333333333334
6,1.2000000000000002,True,2,0.0,1.0,1.0,True,8.423888888888891,-0.8274817318862544,-0.07038888888888817,-0.2722548383628338,-0.3199999999999994,-1.2000000000000002,-1.2000000000000002,8.333333333333334,8.333333333333334,9.62388888888889,-2.4775647508432774,0.007722222222221298,0.21110250437255784,-0.07999999999999963,-1.2000000000000002,-1.2000000000000002,8.333333333333334,8.333333333333334
6,1.3,True,2,0.0,1.0,1.0,True,8.423888888888891,-1.9811902598018447,-1.1905555555555543,-0.7128886193507114,-0.8700000000000006,-1.3,-1.3,8.333333333333334,8.333333333333334,11.42388888888889,-3.2143762542788386,-0.5362222222222242,0.14261830212153948,-0.09000000000000008,-1.3,-1.3,8.333333333333334,8.333333333333334
6,1.4000000000000001,True,2,0.0,1.0,1.0,True,8.69738888888889,-0.5125943657131335,-0.17243888888889014,-0.5231297804551776,-0.6399999999999992,-1.4000000000000001,-1.4000000000000001,8.333333333333334,8.333333333333334,10.82388888888889,0.5231437252526652,0.325833333333331,-0.3032216002440997,-0.08000000000000007,-1.4000000000000001,-1.4000000000000001,8.333333333333334,8.333333333333334
6,1.5,True,2,0.0,1.0,1.0,True,8.423888888888891,-3.438376385365145,-1.1905555555555543,-0.8509537031462244,-1.25,-1.5,-1.5,8.333333333333334,8.333333333333334,12.623888888888889,-1.485836112636295,0.14188888888889029,0.17277102572786163,-0.04999999999999982,-1.5,-1.5,8.333333333333334,8.333333333333334
6,1.6,True,2,0.0,1.0,1.0,True,8.423888888888891,-1.7691127673382487,-0.6259444444444382,-0.7554266588568015,-1.1200000000000006,-1.6,-1.6,8.333333333333334,8.333333333333334,12.023888888888889,-0.5309031917093323,0.32838888888889084,0.011779673540403435,-0.1599999999999997,-1.6,-1.6,8.333333333333334,8.333333333333334
6,1.7000000000000002,False,0,0.5405840734607856,1.0,1.0,True,8.697388888888888,-0.04821199808872745,0.8296166666666602,-0.7934191529404269,-0.9499999999999993,-1.7000000000000002,-1.7000000000000002,8.333333333333334,8.333333333333334,10.82388888888889,1.428322390030579,1.4369444444444417,0.010741994473801642,-0.09999999999999964,-1.7000000000000002,-1.7000000000000002,8.333333333333334,8.333333333333334
7,0.0,False,0,4.0,0.0,0.0,False,13.88888888888889,-2.9390625126612937,-4.111111111111113,1.5318255811768822,1.6,0.0,0.0,8.333333333333334,8.333333333333334,,,,,,,,,
7,0.1,False,0,4.0,0.0,0.0,False,13.88888888888889,-3.5749483632052828,-4.111111111111113,1.4427327988300473,1.4,-0.1,-0.1,8.333333333333334,8.333333333333334,13.88888888888889,75.54541484072625,73.84444444444411,-0.1832341140949858,-0.00999999999999579,-0.1,-0.1,8.333333333333334,8.333333333333334
7,0.2,False,0,4.0,0.0,0.0,False,13.88888888888889,-2.70547355271676,-4.111111111111113,1.2276274149392852,1.2000000000000002,-0.2,-0.2,8.333333333333334,8.333333333333334,13.88888888888889,32.63880327806153,29.399999999999803,0.006663221403614861,-0.019999999999997353,-0.2,-0.2,8.333333333333334,8.333333333333334
7,0.30000000000000004,False,0,2.5333333333333337,0.0,0.0,False,13.88888888888889,-3.4686204949433224,-4.111111111111113,1.2809834466754295,1.0000000000000004,-0.30000000000000004,-0.30000000000000004,8.333333333333334,8.333333333333334,13.88888888888889,14.739662468342726,14.399999999999945,0.044257102122878145,-0.020000000000001572,-0.30000000000000004,-0.30000000000000004,8.333333333333334,8.333333333333334
7,0.4,False,0,1.1999999999999988,0.0,0.0,False,13.88888888888889,-3.5695789297848775,-4.111111111111113,0.6753037925170986,0.7999999999999998,-0.4,-0.4,8.333333333333334,8.333333333333334,13.88888888888889,7.529763814340744,6.622222222222182,-0.08364804765391498,-6.661338147750939e-16,-0.4,-0.4,8.333333333333334,8.333333333333334
7,0.5,False,0,0.40000000000000036,0.0,0.0,False,13.88888888888889,-3.7262871005851492,-4.111111111111113,0.6536137985980157,0.6000000000000001,-0.5,-0.5,8.333333333333334,8.333333333333334,13.88888888888889,2.757681425556169,2.177777777777746,0.1028803792477917,0.0,-0.5,-0.5,8.333333333333334,8.333333333333334
7,0.6000000000000001,True,1,0.0,1.0,1.0,True,13.88888888888889,-2.079521015696179,-4.111111111111113,0.5214035495774465,0.40000000000000036,-0.6000000000000001,-0.6000000000000001,8.333333333333334,8.333333333333334,13.88888888888889,0.18610148739345522,-0.6000000000000183,0.014195693471235726,-0.019999999999999574,-0.6000000000000001,-0.6000000000000001,8.333333333333334,8.333333333333334
7,0.7000000000000001,True,2,0.0,1.0,1.0,True,8.423888888888891,-3.4442358317749067,-2.4727777777777815,-0.04725731003543432,-0.009999999999999343,-0.7000000000000001,-0.7000000000000001,8.333333333333334,8.333333333333334,8.423888888888891,-3.4442358317749067,-2.4727777777777815,-0.04725731003543432,-0.009999999999999343,-0.7000000000000001,-0.7000000000000001,8.333333333333334,8.333333333333334
7,0.8,True,2,0.0,1.0,1.0,True,8.423888888888891,-1.8971691446198475,-1.8481666666666667,0.10120760482809388,-0.0800000000000003,-0.8,-0.8,8.333333333333334,8.333333333333334,9.02388888888889,-3.378391840056458,-1.839111111111115,0.10352798267899965,-2.220446049250313e-16,-0.8,-0.8,8.333333333333334,8.333333333333334
7,0.9,True,2,0.0,1.0,1.0,True,8.423888888888891,-1.1541152040121174,-1.2926111111111096,-0.16776028243752705,-0.19999999999999996,-0.9,-0.9,8.333333333333334,8.333333333333334,9.62388888888889,-2.8262030820812667,-1.2145000000000001,0.10953079246149944,-0.02000000000000024,-0.9,-0.9,8.333333333333334,8.333333333333334
7,1.0,True,2,0.0,1.0,1.0,True,8.423888888888891,-1.5226829488888276,-0.7370555555555596,-0.3997224309203038,-0.2999999999999998,-1.0,-1.0,8.333333333333334,8.333333333333334,10.22388888888889,-2.106108035446339,-0.5298888888888937,-0.1414446022074729,0.0,-1.0,-1.0,8.333333333333334,8.333333333333334
7,1.1,False,0,0.28993663809168935,1.0,1.0,True,8.370888888888889,-0.3446636118309909,0.2756000000000052,-0.3707066399150889,-0.3799999999999999,-1.1,-1.1,8.333333333333334,8.333333333333334,9.82388888888889,-0.45304730968456663,0.43216666666666814,0.054892262740289466,-0.0499999999999996,-1.1,-1.1,8.333333333333334,8.333333333333334
7,1.2000000000000002,True,2,0.0,1.0,1.0,True,8.423888888888891,-1.2295657516455831,-0.18149999999999888,-0.4952498021547469,-0.5599999999999992,-1.2000000000000002,-1.2000000000000002,8.333333333333334,8.333333333333334,10.82388888888889,-2.267848924585283,0.21472222222221848,0.6692577489149469,-0.07999999999999963,-1.2000000000000002,-1.2000000000000002,8.333333333333334,8.333333333333334
7,1.3,True,2,0.0,1.0,1.0,True,8.423888888888891,-1.0599508242837805,-0.18149999999999888,-0.5010308758545616,-0.7400000000000007,-1.3,-1.3,8.333333333333334,8.333333333333334,11.42388888888889,-0.60402288598761,0.46377777777777585,0.2569807355289133,-0.09000000000000008,-1.3,-1.3,8.333333333333334,8.333333333333334
7,1.4000000000000001,False,0,0.5095811612439342,1.0,1.0,True,8.897388888888889,-0.12568806167004976,0.8222611111111116,-0.43212346333005813,-0.6399999999999992,-1.4000000000000001,-1.4000000000000001,8.333333333333334,8.333333333333334,10.82388888888889,-0.39409127255372045,1.325833333333331,0.20690187322749143,-0.08000000000000007,-1.4000000000000001,-1.4000000000000001,8.333333333333334,8.333333333333334
7,1.5,False,0,0.3074346165148407,1.0,1.0,True,8.423888888888891,-0.8094629503177009,0.3740555555555618,-0.7708192268528467,-0.9499999999999997,-1.5,-1.5,8.333333333333334,8.333333333333334,12.023888888888889,-0.3924753668003875,1.3283888888888908,-0.010298399079820442,-0.04999999999999982,-1.5,-1.5,8.333333333333334,8.333333333333334
7,1.6,False,0,0.45264406166462323,1.0,1.0,True,8.69738888888889,1.136338425403502,0.745511111111111,-0.9304729769313228,-0.9600000000000004,-1.6,-1.6,8.333333333333334,8.333333333333334,11.697388888888888,0.4218556924787551,1.527538888888892,0.04720344483697714,-0.1599999999999997,-1.6,-1.6,8.333333333333334,8.333333333333334
7,1.7000000000000002,False,0,0.7627587252647268,1.0,1.0,True,8.603388888888887,-0.548979302898597,1.6104611111111078,-0.6023200424688704,-1.1199999999999992,-1.7000000000000002,-1.7000000000000002,8.333333333333334,8.333333333333334,11.003388888888889,1.5020304599603937,2.372494444444441,-0.052413582746487775,-0.09999999999999964,-1.7000000000000002,-1.7000000000000002,8.333333333333334,8.333333333333334
8,0.0,False,0,4.0,0.0,0.0,False,13.88888888888889,-2.6420428943840575,-4.222222222222224,1.420296159378232,1.6,0.0,0.0,8.333333333333334,8.333333333333334,,,,,,,,,
8,0.1,False,0,4.0,0.0,0.0,False,13.88888888888889,-2.939808509282691,-4.222222222222224,1.0847974249597723,1.38,-0.1,-0.1,8.333333333333334,8.333333333333334,13.88888888888889,72.86891632097554,72.84444444444411,-0.1630728013463525,-0.00999999999999579,-0.1,-0.1,8.333333333333334,8.333333333333334
8,0.2,False,0,4.0,0.0,0.0,False,13.88888888888889,0.05295082518147698,-4.222222222222224,1.2135293802277647,1.1600000000000001,-0.2,-0.2,8.333333333333334,8.333333333333334,13.88888888888889,29.674409296164196,28.399999999999803,-0.20525057331052743,-0.019999999999997353,-0.2,-0.2,8.333333333333334,8.333333333333334
8,0.30000000000000004,False,0,2.433333333333333,0.0,0.0,False,13.88888888888889,-2.7017838604766267,-4.222222222222224,0.9845248540448632,0.9400000000000004,-0.30000000000000004,-0.30000000000000004,8.333333333333334,8.333333333333334,13.88888888888889,15.11751932527024,13.399999999999945,0.09721830720891744,-0.020000000000001572,-0.30000000000000004,-0.30000000000000004,8.333333333333334,8.333333333333334
8,0.4,False,0,1.0999999999999988,0.0,0.0,False,13.88888888888889,-4.263637695812281,-4.222222222222224,0.80558445487691,0.7199999999999998,-0.4,-0.4,8.333333333333334,8.333333333333334,13.88888888888889,6.649257228656983,5.622222222222182,-0.26644465671445206,-6.661338147750939e-16,-0.4,-0.4,8.333333333333334,8.333333333333334
8,0.5,False,0,0.2999999999999998,1.0,1.0,True,13.88888888888889,-1.196043206871816,-4.222222222222224,0.6228403448028041,0.5,-0.5,-0.5,8.333333333333334,8.333333333333334,13.88888888888889,2.0606104445266356,1.177777777777746,-0.13276432162627017,0.0,-0.5,-0.5,8.333333333333334,8.333333333333334
8,0.6000000000000001,True,1,0.0,1.0,1.0,True,13.88888888888889,-3.5736973458224837,-4.222222222222224,0.30313494230546256,0.2800000000000007,-0.6000000000000001,-0.6000000000000001,8.333333333333334,8.333333333333334,13.88888888888889,-0.7016028114254551,-1.6000000000000183,0.1054926315528606,-0.019999999999999574,-0.6000000000000001,-0.6000000000000001,8.333333333333334,8.333333333333334
8,0.7000000000000001,False,0,0.5857142857142865,1.0,1.0,True,8.497388888888889,0.6013565682880939,0.5526944444444419,0.3877442332878176,0.27000000000000046,-0.7000000000000001,-0.7000000000000001,8.333333333333334,8.333333333333334,8.097388888888888,0.753924832745505,0.6470722222222323,-0.007284332195362397,-0.009999999999999343,-0.7000000000000001,-0.7000000000000001,8.333333333333334,8.333333333333334
8,0.8,False,0,0.6641280620907107,1.0,1.0,True,8.697388888888888,0.9841352556768408,1.0829500000000047,0.19432974559552596,0.1599999999999997,-0.8,-0.8,8.333333333333334,8.333333333333334,8.297388888888888,0.39318596224290037,1.0901388888888919,0.003061422912056244,-2.220446049250313e-16,-0.8,-0.8,8.333333333333334,8.333333333333334
8,0.9,False,0,0.18778460554825188,1.0,1.0,True,8.69738888888889,-3.1247469162601744,0.16089444444443846,0.33354926347584035,-0.1100000000000001,-0.9,-0.9,8.333333333333334,8.333333333333334,9.29738888888889,-0.08769141853604179,0.1972999999999958,-0.0775156445288776,-0.02000000000000024,-0.9,-0.9,8.333333333333334,8.333333333333334
8,1.0,False,0,0.6286935128835943,1.0,1.0,True,8.62388888888889,1.2832640883172326,1.3540555555555587,-0.07629185504870462,-0.09999999999999987,-1.0,-1.0,8.333333333333334,8.333333333333334,9.02388888888889,1.5389111570144474,1.3831111111111136,-0.227022049137789,0.0,-1.0,-1.0,8.333333333333334,8.333333333333334
8,1.1,False,0,0.6075975012662491,1.0,1.0,True,8.697388888888888,-0.6935694084756916,1.1208999999999998,-0.22567747710337693,-0.3799999999999999,-1.1,-1.1,8.333333333333334,8.333333333333334,9.897388888888889,0.3980351877881043,1.3501166666666622,0.08525842144209639,-0.0499999999999996,-1.1,-1.1,8.333333333333334,8.333333333333334
8,1.2000000000000002,False,0,0.8448762705057311,1.0,1.0,True,8.476888888888885,0.1760490435689066,1.7279000000000027,-0.28557151281606186,-0.5599999999999992,-1.2000000000000002,-1.2000000000000002,8.333333333333334,8.333333333333334,10.203388888888886,0.6030399736488343,2.03797222222222,0.011488044252232044,-0.07999999999999963,-1.2000000000000002,-1.2000000000000002,8.333333333333334,8.333333333333334
8,1.3,False,0,0.8789233185777531,1.0,1.0,True,8.370888888888885,1.0880191646793564,1.882450000000003,-0.7265576027805105,-0.7400000000000007,-1.3,-1.3,8.333333333333334,8.333333333333334,10.497388888888887,2.316379397180321,2.3138777777777806,-0.08294243235599286,-0.09000000000000008,-1.3,-1.3,8.333333333333334,8.333333333333334
8,1.4000000000000001,False,0,0.7374864161338424,1.0,1.0,True,8.676888888888888,-0.8152603068529158,1.6096055555555582,-0.460409002169784,-0.7799999999999994,-1.4000000000000001,-1.4000000000000001,8.333333333333334,8.333333333333334,11.203388888888888,0.5044534113214452,2.2413833333333306,0.13783526571247728,-0.08000000000000007,-1.4000000000000001,-1.4000000000000001,8.333333333333334,8.333333333333334
8,1.5,False,0,0.8503072089855159,1.0,1.0,True,8.676888888888886,1.3146048539527877,1.9181555555555585,-0.8982665834525665,-0.9499999999999997,-1.5,-1.5,8.333333333333334,8.333333333333334,11.403388888888887,1.1330462168191202,2.7442888888888914,0.07800055381848137,-0.04999999999999982,-1.5,-1.5,8.333333333333334,8.333333333333334
8,1.6,False,0,0.7581768742716564,1.0,1.0,True,8.697388888888888,-0.2616215098638923,1.676455555555557,-1.027853132507221,-1.1200000000000006,-1.6,-1.6,8.333333333333334,8.333333333333334,11.623888888888889,0.9153560403878425,2.5548888888888905,0.4931659814088216,-0.1599999999999997,-1.6,-1.6,8.333333333333334,8.333333333333334
8,1.7000000000000002,False,0,0.9893157997164226,1.0,1.0,True,8.603388888888885,1.4836796350330212,2.245505555555554,-0.9723386707863424,-1.2899999999999991,-1.7000000000000002,-1.7000000000000002,8.333333333333334,8.333333333333334,11.529888888888888,0.7265248942001721,3.274544444444442,0.4213620413730208,-0.09999999999999964,-1.7000000000000002,-1.7000000000000002,8.333333333333334,8.333333333333334
9,0.0,False,0,4.0,0.0,0.0,False,13.88888888888889,-1.9152778954203162,-4.2666666666666755,1.7942316085239116,1.6,0.0,0.0,8.333333333333334,8.333333333333334,,,,,,,,,
9,0.1,False,0,4.0,0.0,0.0,False,13.88888888888889,-3.4615374890028248,-4.2666666666666755,1.3064933014380786,1.3599999999999999,-0.1,-0.1,8.333333333333334,8.333333333333334,13.88888888888889,75.32138591034804,71.84444444444411,0.01523257430394187,-0.00999999999999579,-0.1,-0.1,8.333333333333334,8.333333333333334
9,0.2,False,0,4.0,0.0,0.0,False,13.88888888888889,-2.8535415523197747,-4.2666666666666755,1.2423836836403739,1.12,-0.2,-0.2,8.333333333333334,8.333333333333334,13.88888888888889,29.95804000292726,27.399999999999803,-0.12726751240810152,-0.019999999999997353,-0.2,-0.2,8.333333333333334,8.333333333333334
9,0.30000000000000004,False,0,2.233333333333333,0.0,0.0,False,13.88888888888889,-3.3822002983889616,-4.2666666666666755,1.1651314916463367,0.8800000000000003,-0.30000000000000004,-0.30000000000000004,8.333333333333334,8.333333333333334,13.88888888888889,13.384223458327948,12.399999999999945,-0.06577216795889251,-0.020000000000001572,-0.30000000000000004,-0.30000000000000004,8.333333333333334,8.333333333333334
9,0.4,False,0,0.8999999999999986,0.0,0.0,False,13.88888888888889,-4.046489464153605,-4.2666666666666755,0.5581942992663671,0.6399999999999997,-0.4,-0.4,8.333333333333334,8.333333333333334,13.88888888888889,4.663845776725769,4.622222222222182,0.013213139501413451,-6.661338147750939e-16,-0.4,-0.4,8.333333333333334,8.333333333333334
9,0.5,False,0,0.10000000000000009,1.0,1.0,True,13.88888888888889,-2.7221767623476536,-4.2666666666666755,0.486183001369779,0.3999999999999999,-0.5,-0.5,8.333333333333334,8.333333333333334,13.88888888888889,1.20405455549938,0.17777777777774606,0.09331245514288833,0.0,-0.5,-0.5,8.333333333333334,8.333333333333334
9,0.6000000000000001,False,0,0.6666666666666672,1.0,1.0,True,8.423888888888891,-0.6821093995188674,0.15183333333333326,0.5613020770648585,0.3400000000000003,-0.6000000000000001,-0.6000000000000001,8.333333333333334,8.333333333333334,7.823888888888892,0.5377471635077145,0.45750000000000757,-0.07844102649984941,-0.019999999999999574,-0.6000000000000001,-0.6000000000000001,8.333333333333334,8.333333333333334
9,0.7000000000000001,False,0,0.5857142857142865,1.0,1.0,True,8.62388888888889,0.698537904037722,0.700038888888888,0.0068380330681587775,0.20000000000000062,-0.7000000000000001,-0.7000000000000001,8.333333333333334,8.333333333333334,8.22388888888889,-0.7973422939365085,0.7328722222222241,0.18081213104648786,-0.009999999999999343,-0.7000000000000001,-0.7000000000000001,8.333333333333334,8.333333333333334
9,0.8,False,0,0.6174366349092204,1.0,1.0,True,8.62388888888889,-2.285679174092901,1.2429444444444373,0.1664737489794641,0.07999999999999963,-0.8,-0.8,8.333333333333334,8.333333333333334,8.09738888888889,0.3918918962534734,1.2665388888888858,-0.0714991396621305,-2.220446049250313e-16,-0.8,-0.8,8.333333333333334,8.333333333333334
9,0.9,False,0,0.5531633445081154,1.0,1.0,True,8.69738888888889,1.1555665788386706,1.0788444444444396,0.059890301755350706,-0.1100000000000001,-0.9,-0.9,8.333333333333334,8.333333333333334,9.29738888888889,-0.50083687569371,1.115249999999997,0.24867666551662682,-0.02000000000000024,-0.9,-0.9,8.333333333333334,8.333333333333334
9,1.0,False,0,0.7322802019940441,1.0,1.0,True,8.697388888888888,0.9449679153791957,1.5947444444444416,-0.3909955924915436,-0.2999999999999998,-1.0,-1.0,8.333333333333334,8.333333333333334,10.023888888888889,1.9444793230370303,1.8366111111111083,0.0176819712571743,0.0,-1.0,-1.0,8.333333333333334,8.333333333333334
9,1.1,False,0,0.9615140815702412,1.0,1.0,True,8.403388888888886,1.5849578635753732,2.254394444444448,-0.38482133398667817,-0.4900000000000002,-1.1,-1.1,8.333333333333334,8.333333333333334,10.003388888888887,2.3183946719095134,2.5224166666666656,-0.09116362688264634,-0.0499999999999996,-1.1,-1.1,8.333333333333334,8.333333333333334
9,1.2000000000000002,False,0,0.9649371983118099,1.0,1.0,True,8.57006444887141,1.398099964845131,2.104468884461924,-0.8335341246823551,-0.6799999999999993,-1.2000000000000002,-1.2000000000000002,8.333333333333334,8.333333333333334,10.696564448871412,2.214061644763274,2.66078444223096,-0.022942715173318584,-0.07999999999999963,-1.2000000000000002,-1.2000000000000002,8.333333333333334,8.333333333333334
9,1.3,False,0,0.9615140815702412,1.0,1.0,True,8.476888888888885,2.267770128732221,2.235594444444442,-0.8962648281528938,-0.8700000000000006,-1.3,-1.3,8.333333333333334,8.333333333333334,11.003388888888887,-0.2959177567770679,2.921727777777776,0.521978487681547,-0.09000000000000008,-1.3,-1.3,8.333333333333334,8.333333333333334
9,1.4000000000000001,False,0,1.0912987439662367,1.0,1.0,True,8.729888888888885,0.209374944504245,2.6014000000000026,-0.5438694539993243,-0.919999999999999,-1.4000000000000001,-1.4000000000000001,8.333333333333334,8.333333333333334,11.129888888888887,2.3443270118796145,3.439333333333331,0.18904506931683862,-0.08000000000000007,-1.4000000000000001,-1.4000000000000001,8.333333333333334,8.333333333333334
9,1.5,False,0,1.0912987439662367,1.0,1.0,True,8.603388888888885,1.8603936867094228,2.727899999999999,-1.153469033804972,-1.1,-1.5,-1.5,8.333333333333334,8.333333333333334,11.403388888888887,2.757723833989961,3.7569388888888904,0.19216937847799231,-0.04999999999999982,-1.5,-1.5,8.333333333333334,8.333333333333334
9,1.6,False,0,1.31922420547607,1.0,1.0,True,8.603388888888885,3.9200928913432067,3.8010611111111077,-0.9898066814726921,-0.9600000000000004,-1.6,-1.6,8.333333333333334,8.333333333333334,10.603388888888887,3.512271763269328,4.336088888888891,-0.14482262402109325,-0.1599999999999997,-1.6,-1.6,8.333333333333334,8.333333333333334
9,1.7000000000000002,False,0,1.3192242054760699,1.0,0.8858097302424329,True,8.729888888888885,2.913288574724956,3.7125111111111098,-0.9739865207525255,-1.1199999999999992,-1.7000000000000002,-1.7000000000000002,8.333333333333334,8.333333333333334,11.129888888888887,2.6678088368288515,4.550444444444442,0.25719811816639826,-0.09999999999999964,-1.7000000000000002,-1.7000000000000002,8.333333333333334,8.333333333333334
10,0.0,False,0,4.0,0.0,0.0,False,13.88888888888889,0.8343346837628802,-4.155555555555568,1.76646510123062,1.6,0.0,0.0,8.333333333333334,8.333333333333334,,,,,,,,,
10,0.1,False,0,4.0,0.0,0.0,False,13.88888888888889,-1.4770845897402394,-4.155555555555568,1.414847592126864,1.3399999999999999,-0.1,-0.1,8.333333333333334,8.333333333333334,13.88888888888889,73.1687296367965,70.84444444444411,0.1022612651322854,-0.00999999999999579,-0.1,-0.1,8.333333333333334,8.333333333333334
10,0.2,False,0,4.0,0.0,0.0,False,13.88888888888889,-2.5193516666354325,-4.155555555555568,1.278280852980381,1.0799999999999996,-0.2,-0.2,8.333333333333334,8.333333333333334,13.88888888888889,27.186332286291485,26.399999999999803,0.06768868349334478,-0.019999999999997353,-0.2,-0.2,8.333333333333334,8.333333333333334
10,0.30000000000000004,False,0,2.0333333333333328,0.0,0.0,False,13.88888888888889,-3.3133514730433786,-4.155555555555568,0.9491235447901514,0.8200000000000003,-0.30000000000000004,-0.30000000000000004,8.333333333333334,8.333333333333334,13.88888888888889,12.177011198838525,11.399999999999945,-0.10315381044657967,-0.020000000000001572,-0.30000000000000004,-0.30000000000000004,8.333333333333334,8.333333333333334
10,0.4,False,0,0.6999999999999984,1.0,1.0,True,13.88888888888889,-3.470333650135923,-4.155555555555568,0.7258043214088845,0.5599999999999996,-0.4,-0.4,8.333333333333334,8.333333333333334,13.88888888888889,3.812818080900951,3.622222222222182,-0.12919049939378935,-6.661338147750939e-16,-0.4,-0.4,8.333333333333334,8.333333333333334
10,0.5,True,2,0.0,1.0,1.0,True,8.423888888888891,-3.8232098864449453,-2.911383333333336,0.016469003018388273,-0.04999999999999982,-0.5,-0.5,8.333333333333334,8.333333333333334,8.423888888888891,-3.8372030123561514,-2.9023277777777805,0.24719549622359427,0.0,-0.5,-0.5,8.333333333333334,8.333333333333334
10,0.6000000000000001,False,0,0.7666666666666673,1.0,1.0,True,8.69738888888889,-0.6954655875103972,1.0436333333333332,0.5493841977877048,0.3400000000000003,-0.6000000000000001,-0.6000000000000001,8.333333333333334,8.333333333333334,7.69738888888889,-0.28352463977743536,1.2252000000000125,-0.24780235295322384,-0.019999999999999574,-0.6000000000000001,-0.6000000000000001,8.333333333333334,8.333333333333334
10,0.7000000000000001,False,0,0.8857142857142858,1.0,1.0,True,8.403388888888886,0.6855189204675236,1.6530277777777842,-0.05504184956632363,0.06000000000000072,-0.7000000000000001,-0.7000000000000001,8.333333333333334,8.333333333333334,8.003388888888885,0.7614807506364913,1.686022222222225,0.2808659650292329,-0.009999999999999343,-0.7000000000000001,-0.7000000000000001,8.333333333333334,8.333333333333334
10,0.8,False,0,0.6803964915806541,1.0,1.0,True,8.350388888888887,1.1614830819399282,1.3383277777777858,0.00936024087659626,-0.16000000000000036,-0.8,-0.8,8.333333333333334,8.333333333333334,9.276888888888887,-2.223306666529946,1.3817388888888908,0.5926932115189993,-2.220446049250313e-16,-0.8,-0.8,8.333333333333334,8.333333333333334
10,0.9,False,0,0.9529639324515276,1.0,1.0,True,8.370888888888885,-1.093596773154636,2.139883333333338,-0.08408875204827737,-0.2899999999999998,-0.9,-0.9,8.333333333333334,8.333333333333334,9.697388888888886,0.47481377499432487,2.296450000000001,0.06756939985840593,-0.02000000000000024,-0.9,-0.9,8.333333333333334,8.333333333333334
10,1.0,False,0,1.0687877875327203,1.0,1.0,True,8.697388888888886,2.0174307996954797,2.8665444444444406,-0.07410562694751777,-0.2999999999999998,-1.0,-1.0,8.333333333333334,8.333333333333334,9.897388888888887,0.4122238551070625,3.0957611111111065,0.21935031961673523,0.0,-1.0,-1.0,8.333333333333334,8.333333333333334
10,1.1,False,0,1.1846116426139133,1.0,1.0,True,8.403388888888886,2.340904005245375,3.2217444444444476,-0.1168805020990551,-0.4900000000000002,-1.1,-1.1,8.333333333333334,8.333333333333334,10.003388888888887,1.864751959309637,3.4897666666666654,0.08701482796381788,-0.0499999999999996,-1.1,-1.1,8.333333333333334,8.333333333333334
10,1.2000000000000002,False,0,1.2977578379074586,1.0,1.0,True,8.603388888888885,2.780266202902717,3.639350000000001,-0.5959805120414885,-0.5599999999999992,-1.2000000000000002,-1.2000000000000002,8.333333333333334,8.333333333333334,10.329888888888886,3.8810144224688807,4.0000222222222215,-0.1962274861202078,-0.07999999999999963,-1.2000000000000002,-1.2000000000000002,8.333333333333334,8.333333333333334
10,1.3,False,0,1.1846116426139133,1.0,1.0,True,8.701234776397401,2.368014972209772,3.0773639681850797,-0.7064633156295073,-0.8700000000000006,-1.3,-1.3,8.333333333333334,8.333333333333334,11.101234776397403,4.144090878193716,3.8981048340235214,-0.07859958948859824,-0.09000000000000008,-1.3,-1.3,8.333333333333334,8.333333333333334
10,1.4000000000000001,False,0,1.1846116426139133,1.0,1.0,True,8.729888888888885,2.164356132119388,3.0458444444444455,-0.7092434473411142,-1.0599999999999992,-1.4000000000000001,-1.4000000000000001,8.333333333333334,8.333333333333334,11.529888888888888,1.605946538330838,4.163433333333331,0.22106660089467445,-0.08000000000000007,-1.4000000000000001,-1.4000000000000001,8.333333333333334,8.333333333333334
10,1.5,False,0,1.2977578379074586,1.0,1.0,True,8.729888888888885,2.7550390499410478,3.6014000000000026,-1.0683146441050466,-1.1,-1.5,-1.5,8.333333333333334,8.333333333333334,11.529888888888888,4.743835009530732,4.718988888888892,-0.3052859567939503,-0.04999999999999982,-1.5,-1.5,8.333333333333334,8.333333333333334
10,1.6,False,0,1.2977578379074586,1.0,1.0,True,8.729888888888885,2.816910123028472,3.6014000000000026,-1.096102157386085,-1.2800000000000007,-1.6,-1.6,8.333333333333334,8.333333333333334,11.529888888888888,3.8603594415336504,4.718988888888892,0.18817734422661303,-0.1599999999999997,-1.6,-1.6,8.333333333333334,8.333333333333334
10,1.7000000000000002,False,0,1.2977578379074584,1.0,1.0,True,8.729888888888885,2.305933699311553,3.6014000000000026,-0.9935871663883977,-1.459999999999999,-1.7000000000000002,-1.7000000000000002,8.333333333333334,8.333333333333334,11.929888888888888,3.6783550891706858,5.038644444444443,0.39801221906133,-0.09999999999999964,-1.7000000000000002,-1.7000000000000002,8.333333333333334,8.333333333333334
11,0.0,False,0,4.0,0.0,0.0,False,13.88888888888889,-4.111612752603729,-4.044444444444461,1.5782652200145217,1.6,0.0,0.0,8.333333333333334,8.333333333333334,,,,,,,,,
11,0.1,False,0,4.0,0.0,0.0,False,13.88888888888889,-3.3038291178558152,-4.044444444444461,1.2246336317123965,1.3199999999999998,-0.1,-0.1,8.333333333333334,8.333333333333334,13.88888888888889,71.23480295411183,69.84444444444411,-0.050427765286900295,-0.00999999999999579,-0.1,-0.1,8.333333333333334,8.333333333333334
11,0.2,False,0,4.0,0.0,0.0,False,13.88888888888889,-2.549473958979969,-4.044444444444461,1.5225004173460426,1.0399999999999996,-0.2,-0.2,8.333333333333334,8.333333333333334,13.88888888888889,25.3334761370818,25.399999999999803,-0.13414108724374652,-0.019999999999997353,-0.2,-0.2,8.333333333333334,8.333333333333334
11,0.30000000000000004,False,0,1.8333333333333324,0.0,0.0,False,13.88888888888889,-3.244466481087801,-4.044444444444461,0.7529235091760209,0.7600000000000002,-0.30000000000000004,-0.30000000000000004,8.333333333333334,8.333333333333334,13.88888888888889,11.367273207726608,10.399999999999945,0.060255750598593893,-0.020000000000001572,-0.30000000000000004,-0.30000000000000004,8.333333333333334,8.333333333333334
11,0.4,False,0,0.4999999999999982,1.0,1.0,True,13.88888888888889,-1.4891985455115728,-4.044444444444461,0.6197177719842455,0.47999999999999954,-0.4,-0.4,8.333333333333334,8.333333333333334,13.88888888888889,4.368843415202957,2.622222222222182,0.2144489039590467,-6.661338147750939e-16,-0.4,-0.4,8.333333333333334,8.333333333333334
11,0.5,True,1,0.0,1.0,1.0,True,11.42388888888889,-1.118567876642902,-4.188233333333346,0.4687352583260047,0.10000000000000009,-0.5,-0.5,8.333333333333334,8.333333333333334,11.42388888888889,-1.9565680362905153,-3.570122222222234,-0.02175520825110988,0.0,-0.5,-0.5,8.333333333333334,8.333333333333334
11,0.6000000000000001,False,0,1.150383408160833,1.0,1.0,True,8.403388888888886,0.6916520307202889,2.555077777777787,0.3254951145848253,0.2800000000000007,-0.6000000000000001,-0.6000000000000001,8.333333333333334,8.333333333333334,8.003388888888885,2.8510979544345263,2.720050000000019,0.007397640452422305,-0.019999999999999574,-0.6000000000000001,-0.6000000000000001,8.333333333333334,8.333333333333334
11,0.7000000000000001,False,0,1.0449192360087847,1.0,1.0,True,8.603388888888885,2.2643576907026715,2.4930277777777805,0.3071406685377611,0.06000000000000072,-0.7000000000000001,-0.7000000000000001,8.333333333333334,8.333333333333334,8.203388888888885,2.4610424106175737,2.5060222222222217,0.09883452652307345,-0.009999999999999343,-0.7000000000000001,-0.7000000000000001,8.333333333333334,8.333333333333334
11,0.8,False,0,1.161446871597674,1.0,1.0,True,8.729888888888885,2.1133246752516444,2.9347333333333383,0.041463306048498794,-0.0800000000000003,-0.8,-0.8,8.333333333333334,8.333333333333334,9.129888888888885,1.1295851135142394,2.97438888888889,0.20147990774660984,-2.220446049250313e-16,-0.8,-0.8,8.333333333333334,8.333333333333334
11,0.9,False,0,1.161446871597674,1.0,1.0,True,8.729888888888885,2.0472684458506096,2.9347333333333383,-0.3740803257399423,-0.2899999999999998,-0.9,-0.9,8.333333333333334,8.333333333333334,9.929888888888886,2.456539168514685,3.173700000000001,-0.04258277637700569,-0.02000000000000024,-0.9,-0.9,8.333333333333334,8.333333333333334
11,1.0,False,0,1.161446871597674,1.0,1.0,True,8.729888888888885,1.2665446610111575,2.9347333333333383,-0.5815251052381596,-0.5,-1.0,-1.0,8.333333333333334,8.333333333333334,10.729888888888887,1.713731936884117,3.533011111111109,0.44264644557890964,0.0,-1.0,-1.0,8.333333333333334,8.333333333333334
11,1.1,False,0,1.3836233081819058,1.0,0.803295676826094,True,8.729888888888885,3.9201937803505666,4.0458444444444455,-0.39177929223981134,-0.4900000000000002,-1.1,-1.1,8.333333333333334,8.333333333333334,10.329888888888886,3.4540858715510554,4.444466666666664,0.0552888593235108,-0.0499999999999996,-1.1,-1.1,8.333333333333334,8.333333333333334
11,1.2000000000000002,False,0,1.598286983868025,1.0,0.24386001947735858,True,8.729888888888885,5.0296985066132445,5.15695555555556,-0.7440179741844852,-0.4399999999999995,-1.2000000000000002,-1.2000000000000002,8.333333333333334,8.333333333333334,9.929888888888886,3.802867344384656,5.3959222222222225,0.1626855533996907,-0.07999999999999963,-1.2000000000000002,-1.2000000000000002,8.333333333333334,8.333333333333334
11,1.3,False,0,1.4909551460249655,1.0,1.0,True,8.729888888888885,3.6367252160362513,4.601400000000003,-0.7315506854734797,-0.7400000000000007,-1.3,-1.3,8.333333333333334,8.333333333333334,10.729888888888887,4.2119801814331135,5.199677777777777,0.09459931238606556,-0.09000000000000008,-1.3,-1.3,8.333333333333334,8.333333333333334
11,1.4000000000000001,False,0,1.4909551460249655,1.0,1.0,True,8.729888888888885,3.790556687527208,4.601400000000003,-0.9289753325192103,-0.919999999999999,-1.4000000000000001,-1.4000000000000001,8.333333333333334,8.333333333333334,11.129888888888887,2.8669836957149437,5.439333333333331,0.4358345011415157,-0.08000000000000007,-1.4000000000000001,-1.4000000000000001,8.333333333333334,8.333333333333334
11,1.5,False,0,1.4909551460249655,1.0,0.6054923784249399,True,8.729888888888885,4.632532451419853,4.601400000000003,-1.2964744541875977,-1.1,-1.5,-1.5,8.333333333333334,8.333333333333334,11.529888888888888,5.60317607390158,5.718988888888892,-0.30760482316058124,-0.04999999999999982,-1.5,-1.5,8.333333333333334,8.333333333333334
11,1.6,False,0,1.705618821711084,1.0,0.04411666861544823,True,8.729888888888885,3.2723964926818363,5.712511111111113,-0.4142673344290182,-0.9600000000000004,-1.6,-1.6,8.333333333333334,8.333333333333334,10.729888888888887,4.764065494596797,6.310788888888891,0.21130684233258412,-0.1599999999999997,-1.6,-1.6,8.333333333333334,8.333333333333334
11,1.7000000000000002,False,0,1.5982869838680247,1.0,0.9285448234429662,True,8.729888888888885,4.26644315285044,5.156955555555556,-0.9249003356870552,-1.2899999999999991,-1.7000000000000002,-1.7000000000000002,8.333333333333334,8.333333333333334,11.529888888888888,4.74990355138316,6.274544444444442,0.2802132712337202,-0.09999999999999964,-1.7000000000000002,-1.7000000000000002,8.333333333333334,8.333333333333334
12,0.0,False,0,4.0,0.0,0.0,False,13.88888888888889,-3.646111679438458,-4.111111111111081,1.5824214471712188,1.6,0.0,0.0,8.333333333333334,8.333333333333334,,,,,,,,,
12,0.1,False,0,4.0,0.0,0.0,False,13.88888888888889,-3.916081612682116,-4.111111111111081,1.5513498188694141,1.31,-0.1,-0.1,8.333333333333334,8.333333333333334,13.88888888888889,68.69159599328249,68.84444444444411,-0.19307037652767067,-0.00999999999999579,-0.1,-0.1,8.333333333333334,8.333333333333334
12,0.2,False,0,4.0,0.0,0.0,False,13.88888888888889,-2.660100337342949,-4.111111111111081,1.1592393416336666,1.02,-0.2,-0.2,8.333333333333334,8.333333333333334,13.88888888888889,26.47316092175971,24.399999999999803,0.06612953863071569,-0.019999999999997353,-0.2,-0.2,8.333333333333334,8.333333333333334
12,0.30000000000000004,False,0,1.6333333333333324,0.0,0.0,False,13.88888888888889,-3.6477022558166636,-4.111111111111081,0.5973212157728516,0.73,-0.30000000000000004,-0.30000000000000004,8.333333333333334,8.333333333333334,13.88888888888889,10.962009439137308,9.399999999999945,-0.25858241150561323,-0.020000000000001572,-0.30000000000000004,-0.30000000000000004,8.333333333333334,8.333333333333334
12,0.4,False,0,0.29999999999999805,1.0,1.0,True,13.88888888888889,-4.272699474545507,-4.111111111111081,0.5196303835242082,0.4399999999999995,-0.4,-0.4,8.333333333333334,8.333333333333334,13.88888888888889,2.590223158488077,1.6222222222221818,0.011630936004002113,-6.661338147750939e-16,-0.4,-0.4,8.333333333333334,8.333333333333334
12,0.5,False,0,1.2000000000000002,1.0,1.0,True,8.350388888888885,0.5542905594090728,2.0308111111111176,0.3572611447305847,0.3500000000000001,-0.5,-0.5,8.333333333333334,8.333333333333334,7.550388888888884,-1.2445281975848017,2.378872222222225,0.06859621774035607,0.0,-0.5,-0.5,8.333333333333334,8.333333333333334
12,0.6000000000000001,False,0,1.3391763724551264,1.0,1.0,True,8.729888888888885,1.6618522567895306,3.3791777777777847,0.29977205768500337,0.2800000000000007,-0.6000000000000001,-0.6000000000000001,8.333333333333334,8.333333333333334,8.329888888888885,3.7599169914249346,3.3809000000000156,-0.14965568185186817,-0.019999999999999574,-0.6000000000000001,-0.6000000000000001,8.333333333333334,8.333333333333334
12,0.7000000000000001,False,0,1.3699298107438207,1.0,1.0,True,8.729888888888885,3.123044007428189,3.9347333333333383,0.10979560623220364,0.13000000000000078,-0.7000000000000001,-0.7000000000000001,8.333333333333334,8.333333333333334,7.929888888888884,3.22806805459111,3.9754222222222255,0.2780903806926154,-0.009999999999999343,-0.7000000000000001,-0.7000000000000001,8.333333333333334,8.333333333333334
12,0.8,False,0,1.362156940613294,1.0,0.725835791699454,True,8.729888888888885,3.102582140550891,3.9347333333333383,-0.3736891523622454,-0.0800000000000003,-0.8,-0.8,8.333333333333334,8.333333333333334,9.129888888888885,3.337381088622828,3.97438888888889,0.03356698422548754,-2.220446049250313e-16,-0.8,-0.8,8.333333333333334,8.333333333333334
12,0.9,False,0,1.362156940613294,1.0,1.0,True,8.729888888888885,4.2350625569265405,3.9347333333333383,-0.21985000687916623,-0.2899999999999998,-0.9,-0.9,8.333333333333334,8.333333333333334,9.929888888888886,2.70689409224454,4.173700000000001,0.24509597641700376,-0.02000000000000024,-0.9,-0.9,8.333333333333334,8.333333333333334
12,1.0,False,0,1.4694887784563537,1.0,1.0,True,8.729888888888885,3.776943629971556,4.490288888888892,-0.3481767742936952,-0.3999999999999999,-1.0,-1.0,8.333333333333334,8.333333333333334,10.329888888888886,2.136706140644301,4.888911111111111,0.3345169676319806,0.0,-1.0,-1.0,8.333333333333334,8.333333333333334
12,1.1,False,0,1.4694887784563537,1.0,0.33404241049210004,True,8.729888888888885,1.3878531491299286,4.490288888888892,-0.20506136214857063,-0.6000000000000001,-1.1,-1.1,8.333333333333334,8.333333333333334,10.729888888888887,4.941472516016501,5.0885666666666625,-0.02912408507146025,-0.0499999999999996,-1.1,-1.1,8.333333333333334,8.333333333333334
12,1.2000000000000002,False,0,1.8988161298285908,1.0,0.0,True,8.729888888888885,4.4735037092568115,6.712511111111113,-0.06438096340901045,-0.3199999999999994,-1.2000000000000002,-1.2000000000000002,8.333333333333334,8.333333333333334,9.529888888888886,5.97268376297392,6.831822222222223,-0.0753352904052611,-0.07999999999999963,-1.2000000000000002,-1.2000000000000002,8.333333333333334,8.333333333333334
12,1.3,False,0,1.5768206162994127,1.0,0.2564298250930937,True,8.729888888888885,2.3832878441851024,5.0458444444444455,-0.2623138906996054,-0.8700000000000006,-1.3,-1.3,8.333333333333334,8.333333333333334,11.129888888888887,5.0013438446825385,5.8837777777777776,-0.2454288153791908,-0.09000000000000008,-1.3,-1.3,8.333333333333334,8.333333333333334
12,1.4000000000000001,False,0,1.6841524541424724,1.0,0.0,True,8.729888888888885,3.1744991448322013,5.601400000000003,-0.4549484628276459,-0.919999999999999,-1.4000000000000001,-1.4000000000000001,8.333333333333334,8.333333333333334,11.129888888888887,5.630318717686035,6.439333333333331,0.0011238819922636534,-0.08000000000000007,-1.4000000000000001,-1.4000000000000001,8.333333333333334,8.333333333333334
12,1.5,False,0,1.4694887784563537,1.0,0.5011169493345498,True,8.729888888888885,2.786559261868171,4.490288888888892,-1.13841128705475,-1.4,-1.5,-1.5,8.333333333333334,8.333333333333334,12.329888888888888,4.51084815541673,6.287188888888891,0.17514719004640522,-0.04999999999999982,-1.5,-1.5,8.333333333333334,8.333333333333334
12,1.6,False,0,1.6841524541424724,1.0,0.0,True,8.729888888888885,5.77596499372103,5.601400000000003,-1.5718018984419602,-1.2800000000000007,-1.6,-1.6,8.333333333333334,8.333333333333334,11.529888888888888,6.540003674429312,6.718988888888892,-0.189293814496879,-0.1599999999999997,-1.6,-1.6,8.333333333333334,8.333333333333334
12,1.7000000000000002,False,0,1.8988161298285906,1.0,0.42952485837089965,True,8.729888888888885,6.686805114787618,6.71251111111111,-1.2318253656542628,-1.1199999999999992,-1.7000000000000002,-1.7000000000000002,8.333333333333334,8.333333333333334,11.129888888888887,5.673764580005558,7.550444444444442,0.4118723478589019,-0.09999999999999964,-1.7000000000000002,-1.7000000000000002,8.333333333333334,8.333333333333334
13,0.0,False,0,4.0,0.0,0.0,False,13.88888888888889,-2.7448849868218543,-4.222222222222196,1.263940152594484,1.6,0.0,0.0,8.333333333333334,8.333333333333334,,,,,,,,,
13,0.1,False,0,4.0,0.0,0.0,False,13.88888888888889,-1.1880142630447592,-4.222222222222196,1.6336936676218103,1.29,-0.1,-0.1,8.333333333333334,8.333333333333334,13.88888888888889,68.2286227016072,67.84444444444411,0.23705210376592456,-0.00999999999999579,-0.1,-0.1,8.333333333333334,8.333333333333334
13,0.2,False,0,4.0,0.0,0.0,False,13.88888888888889,-2.530739645205524,-4.222222222222196,0.7945800273445918,0.98,-0.2,-0.2,8.333333333333334,8.333333333333334,13.88888888888889,23.984155225395835,23.399999999999803,0.0691500386649182,-0.019999999999997353,-0.2,-0.2,8.333333333333334,8.333333333333334
13,0.30000000000000004,False,0,1.5333333333333314,0.0,0.0,False,13.88888888888889,-2.050721081358371,-4.222222222222196,0.6133339829990998,0.6699999999999999,-0.30000000000000004,-0.30000000000000004,8.333333333333334,8.333333333333334,13.88888888888889,9.852550025930729,8.399999999999945,2.541039597181438e-06,-0.020000000000001572,-0.30000000000000004,-0.30000000000000004,8.333333333333334,8.333333333333334
13,0.4,False,0,0.09999999999999787,1.0,1.0,True,13.76238888888889,-0.4792679963516404,-4.184272222222215,0.1332025865255,0.35999999999999943,-0.4,-0.4,8.333333333333334,8.333333333333334,13.76238888888889,1.1350380544122673,0.4704222222222585,-0.2508234200564141,-6.661338147750939e-16,-0.4,-0.4,8.333333333333334,8.333333333333334
13,0.5,False,0,1.3392022637897665,1.0,1.0,True,8.603388888888885,1.844143920265048,2.813711111111112,0.6427376037419537,0.3500000000000001,-0.5,-0.5,8.333333333333334,8.333333333333334,8.203388888888885,0.16743908029223054,2.9046722222222146,-0.06480130562547082,0.0,-0.5,-0.5,8.333333333333334,8.333333333333334
13,0.6000000000000001,False,0,1.7483787813692537,1.0,0.5144636192086464,True,8.729888888888885,3.889467346279333,5.490288888888892,0.6605428823014585,0.40000000000000036,-0.6000000000000001,-0.6000000000000001,8.333333333333334,8.333333333333334,7.929888888888884,4.764121236371563,5.572700000000016,-0.1916024576815869,-0.019999999999999574,-0.6000000000000001,-0.6000000000000001,8.333333333333334,8.333333333333334
13,0.7000000000000001,False,0,1.4480224108877413,1.0,1.0,True,8.729888888888885,2.6949182454925955,4.379177777777785,0.05471835504983602,0.06000000000000072,-0.7000000000000001,-0.7000000000000001,8.333333333333334,8.333333333333334,8.329888888888885,2.2264592112530766,4.379522222222225,0.1294044383967683,-0.009999999999999343,-0.7000000000000001,-0.7000000000000001,8.333333333333334,8.333333333333334
13,0.8,False,0,1.555354248730801,1.0,0.0,True,8.729888888888885,3.268167333733456,4.934733333333338,0.22785378161785497,-0.0800000000000003,-0.8,-0.8,8.333333333333334,8.333333333333334,9.129888888888885,0.8173931042406766,4.97438888888889,0.5028371167936769,-2.220446049250313e-16,-0.8,-0.8,8.333333333333334,8.333333333333334
13,0.9,False,0,1.7700179244169196,1.0,0.0,True,8.729888888888885,5.172456967211571,6.0458444444444455,0.0755357845376563,-0.1100000000000001,-0.9,-0.9,8.333333333333334,8.333333333333334,9.129888888888885,5.414211087901539,6.085499999999997,0.19123003563724117,-0.02000000000000024,-0.9,-0.9,8.333333333333334,8.333333333333334
13,1.0,False,0,1.6626860865738606,1.0,1.0,True,8.729888888888885,3.160038911688546,5.490288888888892,0.05771745054854982,-0.3999999999999999,-1.0,-1.0,8.333333333333334,8.333333333333334,10.329888888888886,5.085631992615878,5.888911111111111,-0.02729255024200361,0.0,-1.0,-1.0,8.333333333333334,8.333333333333334
13,1.1,False,0,1.7700179244169196,1.0,0.0,True,8.729888888888885,5.805443879303948,6.0458444444444455,-0.4623958227882514,-0.4900000000000002,-1.1,-1.1,8.333333333333334,8.333333333333334,10.329888888888886,4.162264946293036,6.444466666666664,0.08459245254110703,-0.0499999999999996,-1.1,-1.1,8.333333333333334,8.333333333333334
13,1.2000000000000002,False,0,1.8773497622599795,1.0,0.0,True,8.729888888888885,4.709305504175096,6.601399999999999,-0.46464122547734243,-0.5599999999999992,-1.2000000000000002,-1.2000000000000002,8.333333333333334,8.333333333333334,10.329888888888886,7.03308598563011,7.0000222222222215,-0.10133523585403403,-0.07999999999999963,-1.2000000000000002,-1.2000000000000002,8.333333333333334,8.333333333333334
13,1.3,False,0,1.7700179244169196,1.0,0.0,True,8.729888888888885,5.042003744190329,6.0458444444444455,-0.8167227171184726,-0.8700000000000006,-1.3,-1.3,8.333333333333334,8.333333333333334,11.129888888888887,6.755780711004893,6.8837777777777776,-0.09907492187617506,-0.09000000000000008,-1.3,-1.3,8.333333333333334,8.333333333333334
13,1.4000000000000001,False,0,1.7700179244169196,1.0,0.8693844043457141,True,8.729888888888885,6.029981660942274,6.0458444444444455,-1.1053166189105088,-1.0599999999999992,-1.4000000000000001,-1.4000000000000001,8.333333333333334,8.333333333333334,11.529888888888888,5.448370951447839,7.163433333333331,0.15642034488041112,-0.08000000000000007,-1.4000000000000001,-1.4000000000000001,8.333333333333334,8.333333333333334
13,1.5,False,0,1.6626860865738606,1.0,0.10811879725112802,True,8.70826512943866,4.6791217754821774,5.514075024284144,-1.4675341977952971,-1.4,-1.5,-1.5,8.333333333333334,8.333333333333334,12.308265129438663,6.697102977484863,7.291513640778937,0.21379639064869327,-0.04999999999999982,-1.5,-1.5,8.333333333333334,8.333333333333334
13,1.6,False,0,1.8773497622599795,1.0,0.0,True,8.729888888888885,5.822813912467635,6.601399999999999,-0.9780100263586863,-1.2800000000000007,-1.6,-1.6,8.333333333333334,8.333333333333334,11.529888888888888,6.081531897458363,7.718988888888892,0.14113231608249954,-0.1599999999999997,-1.6,-1.6,8.333333333333334,8.333333333333334
13,1.7000000000000002,False,0,1.9846816001030385,1.0,0.0,True,8.729888888888885,3.6420496774830875,7.156955555555556,-0.4348178255132906,-1.2899999999999991,-1.7000000000000002,-1.7000000000000002,8.333333333333334,8.333333333333334,11.529888888888888,7.42988491772475,8.274544444444441,0.20082708042701114,-0.09999999999999964,-1.7000000000000002,-1.7000000000000002,8.333333333333334,8.333333333333334
14,0.0,False,0,4.0,0.0,0.0,False,13.88888888888889,-3.7339266823584536,-4.266666666666704,1.7825927407858742,1.6,0.0,0.0,8.333333333333334,8.333333333333334,,,,,,,,,
14,0.1,False,0,4.0,0.0,0.0,False,13.88888888888889,-1.0255250913955392,-4.266666666666704,1.6719527950910837,1.27,-0.1,-0.1,8.333333333333334,8.333333333333334,13.88888888888889,67.67496907905665,66.84444444444411,0.18990912206618393,-0.00999999999999579,-0.1,-0.1,8.333333333333334,8.333333333333334
14,0.2,False,0,3.999999999999999,0.0,0.0,False,13.88888888888889,-3.3795450274703667,-4.266666666666704,0.9984579403916896,0.94,-0.2,-0.2,8.333333333333334,8.333333333333334,13.88888888888889,23.11686218118461,22.399999999999803,0.18008425242103554,-0.019999999999997353,-0.2,-0.2,8.333333333333334,8.333333333333334
14,0.30000000000000004,False,0,1.3333333333333313,0.0,0.0,False,13.88888888888889,-3.5348111972147533,-4.266666666666704,0.7868702495262525,0.6099999999999999,-0.30000000000000004,-0.30000000000000004,8.333333333333334,8.333333333333334,13.88888888888889,8.105940075723954,7.399999999999946,-0.031388508149932104,-0.020000000000001572,-0.30000000000000004,-0.30000000000000004,8.333333333333334,8.333333333333334
14,0.4,True,1,0.0,1.0,1.0,True,13.76238888888889,-2.6131946553907666,-4.2793166666666975,0.3369112443476676,0.27999999999999936,-0.4,-0.4,8.333333333333334,8.333333333333334,13.76238888888889,1.5144948226548012,-0.47897777777776707,0.08234679337773732,-6.661338147750939e-16,-0.4,-0.4,8.333333333333334,8.333333333333334
14,0.5,False,0,1.895263987148197,1.0,0.0,True,8.729888888888885,1.851192832351324,5.379177777777785,0.7167623956029168,0.5,-0.5,-0.5,8.333333333333334,8.333333333333334,8.329888888888885,5.577015683850381,5.382622222222229,0.16935290109260714,0.0,-0.5,-0.5,8.333333333333334,8.333333333333334
14,0.6000000000000001,False,0,1.5552479788737281,1.0,0.14898091896476534,True,8.729888888888885,4.665893628896744,4.823622222222224,0.10404497078638553,0.22000000000000064,-0.6000000000000001,-0.6000000000000001,8.333333333333334,8.333333333333334,7.929888888888884,4.054824334378059,4.905000000000013,-0.10410055156105447,-0.019999999999999574,-0.6000000000000001,-0.6000000000000001,8.333333333333334,8.333333333333334
14,0.7000000000000001,False,0,1.7485515568483079,1.0,0.0,True,8.729888888888885,2.653755653529072,5.934733333333338,0.462646133141674,0.13000000000000078,-0.7000000000000001,-0.7000000000000001,8.333333333333334,8.333333333333334,8.329888888888885,6.241545770678347,5.935422222222226,-0.004317451596175026,-0.009999999999999343,-0.7000000000000001,-0.7000000000000001,8.333333333333334,8.333333333333334
14,0.8,False,0,1.6412197190052482,1.0,0.576098150323822,True,8.729888888888885,4.624970101374559,5.379177777777785,0.17829570088325797,-0.16000000000000036,-0.8,-0.8,8.333333333333334,8.333333333333334,9.529888888888886,4.543782013871376,5.4984888888888905,-0.017339526142587713,-2.220446049250313e-16,-0.8,-0.8,8.333333333333334,8.333333333333334
14,0.9,False,0,1.8558833946913675,1.0,0.0,True,8.729888888888885,5.544429161219086,6.490288888888892,-0.22811429793354243,-0.19999999999999996,-0.9,-0.9,8.333333333333334,8.333333333333334,9.529888888888886,4.038441260190948,6.609599999999998,0.33052806142843627,-0.02000000000000024,-0.9,-0.9,8.333333333333334,8.333333333333334
14,1.0,False,0,1.9632152325344265,1.0,0.0,True,8.729888888888885,7.255813440009921,7.0458444444444455,-0.3905230242433424,-0.2999999999999998,-1.0,-1.0,8.333333333333334,8.333333333333334,9.929888888888886,5.590857118554024,7.284811111111112,0.1787313038986973,0.0,-1.0,-1.0,8.333333333333334,8.333333333333334
14,1.1,False,0,1.9632152325344265,1.0,0.0,True,8.729888888888885,5.56317474115824,7.0458444444444455,-0.14198562430517403,-0.4900000000000002,-1.1,-1.1,8.333333333333334,8.333333333333334,10.329888888888886,6.710721833664363,7.444466666666664,0.2892779960284093,-0.0499999999999996,-1.1,-1.1,8.333333333333334,8.333333333333334
14,1.2000000000000002,False,0,2.069397173643871,1.0,0.0,True,8.729888888888885,6.643360396258594,7.601399999999999,-0.44917234720946375,-0.5599999999999992,-1.2000000000000002,-1.2000000000000002,8.333333333333334,8.333333333333334,10.329888888888886,6.3309726764809335,8.00002222222222,0.20338784552307354,-0.07999999999999963,-1.2000000000000002,-1.2000000000000002,8.333333333333334,8.333333333333334
14,1.3,False,0,2.1717272290044307,1.0,0.0,True,8.729888888888885,8.490810557556042,8.156955555555559,-0.5692824575990945,-0.6100000000000003,-1.3,-1.3,8.333333333333334,8.333333333333334,10.329888888888886,7.737682129381629,8.555577777777778,0.21356559735987224,-0.09000000000000008,-1.3,-1.3,8.333333333333334,8.333333333333334
14,1.4000000000000001,False,0,2.1717272290044307,1.0,0.0,True,8.729888888888885,6.449044816132624,8.156955555555559,-0.3703753960813656,-0.7799999999999994,-1.4000000000000001,-1.4000000000000001,8.333333333333334,8.333333333333334,10.729888888888887,6.17267549773488,8.75523333333333,0.5218074410745364,-0.08000000000000007,-1.4000000000000001,-1.4000000000000001,8.333333333333334,8.333333333333334
14,1.5,False,0,2.2740572843649907,1.0,0.0,True,8.729888888888885,7.110709432836733,8.712511111111112,-0.37832329411764065,-0.7999999999999998,-1.5,-1.5,8.333333333333334,8.333333333333334,10.729888888888887,6.742416651028443,9.31078888888889,0.5839482614168667,-0.04999999999999982,-1.5,-1.5,8.333333333333334,8.333333333333334
14,1.6,False,0,2.2740572843649907,1.0,0.0,True,8.729888888888885,6.487209084412815,8.712511111111112,-0.3866464240706584,-0.9600000000000004,-1.6,-1.6,8.333333333333334,8.333333333333334,10.729888888888887,6.7031922621756665,9.31078888888889,0.008092533423939008,-0.1599999999999997,-1.6,-1.6,8.333333333333334,8.333333333333334
14,1.7000000000000002,False,0,2.2740572843649907,1.0,0.0,True,8.729888888888885,7.161891741451297,8.712511111111109,-0.9455602879724687,-1.1199999999999992,-1.7000000000000002,-1.7000000000000002,8.333333333333334,8.333333333333334,11.129888888888887,7.836795705060234,9.550444444444441,0.18867799644747496,-0.09999999999999964,-1.7000000000000002,-1.7000000000000002,8.333333333333334,8.333333333333334
15,0.0,False,0,4.0,0.0,0.0,False,13.88888888888889,-3.3587422539203855,-4.15555555555559,1.6566758399840795,1.6,0.0,0.0,8.333333333333334,8.333333333333334,,,,,,,,,
15,0.1,False,0,4.0,0.0,0.0,False,13.88888888888889,-3.9092744000703474,-4.15555555555559,1.352639462473452,1.25,-0.1,-0.1,8.333333333333334,8.333333333333334,13.88888888888889,68.38232685650799,65.84444444444411,0.23817628932648915,-0.00999999999999579,-0.1,-0.1,8.333333333333334,8.333333333333334
15,0.2,False,0,3.799999999999999,0.0,0.0,False,13.88888888888889,-3.615319055791825,-4.15555555555559,1.0237839229057224,0.8999999999999999,-0.2,-0.2,8.333333333333334,8.333333333333334,13.88888888888889,22.469637258786232,21.399999999999803,-0.04502913479731574,-0.019999999999997353,-0.2,-0.2,8.333333333333334,8.333333333333334
15,0.30000000000000004,False,0,1.1333333333333313,0.0,0.0,False,13.88888888888889,-3.2978307918647998,-4.15555555555559,0.551670439643773,0.5499999999999998,-0.30000000000000004,-0.30000000000000004,8.333333333333334,8.333333333333334,13.88888888888889,8.89575273406238,6.399999999999946,0.1354601841127545,-0.020000000000001572,-0.30000000000000004,-0.30000000000000004,8.333333333333334,8.333333333333334
15,0.4,True,2,0.0,1.0,1.0,True,8.423888888888891,-2.0734124901101394,-1.0703888888888882,0.26920292116287703,0.23999999999999932,-0.4,-0.4,8.333333333333334,8.333333333333334,7.023888888888891,-2.110347002051898,-0.48472222222224115,-0.24282357635862617,-6.661338147750939e-16,-0.4,-0.4,8.333333333333334,8.333333333333334
15,0.5,False,0,1.9000000000000004,1.0,0.0,True,8.729888888888885,4.255153391704337,5.823622222222224,0.25191189600260744,0.4500000000000002,-0.5,-0.5,8.333333333333334,8.333333333333334,8.329888888888885,5.05282580097622,5.82672222222222,-0.07656426074548839,0.0,-0.5,-0.5,8.333333333333334,8.333333333333334
15,0.6000000000000001,False,0,1.8344170271227551,1.0,0.0,True,8.729888888888885,5.370948146376592,6.379177777777785,0.4044043745468082,0.2800000000000007,-0.6000000000000001,-0.6000000000000001,8.333333333333334,8.333333333333334,7.929888888888884,5.402434063973549,6.420900000000015,-0.15251581465446717,-0.019999999999999574,-0.6000000000000001,-0.6000000000000001,8.333333333333334,8.333333333333334
15,0.7000000000000001,False,0,1.9417488649658148,1.0,0.0,True,8.729888888888885,6.189158346819885,6.934733333333338,0.12822034271501348,0.13000000000000078,-0.7000000000000001,-0.7000000000000001,8.333333333333334,8.333333333333334,8.329888888888885,5.370492734718437,6.935422222222226,0.20881471198479895,-0.009999999999999343,-0.7000000000000001,-0.7000000000000001,8.333333333333334,8.333333333333334
15,0.8,False,0,1.9417488649658148,1.0,0.0,True,8.729888888888885,7.005614918886818,6.934733333333338,0.26040333961820306,-0.0800000000000003,-0.8,-0.8,8.333333333333334,8.333333333333334,9.129888888888885,6.0882206953062346,6.97438888888889,-0.0039318477513174965,-2.220446049250313e-16,-0.8,-0.8,8.333333333333334,8.333333333333334
15,0.9,False,0,1.9417488649658148,1.0,0.0,True,8.729888888888885,5.382471850141731,6.934733333333338,0.06582324951855956,-0.2899999999999998,-0.9,-0.9,8.333333333333334,8.333333333333334,9.929888888888886,6.529201664557342,7.1736999999999975,-0.1233783790467522,-0.02000000000000024,-0.9,-0.9,8.333333333333334,8.333333333333334
15,1.0,False,0,1.9417488649658148,1.0,0.0,True,8.729888888888885,2.8462590908847547,6.934733333333338,-0.2656747825634471,-0.5,-1.0,-1.0,8.333333333333334,8.333333333333334,10.729888888888887,3.3296134935424506,7.533011111111109,0.6652113042174475,0.0,-1.0,-1.0,8.333333333333334,8.333333333333334
15,1.1,False,0,2.151261217932319,1.0,0.0,True,8.729888888888885,7.7520720712776425,8.045844444444445,-0.255797628208573,-0.4900000000000002,-1.1,-1.1,8.333333333333334,8.333333333333334,10.329888888888886,6.057574655329227,8.444466666666663,0.35929496450729914,-0.0499999999999996,-1.1,-1.1,8.333333333333334,8.333333333333334
15,1.2000000000000002,False,0,2.151261217932319,1.0,0.0,True,8.729888888888885,6.37161335253013,8.045844444444445,-0.4221119656519412,-0.6799999999999993,-1.2000000000000002,-1.2000000000000002,8.333333333333334,8.333333333333334,10.729888888888887,6.924400004895259,8.644122222222219,0.08856527159775696,-0.07999999999999963,-1.2000000000000002,-1.2000000000000002,8.333333333333334,8.333333333333334
15,1.3,False,0,2.2535912732928796,1.0,0.0,True,8.729888888888885,7.605831205305955,8.601399999999998,-0.6683556934314965,-0.7400000000000007,-1.3,-1.3,8.333333333333334,8.333333333333334,10.729888888888887,9.126765120763114,9.199677777777776,-0.12278004398112596,-0.09000000000000008,-1.3,-1.3,8.333333333333334,8.333333333333334
15,1.4000000000000001,False,0,2.2535912732928796,1.0,0.0,True,8.729888888888885,7.725533671904835,8.601399999999998,-0.5791667466063661,-0.919999999999999,-1.4000000000000001,-1.4000000000000001,8.333333333333334,8.333333333333334,11.129888888888887,6.87042412941391,9.43933333333333,0.34028478135679663,-0.08000000000000007,-1.4000000000000001,-1.4000000000000001,8.333333333333334,8.333333333333334
15,1.5,False,0,2.3559213286534386,1.0,0.0,True,8.729888888888885,7.6250785430031,9.156955555555559,-0.758669023492035,-0.9499999999999997,-1.5,-1.5,8.333333333333334,8.333333333333334,11.129888888888887,8.442835517735283,9.994888888888891,0.36300634143465604,-0.04999999999999982,-1.5,-1.5,8.333333333333334,8.333333333333334
15,1.6,False,0,2.4582513840139986,1.0,0.0,True,8.729888888888885,9.576728920598896,9.712511111111112,-0.701762141035414,-0.9600000000000004,-1.6,-1.6,8.333333333333334,8.333333333333334,10.729888888888887,8.734326804746612,10.31078888888889,0.26863470967381486,-0.1599999999999997,-1.6,-1.6,8.333333333333334,8.333333333333334
15,1.7000000000000002,False,0,2.4582513840139986,1.0,0.0,True,8.729888888888885,7.286540830840008,9.712511111111109,-0.578394744921686,-1.1199999999999992,-1.7000000000000002,-1.7000000000000002,8.333333333333334,8.333333333333334,11.129888888888887,7.4666182272079995,10.550444444444441,0.7084613953412511,-0.09999999999999964,-1.7000000000000002,-1.7000000000000002,8.333333333333334,8.333333333333334
16,0.0,False,0,4.0,0.0,0.0,False,13.88888888888889,-1.8270789364307403,-4.0444444444444825,1.6787890834530956,1.6,0.0,0.0,8.333333333333334,8.333333333333334,,,,,,,,,
16,0.1,False,0,4.0,0.0,0.0,False,13.88888888888889,-1.76505610276548,-4.0444444444444825,1.19669123861391,1.23,-0.1,-0.1,8.333333333333334,8.333333333333334,13.88888888888889,65.63503961681978,64.84444444444411,0.044943795273507225,-0.00999999999999579,-0.1,-0.1,8.333333333333334,8.333333333333334
16,0.2,False,0,3.600000000000001,0.0,0.0,False,13.88888888888889,-3.2242334624424656,-4.0444444444444825,0.6868859811469279,0.8599999999999999,-0.2,-0.2,8.333333333333334,8.333333333333334,13.88888888888889,21.205359112739583,20.399999999999803,-0.0060317111519658795,-0.019999999999997353,-0.2,-0.2,8.333333333333334,8.333333333333334
16,0.30000000000000004,False,0,0.9333333333333296,1.0,0.0,True,13.88888888888889,-2.2911582959345393,-4.0444444444444825,0.5476365943645027,0.48999999999999977,-0.30000000000000004,-0.30000000000000004,8.333333333333334,8.333333333333334,13.88888888888889,6.989773463787043,5.399999999999946,-0.10080455643832176,-0.020000000000001572,-0.30000000000000004,-0.30000000000000004,8.333333333333334,8.333333333333334
16,0.4,False,0,1.6999999999999993,1.0,1.0,True,8.603388888888885,3.6848360264241338,3.604138888888902,0.6595547952194423,0.4399999999999995,-0.4,-0.4,8.333333333333334,8.333333333333334,7.803388888888884,0.47714176341437753,3.7870777777777436,0.4689764614110188,-6.661338147750939e-16,-0.4,-0.4,8.333333333333334,8.333333333333334
16,0.5,False,0,2.0,1.0,0.0,True,8.729888888888885,5.934151601080356,6.823622222222224,0.2784442755706249,0.4500000000000002,-0.5,-0.5,8.333333333333334,8.333333333333334,7.929888888888884,5.240289439113053,6.866722222222227,0.04075592427495667,0.0,-0.5,-0.5,8.333333333333334,8.333333333333334
16,0.6000000000000001,False,0,2.027614335240262,1.0,0.0,True,8.729888888888885,6.5784363630547,7.379177777777785,-0.11946490036911794,0.2800000000000007,-0.6000000000000001,-0.6000000000000001,8.333333333333334,8.333333333333334,7.929888888888884,7.28637131984456,7.460900000000014,-0.32932637214227034,-0.019999999999999574,-0.6000000000000001,-0.6000000000000001,8.333333333333334,8.333333333333334
16,0.7000000000000001,False,0,2.130795206860207,1.0,0.0,True,8.729888888888885,6.812618006278673,7.934733333333338,0.11112420037476989,0.13000000000000078,-0.7000000000000001,-0.7000000000000001,8.333333333333334,8.333333333333334,8.329888888888885,7.342265416927863,7.935422222222226,-0.07659835252355673,-0.009999999999999343,-0.7000000000000001,-0.7000000000000001,8.333333333333334,8.333333333333334
16,0.8,False,0,2.233125262220767,1.0,0.0,True,8.729888888888885,6.0045641175396804,8.490288888888891,0.4265909568764785,-2.220446049250313e-16,-0.8,-0.8,8.333333333333334,8.333333333333334,8.729888888888885,6.0045641175396804,8.490288888888891,0.4265909568764785,-2.220446049250313e-16,-0.8,-0.8,8.333333333333334,8.333333333333334
16,0.9,False,0,2.233125262220767,1.0,0.0,True,8.729888888888885,8.664417850092882,8.490288888888891,-0.5346839980160576,-0.19999999999999996,-0.9,-0.9,8.333333333333334,8.333333333333334,9.529888888888886,7.061172093194057,8.609599999999997,0.07765785977682649,-0.02000000000000024,-0.9,-0.9,8.333333333333334,8.333333333333334
16,1.0,False,0,2.335455317581327,1.0,0.0,True,8.729888888888885,5.538496722895883,9.045844444444445,0.1281748444529196,-0.2999999999999998,-1.0,-1.0,8.333333333333334,8.333333333333334,9.929888888888886,9.11804214588581,9.284811111111111,-0.07906917646141798,0.0,-1.0,-1.0,8.333333333333334,8.333333333333334
16,1.1,False,0,2.335455317581327,1.0,0.0,True,8.729888888888885,7.382443295731922,9.045844444444445,-0.05474023498202407,-0.4900000000000002,-1.1,-1.1,8.333333333333334,8.333333333333334,10.329888888888886,9.322620987892392,9.444466666666663,-0.08878037285192986,-0.0499999999999996,-1.1,-1.1,8.333333333333334,8.333333333333334
16,1.2000000000000002,False,0,2.4377853729418875,1.0,0.0,True,8.729888888888885,8.79441198535077,9.601399999999998,-0.5874467408926143,-0.5599999999999992,-1.2000000000000002,-1.2000000000000002,8.333333333333334,8.333333333333334,10.329888888888886,6.558895281621816,10.00002222222222,0.4006831638976247,-0.07999999999999963,-1.2000000000000002,-1.2000000000000002,8.333333333333334,8.333333333333334
16,1.3,False,0,2.4377853729418875,1.0,0.0,True,8.729888888888885,8.786364765982555,9.601399999999998,-0.6660606314645536,-0.7400000000000007,-1.3,-1.3,8.333333333333334,8.333333333333334,10.729888888888887,9.338414274358477,10.199677777777776,-0.11173845018790529,-0.09000000000000008,-1.3,-1.3,8.333333333333334,8.333333333333334
16,1.4000000000000001,False,0,2.5401154283024465,1.0,0.0,True,8.729888888888885,8.481739575030563,10.156955555555559,-0.4260597635703698,-0.7799999999999994,-1.4000000000000001,-1.4000000000000001,8.333333333333334,8.333333333333334,10.729888888888887,9.267882130202302,10.75523333333333,-0.0643803552703035,-0.08000000000000007,-1.4000000000000001,-1.4000000000000001,8.333333333333334,8.333333333333334
16,1.5,False,0,2.5401154283024465,1.0,0.0,True,8.729888888888885,5.423635135168326,10.156955555555559,-0.09035841379496778,-0.9499999999999997,-1.5,-1.5,8.333333333333334,8.333333333333334,11.129888888888887,7.410827910305442,10.994888888888891,0.7403739885231699,-0.04999999999999982,-1.5,-1.5,8.333333333333334,8.333333333333334
16,1.6,False,0,2.5401154283024465,1.0,0.0,True,8.356586823332727,8.506977110089082,10.154630206555616,-0.9007123583432916,-1.2800000000000007,-1.6,-1.6,8.333333333333334,8.333333333333334,11.129888888888887,10.086350499934625,10.994888888888891,0.047707234585729896,-0.1599999999999997,-1.6,-1.6,8.333333333333334,8.333333333333334
16,1.7000000000000002,False,0,2.642445483663007,1.0,0.0,True,8.729888888888885,9.770693584904453,10.712511111111109,-0.7311998912676956,-1.1199999999999992,-1.7000000000000002,-1.7000000000000002,8.333333333333334,8.333333333333334,11.129888888888887,11.607121446388312,11.550444444444441,-0.018534392003406452,-0.09999999999999964,-1.7000000000000002,-1.7000000000000002,8.333333333333334,8.333333333333334
17,0.0,False,0,4.0,0.0,0.0,False,13.88888888888889,-3.7147078348272613,-4.111111111111067,1.5125267889508929,1.6,0.0,0.0,8.333333333333334,8.333333333333334,,,,,,,,,
17,0.1,False,0,4.0,0.0,0.0,False,13.88888888888889,-3.823502753310353,-4.111111111111067,1.1397977000749986,1.2199999999999998,-0.1,-0.1,8.333333333333334,8.333333333333334,13.88888888888889,64.62497505113787,63.84444444444411,-0.08537422069041667,-0.00999999999999579,-0.1,-0.1,8.333333333333334,8.333333333333334
17,0.2,False,0,3.400000000000001,0.0,0.0,False,13.88888888888889,-3.5839434341920464,-4.111111111111067,1.0609839005350863,0.8399999999999994,-0.2,-0.2,8.333333333333334,8.333333333333334,13.88888888888889,20.245370853918967,19.399999999999803,0.06001455350243412,-0.019999999999997353,-0.2,-0.2,8.333333333333334,8.333333333333334
17,0.30000000000000004,False,0,0.7333333333333294,1.0,1.0,True,13.88888888888889,-4.2988813652255,-4.111111111111067,0.743465193186903,0.4599999999999995,-0.30000000000000004,-0.30000000000000004,8.333333333333334,8.333333333333334,13.88888888888889,5.9943222498307565,4.399999999999946,0.07348042253911169,-0.020000000000001572,-0.30000000000000004,-0.30000000000000004,8.333333333333334,8.333333333333334
17,0.4,False,0,2.3,1.0,0.0,True,8.729888888888885,5.78358301315668,6.712511111111113,0.6151265828003147,0.5999999999999996,-0.4,-0.4,8.333333333333334,8.333333333333334,8.329888888888885,5.164049058009337,6.717677777777728,0.11450734165600807,-6.661338147750939e-16,-0.4,-0.4,8.333333333333334,8.333333333333334
17,0.5,False,0,1.9000000000000004,1.0,0.0,True,8.729888888888885,5.942072793599494,6.712511111111113,0.4516793314256691,0.3500000000000001,-0.5,-0.5,8.333333333333334,8.333333333333334,7.929888888888884,4.6191583372033636,6.83492222222223,0.34533993317262324,0.0,-0.5,-0.5,8.333333333333334,8.333333333333334
17,0.6000000000000001,False,0,2.3149893065092146,1.0,0.0,True,8.729888888888885,7.965146564302235,8.934733333333337,0.2884243288853585,0.3400000000000003,-0.6000000000000001,-0.6000000000000001,8.333333333333334,8.333333333333334,7.538336910791116,8.21749951638279,9.09595519780979,0.060214726429190346,-0.019999999999999574,-0.6000000000000001,-0.6000000000000001,8.333333333333334,8.333333333333334
17,0.7000000000000001,False,0,2.2126592511486542,1.0,0.0,True,8.729888888888885,6.793920556796928,8.379177777777784,0.3706333362865011,0.06000000000000072,-0.7000000000000001,-0.7000000000000001,8.333333333333334,8.333333333333334,8.329888888888885,5.841999457276022,8.379522222222224,-0.07941006070987355,-0.009999999999999343,-0.7000000000000001,-0.7000000000000001,8.333333333333334,8.333333333333334
17,0.8,False,0,2.2126592511486542,1.0,0.0,True,8.729888888888885,7.547135077525021,8.379177777777784,-0.27716450418530414,-0.16000000000000036,-0.8,-0.8,8.333333333333334,8.333333333333334,9.529888888888886,6.897055620266795,8.49848888888889,0.021614649773472827,-2.220446049250313e-16,-0.8,-0.8,8.333333333333334,8.333333333333334
17,0.9,False,0,2.417319361869775,1.0,0.0,True,8.729888888888885,7.74788463990074,9.490288888888891,-0.006369088045466764,-0.19999999999999996,-0.9,-0.9,8.333333333333334,8.333333333333334,9.529888888888886,9.663362083352393,9.609599999999997,-0.03880793719194564,-0.02000000000000024,-0.9,-0.9,8.333333333333334,8.333333333333334
17,1.0,False,0,2.519649417230335,1.0,0.0,True,8.729888888888885,9.51407711589881,10.045844444444445,-0.08878531593740657,-0.2999999999999998,-1.0,-1.0,8.333333333333334,8.333333333333334,9.929888888888886,8.389857719680307,10.284811111111111,0.20454125733373063,0.0,-1.0,-1.0,8.333333333333334,8.333333333333334
17,1.1,False,0,2.519649417230335,1.0,0.0,True,8.729888888888885,9.162126654989866,10.045844444444445,-0.17748466566300136,-0.4900000000000002,-1.1,-1.1,8.333333333333334,8.333333333333334,10.329888888888886,10.499104537305001,10.444466666666663,0.08279894371603946,-0.0499999999999996,-1.1,-1.1,8.333333333333334,8.333333333333334
17,1.2000000000000002,False,0,2.826639583312015,1.0,0.0,True,8.371041314237488,10.258988252627987,11.708740313020698,-0.23932100704336778,-0.4399999999999995,-1.2000000000000002,-1.2000000000000002,8.333333333333334,8.333333333333334,9.529888888888886,10.892413095643523,11.831822222222225,0.14320253367524316,-0.07999999999999963,-1.2000000000000002,-1.2000000000000002,8.333333333333334,8.333333333333334
17,1.3,False,0,2.724309527951455,1.0,0.0,True,8.729888888888885,9.491147853454795,11.156955555555559,-0.3953026239739932,-0.6100000000000003,-1.3,-1.3,8.333333333333334,8.333333333333334,10.329888888888886,10.748487992972624,11.555577777777778,-0.033925828555765314,-0.09000000000000008,-1.3,-1.3,8.333333333333334,8.333333333333334
17,1.4000000000000001,False,0,2.724309527951455,1.0,0.0,True,8.729888888888885,9.476102811117553,11.156955555555559,-0.4052986807367749,-0.7799999999999994,-1.4000000000000001,-1.4000000000000001,8.333333333333334,8.333333333333334,10.729888888888887,11.073062909407888,11.75523333333333,-0.23618166137513774,-0.08000000000000007,-1.4000000000000001,-1.4000000000000001,8.333333333333334,8.333333333333334
17,1.5,False,0,2.621979472590896,1.0,0.0,True,8.729888888888885,8.931160497527529,10.601399999999998,-0.7269299882175952,-1.1,-1.5,-1.5,8.333333333333334,8.333333333333334,11.529888888888888,9.34821253075701,11.718988888888891,0.6873763780442821,-0.04999999999999982,-1.5,-1.5,8.333333333333334,8.333333333333334
17,1.6,False,0,2.928969638672575,1.0,0.0,True,8.729888888888885,8.247089281475478,12.268066666666666,-0.006033800295837111,-0.8000000000000003,-1.6,-1.6,8.333333333333334,8.333333333333334,10.329888888888886,9.188419873224255,12.666688888888888,0.6825168091946971,-0.1599999999999997,-1.6,-1.6,8.333333333333334,8.333333333333334
17,1.7000000000000002,False,0,2.9289696386725743,1.0,0.0,True,8.521287908916912,9.454550790932075,12.239606710671744,-0.8093513243064954,-1.1199999999999992,-1.7000000000000002,-1.7000000000000002,8.333333333333334,8.333333333333334,10.729888888888887,12.804351989526541,12.86634444444444,-0.17266339598325153,-0.09999999999999964,-1.7000000000000002,-1.7000000000000002,8.333333333333334,8.333333333333334
18,0.0,False,0,4.0,0.0,0.0,False,13.88888888888889,-4.205782847926375,-4.2222222222221815,1.4751841812339257,1.6,0.0,0.0,8.333333333333334,8.333333333333334,,,,,,,,,
18,0.1,False,0,4.0,0.0,0.0,False,13.88888888888889,-2.024797478167545,-4.2222222222221815,1.307456281976079,1.1999999999999997,-0.1,-0.1,8.333333333333334,8.333333333333334,13.88888888888889,63.7659857172067,62.84444444444411,-0.05533619263803913,-0.00999999999999579,-0.1,-0.1,8.333333333333334,8.333333333333334
18,0.2,False,0,3.3000000000000007,0.0,0.0,False,13.88888888888889,-4.00699436443418,-4.2222222222221815,0.6244958811183094,0.7999999999999998,-0.2,-0.2,8.333333333333334,8.333333333333334,13.88888888888889,18.53284499882056,18.399999999999803,0.018787144651507548,-0.019999999999997353,-0.2,-0.2,8.333333333333334,8.333333333333334
18,0.30000000000000004,False,0,0.6333333333333301,1.0,1.0,True,13.88888888888889,-2.9060856607335053,-4.2222222222221815,0.6749027397351925,0.39999999999999947,-0.30000000000000004,-0.30000000000000004,8.333333333333334,8.333333333333334,13.88888888888889,4.158619738105398,3.399999999999946,0.18937025339366365,-0.020000000000001572,-0.30000000000000004,-0.30000000000000004,8.333333333333334,8.333333333333334
18,0.4,False,0,2.3,1.0,0.0,True,8.729888888888885,5.426877232075403,7.15695555555556,0.5604496036324402,0.5599999999999996,-0.4,-0.4,8.333333333333334,8.333333333333334,7.929888888888884,7.314885578058839,7.201777777777733,-0.012065904891064516,-6.661338147750939e-16,-0.4,-0.4,8.333333333333334,8.333333333333334
18,0.5,False,0,2.294523295437102,1.0,0.0,True,8.729888888888885,6.325839928102444,8.823622222222223,0.3667475629253971,0.4500000000000002,-0.5,-0.5,8.333333333333334,8.333333333333334,7.929888888888884,5.346676480964047,8.866722222222226,0.28745215209395036,0.0,-0.5,-0.5,8.333333333333334,8.333333333333334
18,0.6000000000000001,False,0,2.4991834061582225,1.0,0.0,True,8.729888888888885,6.545558996117568,9.934733333333337,0.45672479125180176,0.3400000000000003,-0.6000000000000001,-0.6000000000000001,8.333333333333334,8.333333333333334,8.329888888888885,8.28430221125075,9.936800000000016,0.14727932064146998,-0.019999999999999574,-0.6000000000000001,-0.6000000000000001,8.333333333333334,8.333333333333334
18,0.7000000000000001,False,0,2.4991834061582225,1.0,0.0,True,8.729888888888885,6.250132676280875,9.934733333333337,0.4201360434528367,0.13000000000000078,-0.7000000000000001,-0.7000000000000001,8.333333333333334,8.333333333333334,8.329888888888885,10.010262018375894,9.935422222222225,0.18345029155581427,-0.009999999999999343,-0.7000000000000001,-0.7000000000000001,8.333333333333334,8.333333333333334
18,0.8,False,0,2.4991834061582225,1.0,0.0,True,8.729888888888885,9.09500044181377,9.934733333333337,-0.1722969713043223,-0.0800000000000003,-0.8,-0.8,8.333333333333334,8.333333333333334,9.129888888888885,8.221858046538308,9.974388888888889,0.1922284931994449,-2.220446049250313e-16,-0.8,-0.8,8.333333333333334,8.333333333333334
18,0.9,False,0,2.396853350797662,1.0,0.0,True,8.729888888888885,7.732158527740595,9.379177777777784,-0.058640560526042274,-0.37999999999999967,-0.9,-0.9,8.333333333333334,8.333333333333334,10.329888888888886,8.833157275416749,9.777799999999996,0.025633110012142968,-0.02000000000000024,-0.9,-0.9,8.333333333333334,8.333333333333334
18,1.0,False,0,2.7038435168793433,1.0,0.0,True,8.729888888888885,9.609653186973045,11.045844444444445,-0.07189722091486739,-0.2999999999999998,-1.0,-1.0,8.333333333333334,8.333333333333334,9.929888888888886,9.785898943579276,11.284811111111111,0.266041107743773,0.0,-1.0,-1.0,8.333333333333334,8.333333333333334
18,1.1,False,0,2.8061735722399037,1.0,0.0,True,8.405600020941904,11.478028590002982,11.594173331239144,-0.21375200557230345,-0.4900000000000002,-1.1,-1.1,8.333333333333334,8.333333333333334,9.929888888888886,10.940100117526665,11.840366666666664,-0.008148664895986313,-0.0499999999999996,-1.1,-1.1,8.333333333333334,8.333333333333334
18,1.2000000000000002,False,0,2.8061735722399037,1.0,0.0,True,8.729888888888885,9.216269943677041,11.601399999999998,-0.18944779460340944,-0.5599999999999992,-1.2000000000000002,-1.2000000000000002,8.333333333333334,8.333333333333334,10.329888888888886,11.99389360532663,12.000022222222224,0.0545012677085428,-0.07999999999999963,-1.2000000000000002,-1.2000000000000002,8.333333333333334,8.333333333333334
18,1.3,False,0,2.9085036276004628,1.0,0.0,True,8.482024001206215,9.687795562479966,12.130748589970896,-0.458578431336113,-0.7400000000000007,-1.3,-1.3,8.333333333333334,8.333333333333334,10.329888888888886,9.955569603384586,12.555577777777778,0.2706915513376815,-0.09000000000000008,-1.3,-1.3,8.333333333333334,8.333333333333334
18,1.4000000000000001,False,0,2.9085036276004628,1.0,0.0,True,8.42921071120401,12.378107584627127,12.147367817768487,-1.2928966898005279,-0.919999999999999,-1.4000000000000001,-1.4000000000000001,8.333333333333334,8.333333333333334,10.729888888888887,12.627541803021344,12.75523333333333,0.14626141468566134,-0.08000000000000007,-1.4000000000000001,-1.4000000000000001,8.333333333333334,8.333333333333334
18,1.5,False,0,3.010833682961023,1.0,0.0,True,8.366757422515779,12.163174453171685,12.665956263675817,-1.0671632963643676,-1.1,-1.5,-1.5,8.333333333333334,8.333333333333334,10.729888888888887,13.318559934819259,13.31078888888889,-0.20574884242536418,-0.04999999999999982,-1.5,-1.5,8.333333333333334,8.333333333333334
18,1.6,False,0,3.010833682961023,1.0,0.0,True,8.385243153548164,12.00888833144272,12.66331460154597,-1.512688696167669,-1.2800000000000007,-1.6,-1.6,8.333333333333334,8.333333333333334,10.729888888888887,11.03089452452009,13.31078888888889,0.6093884716925388,-0.1599999999999997,-1.6,-1.6,8.333333333333334,8.333333333333334
18,1.7000000000000002,False,0,3.1131637383215827,1.0,0.0,True,8.376187651013293,11.673196356210344,13.206845524944047,-1.1182357663746065,-1.2899999999999991,-1.7000000000000002,-1.7000000000000002,8.333333333333334,8.333333333333334,10.729888888888887,12.246484289831148,13.86634444444444,0.03305357743818793,-0.09999999999999964,-1.7000000000000002,-1.7000000000000002,8.333333333333334,8.333333333333334
19,0.0,False,0,4.0,0.0,0.0,False,13.88888888888889,-3.4639423322165355,-4.266666666666704,1.5221812358970115,1.6,0.0,0.0,8.333333333333334,8.333333333333334,,,,,,,,,
19,0.1,False,0,4.0,0.0,0.0,False,13.88888888888889,-1.8214546175481017,-4.266666666666704,1.362966364010918,1.1800000000000002,-0.1,-0.1,8.333333333333334,8.333333333333334,13.88888888888889,61.986124677107355,61.84444444444411,0.13144223473353556,-0.00999999999999579,-0.1,-0.1,8.333333333333334,8.333333333333334
19,0.2,False,0,3.1000000000000028,0.0,0.0,False,13.88888888888889,-3.3049884580442734,-4.266666666666704,0.6716584311568483,0.7599999999999998,-0.2,-0.2,8.333333333333334,8.333333333333334,13.88888888888889,19.021776369193358,17.399999999999803,0.18389317368361668,-0.019999999999997353,-0.2,-0.2,8.333333333333334,8.333333333333334
19,0.30000000000000004,False,0,0.43333333333332846,1.0,1.0,True,13.88888888888889,-3.2315976095051395,-4.266666666666704,0.19032727817254047,0.3399999999999994,-0.30000000000000004,-0.30000000000000004,8.333333333333334,8.333333333333334,13.88888888888889,4.0537819113401925,2.399999999999946,0.027093016601540176,-0.020000000000001572,-0.30000000000000004,-0.30000000000000004,8.333333333333334,8.333333333333334
19,0.4,False,0,2.607637291819354,1.0,0.0,True,8.729888888888885,8.621589052942433,9.268066666666677,0.794021913946259,0.6399999999999997,-0.4,-0.4,8.333333333333334,8.333333333333334,7.548131370918764,9.337839136368142,9.39080765724395,-0.020638792378164572,-6.661338147750939e-16,-0.4,-0.4,8.333333333333334,8.333333333333334
19,0.5,False,0,2.5810474504466705,1.0,0.0,True,8.729888888888885,8.623379236165228,10.379177777777784,0.409901372196261,0.5,-0.5,-0.5,8.333333333333334,8.333333333333334,8.329888888888885,9.388846561385119,10.382622222222228,0.047437045495032804,0.0,-0.5,-0.5,8.333333333333334,8.333333333333334
19,0.6000000000000001,False,0,2.5810474504466705,1.0,0.0,True,8.729888888888885,8.897841442117446,10.379177777777784,0.12649905572253184,0.2800000000000007,-0.6000000000000001,-0.6000000000000001,8.333333333333334,8.333333333333334,8.329888888888885,7.079142492726004,10.380900000000015,0.26226572626991906,-0.019999999999999574,-0.6000000000000001,-0.6000000000000001,8.333333333333334,8.333333333333334
19,0.7000000000000001,False,0,2.683377505807231,1.0,0.0,True,8.3444992781132,10.187961014007232,10.933616738855353,0.16314304441471128,0.06000000000000072,-0.7000000000000001,-0.7000000000000001,8.333333333333334,8.333333333333334,8.033239265300836,8.530059283799684,10.963626145658598,0.23297779254217277,-0.009999999999999343,-0.7000000000000001,-0.7000000000000001,8.333333333333334,8.333333333333334
19,0.8,False,0,2.5810474504466705,1.0,0.0,True,8.729888888888885,9.418109701963346,10.379177777777784,-0.2652554097120068,-0.16000000000000036,-0.8,-0.8,8.333333333333334,8.333333333333334,9.529888888888886,10.417510366763427,10.49848888888889,-0.021876818534260378,-2.220446049250313e-16,-0.8,-0.8,8.333333333333334,8.333333333333334
19,0.9,False,0,2.5810474504466705,1.0,0.0,True,8.729888888888885,9.611875820228576,10.379177777777784,-0.19658276972748756,-0.37999999999999967,-0.9,-0.9,8.333333333333334,8.333333333333334,10.329888888888886,8.208867753495372,10.777799999999996,0.009798162967900481,-0.02000000000000024,-0.9,-0.9,8.333333333333334,8.333333333333334
19,1.0,False,0,2.8880376165283512,1.0,0.0,True,8.453563555592972,11.96379665357415,12.030806692332604,-0.5366042581195118,-0.3999999999999999,-1.0,-1.0,8.333333333333334,8.333333333333334,9.929888888888886,11.403920640008913,12.284811111111111,0.04890331714795382,0.0,-1.0,-1.0,8.333333333333334,8.333333333333334
19,1.1,False,0,2.990367671888912,1.0,0.0,True,8.42474683154245,9.202082172404168,12.590611673928237,-0.13468128113163758,-0.4900000000000002,-1.1,-1.1,8.333333333333334,8.333333333333334,9.929888888888886,12.074952229885039,12.840366666666664,0.011996787237704476,-0.0499999999999996,-1.1,-1.1,8.333333333333334,8.333333333333334
19,1.2000000000000002,False,0,3.0926977272494707,1.0,0.0,True,8.440726326121725,12.218131307245407,13.078975934696196,-0.44032221237731717,-0.6799999999999993,-1.2000000000000002,-1.2000000000000002,8.333333333333334,8.333333333333334,9.929888888888886,13.521970769340008,13.395922222222225,-0.21229595385822053,-0.07999999999999963,-1.2000000000000002,-1.2000000000000002,8.333333333333334,8.333333333333334
19,1.3,False,0,3.0926977272494707,1.0,0.0,True,8.400222299340744,10.596087781387851,13.078964546731669,-0.49876582317109985,-1.0000000000000004,-1.3,-1.3,8.333333333333334,8.333333333333334,10.329888888888886,11.802728114541623,13.555577777777778,0.31927476260849375,-0.09000000000000008,-1.3,-1.3,8.333333333333334,8.333333333333334
19,1.4000000000000001,False,0,2.990367671888912,1.0,0.0,True,8.455729711843206,11.070741026677887,12.58913645379095,-0.7712165287615036,-1.0599999999999992,-1.4000000000000001,-1.4000000000000001,8.333333333333334,8.333333333333334,11.129888888888887,11.036168155636968,13.43933333333333,0.2972993809648945,-0.08000000000000007,-1.4000000000000001,-1.4000000000000001,8.333333333333334,8.333333333333334
19,1.5,False,0,3.195027782610031,1.0,0.0,True,8.358460324665867,12.765587619262085,13.635159008184829,-1.2074661476206088,-1.25,-1.5,-1.5,8.333333333333334,8.333333333333334,10.729888888888887,11.678745508662733,14.31078888888889,0.15925917877368034,-0.04999999999999982,-1.5,-1.5,8.333333333333334,8.333333333333334
19,1.6,False,0,3.195027782610031,1.0,0.0,True,8.441059845672017,11.496871027003365,13.628858821787688,-0.8308319603343617,-1.2800000000000007,-1.6,-1.6,8.333333333333334,8.333333333333334,10.729888888888887,13.457269701221204,14.31078888888889,-0.18889337783322402,-0.1599999999999997,-1.6,-1.6,8.333333333333334,8.333333333333334
19,1.7000000000000002,False,0,3.195027782610031,1.0,0.0,True,8.337333774037653,11.969011615458527,13.607015854055298,-1.1276056635733178,-1.629999999999999,-1.7000000000000002,-1.7000000000000002,8.333333333333334,8.333333333333334,11.129888888888887,12.735011266759809,14.550444444444441,0.22689191357342198,-0.09999999999999964,-1.7000000000000002,-1.7000000000000002,8.333333333333334,8.333333333333334
20,0.0,False,0,4.0,0.0,0.0,False,13.88888888888889,-4.031421653962371,-4.155555555555604,1.542824881015934,1.6,0.0,0.0,8.333333333333334,8.333333333333334,,,,,,,,,
20,0.1,False,0,4.0,0.0,0.0,False,13.88888888888889,-3.1828786125297936,-4.155555555555604,0.9814638515831366,1.1600000000000001,-0.1,-0.1,8.333333333333334,8.333333333333334,13.88888888888889,61.74281084765208,60.84444444444411,-0.03567857269941044,-0.00999999999999579,-0.1,-0.1,8.333333333333334,8.333333333333334
20,0.2,False,0,2.9000000000000026,0.0,0.0,False,13.88888888888889,-3.1734438586748324,-4.155555555555604,0.63690550094161,0.7200000000000002,-0.2,-0.2,8.333333333333334,8.333333333333334,13.88888888888889,18.03757096034928,16.399999999999803,0.05370997108078268,-0.019999999999997353,-0.2,-0.2,8.333333333333334,8.333333333333334
20,0.30000000000000004,True,1,0.0,1.0,1.0,True,12.623888888888889,-4.2669158246184535,-4.2789500000000045,0.09562194523053758,0.2499999999999991,-0.30000000000000004,-0.30000000000000004,8.333333333333334,8.333333333333334,12.623888888888889,-0.30929089262861265,-0.45954999999995305,-0.2466161239701925,-0.020000000000001572,-0.30000000000000004,-0.30000000000000004,8.333333333333334,8.333333333333334
20,0.4,False,0,2.8061456137506076,1.0,0.0,True,8.729888888888885,7.5559364225812375,10.823622222222223,0.9631005908050132,0.6799999999999997,-0.4,-0.4,8.333333333333334,8.333333333333334,8.05639826853756,9.330422141476841,10.911524963883142,-0.006476779051391324,-6.661338147750939e-16,-0.4,-0.4,8.333333333333334,8.333333333333334
20,0.5,False,0,2.5605814393745594,1.0,0.0,True,8.729888888888885,9.274660604556153,10.268066666666677,0.4873297804034258,0.3999999999999999,-0.5,-0.5,8.333333333333334,8.333333333333334,8.329888888888885,10.147491745102169,10.270822222222218,-0.05297578061786323,0.0,-0.5,-0.5,8.333333333333334,8.333333333333334
20,0.6000000000000001,False,0,2.7652415500956784,1.0,0.0,True,8.729888888888885,9.707401417453063,11.379177777777784,0.6651842898897806,0.2800000000000007,-0.6000000000000001,-0.6000000000000001,8.333333333333334,8.333333333333334,8.329888888888885,10.680292936286737,11.380900000000015,0.03739815758713472,-0.019999999999999574,-0.6000000000000001,-0.6000000000000001,8.333333333333334,8.333333333333334
20,0.7000000000000001,False,0,2.6629114947351185,1.0,0.0,True,8.729888888888885,9.358758045387699,10.823622222222223,0.3081755029253874,-0.009999999999999343,-0.7000000000000001,-0.7000000000000001,8.333333333333334,8.333333333333334,8.729888888888885,9.358758045387699,10.823622222222223,0.3081755029253874,-0.009999999999999343,-0.7000000000000001,-0.7000000000000001,8.333333333333334,8.333333333333334
20,0.8,False,0,2.969901660816799,1.0,0.0,True,8.337943614132856,12.408446361517825,12.462886411382847,-0.16108105099069192,-0.16000000000000036,-0.8,-0.8,8.333333333333334,8.333333333333334,8.748636864309164,12.680388843894683,12.485698379694263,0.046285598817321416,-2.220446049250313e-16,-0.8,-0.8,8.333333333333334,8.333333333333334
20,0.9,False,0,3.0722317161773596,1.0,0.0,True,8.348399850758158,10.80882636493806,12.992854943163085,-0.09129893125621402,-0.37999999999999967,-0.9,-0.9,8.333333333333334,8.333333333333334,9.129888888888885,12.270301001957115,13.085499999999996,0.23760478969331533,-0.02000000000000024,-0.9,-0.9,8.333333333333334,8.333333333333334
20,1.0,False,0,3.0722317161773596,1.0,0.0,True,8.51956147023925,11.388152877613766,13.021919707637746,-0.20644728624606,-0.3999999999999999,-1.0,-1.0,8.333333333333334,8.333333333333334,9.929888888888886,10.620134158868787,13.284811111111111,0.4225000660638245,0.0,-1.0,-1.0,8.333333333333334,8.333333333333334
20,1.1,False,0,3.2768918268984786,1.0,0.0,True,8.401466111656934,12.37940549603114,14.094187417471744,-0.41039610705930674,-0.6000000000000001,-1.1,-1.1,8.333333333333334,8.333333333333334,9.542900367213539,12.610589281254864,14.272363223169268,0.09213554134235968,-0.0499999999999996,-1.1,-1.1,8.333333333333334,8.333333333333334
20,1.2000000000000002,False,0,3.17456177153792,1.0,0.0,True,8.364008121151635,12.618164320717263,13.53842079313705,-0.48431856626603564,-0.7999999999999994,-1.2000000000000002,-1.2000000000000002,8.333333333333334,8.333333333333334,10.329888888888886,11.525934377991202,14.000022222222224,0.5427384370698101,-0.07999999999999963,-1.2000000000000002,-1.2000000000000002,8.333333333333334,8.333333333333334
20,1.3,False,0,3.2768918268984786,1.0,0.0,True,8.361861405981603,12.23749142005018,13.967905464474565,-0.7876519609079087,-1.1300000000000008,-1.3,-1.3,8.333333333333334,8.333333333333334,10.329888888888886,14.710185595917544,14.555577777777778,-0.254665355793426,-0.09000000000000008,-1.3,-1.3,8.333333333333334,8.333333333333334
20,1.4000000000000001,False,0,3.379221882259039,1.0,0.0,True,8.38453037639611,12.04184027683591,14.522381943483044,-0.6313887880784819,-1.3399999999999985,-1.4000000000000001,-1.4000000000000001,8.333333333333334,8.333333333333334,10.329888888888886,14.412658865679933,15.111133333333331,0.15796349683442212,-0.08000000000000007,-1.4000000000000001,-1.4000000000000001,8.333333333333334,8.333333333333334
20,1.5,False,0,3.379221882259039,1.0,0.0,True,8.356424791004669,12.956180024581645,14.493388587127168,-1.833634174993259,-1.7999999999999998,-1.5,-1.5,8.333333333333334,8.333333333333334,10.729888888888887,15.352508923929602,15.31078888888889,0.08287238043582201,-0.04999999999999982,-1.5,-1.5,8.333333333333334,8.333333333333334
20,1.6,False,0,3.4815519376195994,1.0,0.0,True,8.378303871199936,13.386361337230866,14.866135162156532,-1.730069884416698,-1.879999999999999,-1.6,0.0,8.333333333333334,8.333333333333334,10.329888888888886,14.045083040906821,15.666688888888888,0.1297868043221717,-0.1599999999999997,-1.6,-1.6,8.333333333333334,8.333333333333334
20,1.7000000000000002,False,0,3.5838819929801584,1.0,0.0,True,8.406845586160374,12.252604252520701,15.131910190151341,-1.681869809714747,-1.8300000000000005,0.0,0.0,8.333333333333334,8.333333333333334,10.478158709569739,15.526981873295373,16.20111032390793,0.13542485534964932,-0.09999999999999964,-1.7000000000000002,-1.7000000000000002,8.333333333333334,8.333333333333334
21,0.0,False,0,4.0,0.0,0.0,False,13.88888888888889,-2.291180828847277,-4.04444444444449,1.4284024714523702,1.6,0.0,0.0,8.333333333333334,8.333333333333334,,,,,,,,,
21,0.1,False,0,4.0,0.0,0.0,False,13.88888888888889,-2.2436071836947447,-4.04444444444449,1.0690383085228459,1.1400000000000001,-0.1,-0.1,8.333333333333334,8.333333333333334,13.88888888888889,59.82011738651771,59.84444444444411,0.1407671660090135,-0.00999999999999579,-0.1,-0.1,8.333333333333334,8.333333333333334
21,0.2,False,0,2.7000000000000024,0.0,0.0,False,13.88888888888889,-1.6190008540142697,-4.04444444444449,0.7025089426724977,0.6800000000000002,-0.2,-0.2,8.333333333333334,8.333333333333334,13.88888888888889,17.040030421324627,15.399999999999803,0.07970103074571955,-0.019999999999997353,-0.2,-0.2,8.333333333333334,8.333333333333334
21,0.30000000000000004,False,0,0.03333333333332818,1.0,1.0,True,13.88888888888889,-2.4374310816031963,-4.04444444444449,0.3009608431278208,0.21999999999999886,-0.30000000000000004,-0.30000000000000004,8.333333333333334,8.333333333333334,13.88888888888889,0.4358273050176935,0.3999999999999462,-0.07075350073405184,-0.020000000000001572,-0.30000000000000004,-0.30000000000000004,8.333333333333334,8.333333333333334
21,0.4,False,0,2.8000000000000007,1.0,0.0,True,8.364287915905576,10.353500549833917,11.262433700193782,0.8203903879710062,0.5999999999999996,-0.4,-0.4,8.333333333333334,8.333333333333334,8.062800977520991,10.861118777977293,11.66823223391226,-0.06338252788113063,-6.661338147750939e-16,-0.4,-0.4,8.333333333333334,8.333333333333334
21,0.5,False,0,2.9494356497446867,1.0,0.0,True,8.391858279885193,11.187889498293472,12.371738862010574,0.37772149683985434,0.4500000000000002,-0.5,-0.5,8.333333333333334,8.333333333333334,8.152829822036066,11.700535173919395,12.534192022178129,-0.21831175583162143,0.0,-0.5,-0.5,8.333333333333334,8.333333333333334
21,0.6000000000000001,False,0,3.051765705105247,1.0,0.0,True,8.572178951443416,11.386022895877062,12.905667510997688,0.4761218811649699,0.2800000000000007,-0.6000000000000001,-0.6000000000000001,8.333333333333334,8.333333333333334,8.313922927280167,9.805573351771042,12.915372714024283,0.03894627333703138,-0.019999999999999574,-0.6000000000000001,-0.6000000000000001,8.333333333333334,8.333333333333334
21,0.7000000000000001,False,0,2.8471055943841264,1.0,0.0,True,8.334083292330623,10.89912300660555,11.823127785978329,-0.01028941640601655,-0.07999999999999918,-0.7000000000000001,-0.7000000000000001,8.333333333333334,8.333333333333334,8.734083292330624,7.785319082330436,11.823202781878049,0.41035960160554774,-0.009999999999999343,-0.7000000000000001,-0.7000000000000001,8.333333333333334,8.333333333333334
21,0.8,False,0,3.154095760465807,1.0,0.0,True,8.437198955025941,10.90173257792216,13.433135866468035,0.11387797298569247,-0.16000000000000036,-0.8,-0.8,8.333333333333334,8.333333333333334,8.813714082726236,13.694065816163913,13.478834269451575,-0.024203013258409012,-2.220446049250313e-16,-0.8,-0.8,8.333333333333334,8.333333333333334
21,0.9,False,0,3.154095760465807,1.0,0.0,True,8.333709112604984,13.637329104506534,13.425747750134818,-0.4628202802821484,-0.37999999999999967,-0.9,-0.9,8.333333333333334,8.333333333333334,9.612175058213674,10.30091441371236,13.599089080910286,0.060766451666446564,-0.02000000000000024,-0.9,-0.9,8.333333333333334,8.333333333333334
21,1.0,False,0,3.2564258158263675,1.0,0.0,True,8.34670015061435,10.49116686558293,13.923151623100996,-0.18015970502685463,-0.6999999999999997,-1.0,-1.0,8.333333333333334,8.333333333333334,9.967173000364783,12.488559945995092,14.28108269996352,0.06177611001514771,0.0,-1.0,-1.0,8.333333333333334,8.333333333333334
21,1.1,False,0,3.358755871186928,1.0,0.0,True,8.337659936313928,12.649465560869452,14.399291127375157,-0.7947098938987092,-1.040000000000001,-1.1,-1.1,8.333333333333334,8.333333333333334,9.981953546595678,13.346976873107774,14.8320499826816,0.4029909142652892,-0.0499999999999996,-1.1,-1.1,8.333333333333334,8.333333333333334
21,1.2000000000000002,False,0,3.4610859265474865,1.0,0.0,True,8.356605365019663,13.233628670406244,14.76308644775639,-1.112206377145415,-1.6399999999999992,-1.2000000000000002,-1.2000000000000002,8.333333333333334,8.333333333333334,10.050709039850382,13.652505274266169,15.382759369894295,0.020555103879938974,-0.07999999999999963,-1.2000000000000002,-1.2000000000000002,8.333333333333334,8.333333333333334
21,1.3,False,0,3.4610859265474865,1.0,0.0,True,8.405185796029734,12.31677997957636,14.926088795299698,-1.1629155124586312,-1.390000000000001,-1.3,-1.3,8.333333333333334,8.333333333333334,10.329888888888886,13.582231798978654,15.555577777777778,0.0869510633689532,-0.09000000000000008,-1.3,-1.3,8.333333333333334,8.333333333333334
21,1.4000000000000001,False,0,3.4610859265474865,1.0,0.0,True,8.364862535906447,12.35320580115771,14.879569732282985,-1.467076606554968,-1.7599999999999985,-1.4000000000000001,-1.4000000000000001,8.333333333333334,8.333333333333334,10.729888888888887,15.609584871096118,15.75523333333333,-0.06707640989043484,-0.08000000000000007,-1.4000000000000001,-1.4000000000000001,8.333333333333334,8.333333333333334
21,1.5,False,0,3.4610859265474865,1.0,0.0,True,8.344972456242777,13.261755201508148,14.896824463595163,-1.3165584777759327,-1.7999999999999998,-1.5,-1.5,8.333333333333334,8.333333333333334,11.129888888888887,14.322077909029478,15.994888888888891,0.5453045053517283,-0.04999999999999982,-1.5,-1.5,8.333333333333334,8.333333333333334
21,1.6,False,0,3.7680760926291668,1.0,0.0,True,8.384550841191245,11.512245615460305,15.841823535220332,-1.812730094682475,-1.879999999999999,0.0,0.0,8.333333333333334,8.333333333333334,10.194043710833324,16.095298722817414,17.02228262366007,-0.16526955695953993,-0.1599999999999997,-1.6,-1.6,8.333333333333334,8.333333333333334
21,1.7000000000000002,False,0,3.8704061479897263,1.0,0.0,True,8.388721816696547,12.413134342594336,15.605034603901014,-1.6843649638677651,-1.8300000000000005,0.0,0.0,8.333333333333334,8.333333333333334,10.408501919778967,16.482384304593065,17.508587834761453,-0.11419414167567199,-0.09999999999999964,-1.7000000000000002,-1.7000000000000002,8.333333333333334,8.333333333333334
22,0.0,False,0,4.0,0.0,0.0,False,13.88888888888889,-2.6802496702943754,-4.111111111111074,1.4576881430484332,1.6,0.0,0.0,8.333333333333334,8.333333333333334,,,,,,,,,
22,0.1,False,0,4.0,0.0,0.0,False,13.88888888888889,-3.840291313571927,-4.111111111111074,1.1775971931863216,1.1300000000000003,-0.1,-0.1,8.333333333333334,8.333333333333334,13.88888888888889,58.63270385179432,58.84444444444411,0.14107295201276226,-0.00999999999999579,-0.1,-0.1,8.333333333333334,8.333333333333334
22,0.2,False,0,2.5000000000000044,0.0,0.0,False,13.88888888888889,-2.5746912562559485,-4.111111111111074,0.5616232387993874,0.6600000000000001,-0.2,-0.2,8.333333333333334,8.333333333333334,13.88888888888889,14.269131923098268,14.399999999999803,-0.060673474501673486,-0.019999999999997353,-0.2,-0.2,8.333333333333334,8.333333333333334
22,0.30000000000000004,False,0,2.9946817755222677,1.0,0.0,True,8.729888888888885,8.113577152445426,8.455077777777785,0.7558791292301534,0.6699999999999999,-0.30000000000000004,-0.30000000000000004,8.333333333333334,8.333333333333334,7.529888888888884,8.895276938285416,8.822999999999947,0.0835940074864332,-0.020000000000001572,-0.30000000000000004,-0.30000000000000004,8.333333333333334,8.333333333333334
22,0.4,False,0,3.1336297493936947,1.0,0.0,True,8.543877867936656,11.818643564706356,13.334069135673012,1.0383690091589863,0.6799999999999997,-0.4,-0.4,8.333333333333334,8.333333333333334,7.950132313900486,12.45048987106519,13.403924865709175,0.017884865945010375,-6.661338147750939e-16,-0.4,-0.4,8.333333333333334,8.333333333333334
22,0.5,False,0,3.1336297493936947,1.0,0.0,True,8.344273311999002,11.604386077783222,13.332671311322546,0.528852867211556,0.3999999999999999,-0.5,-0.5,8.333333333333334,8.333333333333334,7.954932529669121,12.603047187576838,13.5066234006058,0.004818018626269405,0.0,-0.5,-0.5,8.333333333333334,8.333333333333334
22,0.6000000000000001,False,0,3.338289860114815,1.0,0.0,True,8.360381441310569,13.58827348091899,14.339127599773274,0.12846462058413932,0.10000000000000053,-0.6000000000000001,-0.6000000000000001,8.333333333333334,8.333333333333334,8.32303117003637,13.611470625793626,14.341188032432672,0.26748584915543416,-0.019999999999999574,-0.6000000000000001,-0.6000000000000001,8.333333333333334,8.333333333333334
22,0.7000000000000001,False,0,3.235959804754255,1.0,0.0,True,8.430121291577716,10.443102271275777,13.811374147171541,0.36280331893135687,-0.14999999999999925,-0.7000000000000001,-0.7000000000000001,8.333333333333334,8.333333333333334,8.535128150961292,13.895004422951079,13.83605244139012,0.2113926741177785,-0.009999999999999343,-0.7000000000000001,-0.7000000000000001,8.333333333333334,8.333333333333334
22,0.8,False,0,3.338289860114815,1.0,0.0,True,8.384717214012586,11.841132264292696,14.29620107695871,-0.370898127303144,-0.5600000000000009,-0.8,-0.8,8.333333333333334,8.333333333333334,9.033854708862826,12.868071127558764,14.449001016488786,0.27257105880775123,-2.220446049250313e-16,-0.8,-0.8,8.333333333333334,8.333333333333334
22,0.9,False,0,3.1336297493936947,1.0,0.0,True,8.56087441463665,10.079425857708653,13.3434043708199,0.10198596705975893,-0.4699999999999993,-0.9,-0.9,8.333333333333334,8.333333333333334,10.329888888888886,10.989773751226334,13.777799999999996,0.2964202444234205,-0.02000000000000024,-0.9,-0.9,8.333333333333334,8.333333333333334
22,1.0,False,0,3.4406199154753754,1.0,0.0,True,8.404860398043875,12.263918669157686,14.789046912199016,-0.6838445002656297,-0.7999999999999998,-1.0,-1.0,8.333333333333334,8.333333333333334,10.100165220504913,14.258751250198959,15.259296496858102,0.2696739723116468,0.0,-1.0,-1.0,8.333333333333334,8.333333333333334
22,1.1,False,0,3.4406199154753754,1.0,0.0,True,8.436680377429955,9.682160661914335,14.782183842358354,-0.6573949315087182,-1.1500000000000008,-1.1,-1.1,8.333333333333334,8.333333333333334,10.329888888888886,13.683709360428715,15.444466666666663,-0.15525844852996196,-0.0499999999999996,-1.1,-1.1,8.333333333333334,8.333333333333334
22,1.2000000000000002,False,0,3.645280026196495,1.0,0.0,True,8.34313047512698,13.85400748052152,15.26802168967416,-1.8987107935371146,-1.7999999999999998,0.0,0.0,8.333333333333334,8.333333333333334,10.241320573515429,15.537590867569342,16.327794777890986,0.16780608334552483,-0.07999999999999963,-1.2000000000000002,-1.2000000000000002,8.333333333333334,8.333333333333334
22,1.3,False,0,3.645280026196495,1.0,0.0,True,8.352162840886827,12.75704287444545,15.179405497974603,-1.7478055969295645,-1.8899999999999997,0.0,0.0,8.333333333333334,8.333333333333334,10.480971334414505,16.670035072541364,16.53433457121832,-0.20714020349679996,-0.09000000000000008,-1.3,-1.3,8.333333333333334,8.333333333333334
22,1.4000000000000001,False,0,3.645280026196495,1.0,0.0,True,8.343403505179863,11.241824190216587,15.263282856276692,-1.8947797340673953,-1.8999999999999986,0.0,0.0,8.333333333333334,8.333333333333334,10.729888888888887,15.287157760730757,16.75523333333333,0.24110190388045716,-0.08000000000000007,-1.4000000000000001,-1.4000000000000001,8.333333333333334,8.333333333333334
22,1.5,False,0,3.5429499708359358,1.0,0.0,True,8.470058571425039,12.141516377657073,15.207930050250635,-1.5348719799429236,-1.7999999999999998,-1.5,0.0,8.333333333333334,8.333333333333334,11.529888888888888,15.173776990784805,16.71898888888889,0.16405567757521844,-0.04999999999999982,-1.5,-1.5,8.333333333333334,8.333333333333334
22,1.6,False,0,3.7476100815570548,1.0,0.0,True,8.351947616743296,13.618127918912766,15.443083706338985,-1.6900734901219934,-1.879999999999999,0.0,0.0,8.333333333333334,8.333333333333334,10.837347198919208,15.552498490428679,17.29426568999408,0.3983453830977832,-0.1599999999999997,-1.6,-1.6,8.333333333333334,8.333333333333334
22,1.7000000000000002,False,0,3.8499401369176143,1.0,0.0,True,8.42533486708768,12.509787562570398,16.053593470357743,-1.814056079966263,-1.8300000000000005,0.0,0.0,8.333333333333334,8.333333333333334,10.883053044525804,17.996063106311286,17.84663531835975,0.02761985601985595,-0.09999999999999964,-1.7000000000000002,-1.7000000000000002,8.333333333333334,8.333333333333334
23,0.0,False,0,4.0,0.0,0.0,False,13.88888888888889,-1.941710559128384,-4.222222222222174,1.602083974392257,1.6,0.0,0.0,8.333333333333334,8.333333333333334,,,,,,,,,
23,0.1,False,0,4.0,0.0,0.0,False,13.88888888888889,-1.066368072262736,-4.222222222222174,1.2563948940418292,1.1100000000000003,-0.1,-0.1,8.333333333333334,8.333333333333334,13.88888888888889,58.64432418509607,57.84444444444411,0.1757439694950813,-0.00999999999999579,-0.1,-0.1,8.333333333333334,8.333333333333334
23,0.2,False,0,2.4000000000000044,1.0,1.0,True,13.88888888888889,-4.109978546265128,-4.222222222222174,0.6324517061551562,0.6200000000000006,-0.2,-0.2,8.333333333333334,8.333333333333334,13.88888888888889,14.952026962222998,13.399999999999803,0.18134370912305764,-0.019999999999997353,-0.2,-0.2,8.333333333333334,8.333333333333334
23,0.30000000000000004,False,0,3.4333333333333336,1.0,0.0,True,8.411283489454098,8.755598311606281,11.075999428832379,0.7825137072627304,0.73,-0.30000000000000004,-0.30000000000000004,8.333333333333334,8.333333333333334,7.579954733975792,12.20113055536741,11.97216927749059,0.26629092075391503,-0.020000000000001572,-0.30000000000000004,-0.30000000000000004,8.333333333333334,8.333333333333334
23,0.4,False,0,3.215493793682142,1.0,0.0,True,8.33582152966065,13.55881195061566,13.767532485704923,0.4138821708549001,0.5599999999999996,-0.4,-0.4,8.333333333333334,8.333333333333334,8.151433540232564,12.323762192522093,13.88701809422125,0.12733485262599276,-6.661338147750939e-16,-0.4,-0.4,8.333333333333334,8.333333333333334
23,0.5,False,0,3.215493793682142,1.0,0.0,True,8.626953559211813,10.947109590890925,13.692804177150244,0.23785943157960876,0.3500000000000001,-0.5,-0.5,8.333333333333334,8.333333333333334,8.292375841893099,13.00322615876851,13.702613008599766,-0.17504827180333882,0.0,-0.5,-0.5,8.333333333333334,8.333333333333334
23,0.6000000000000001,False,0,3.420153904403263,1.0,0.0,True,8.485150377180927,11.489624059841574,14.762928435944005,0.4524583518323424,0.1600000000000006,-0.6000000000000001,-0.6000000000000001,8.333333333333334,8.333333333333334,8.299907235402916,13.39914255685872,14.772956265323131,0.10470961307679483,-0.019999999999999574,-0.6000000000000001,-0.6000000000000001,8.333333333333334,8.333333333333334
23,0.7000000000000001,False,0,3.522483959763823,1.0,0.0,True,8.334956963098888,13.49469857768047,14.982381000272863,-0.6706266079626,-0.9199999999999986,-0.7000000000000001,-0.7000000000000001,8.333333333333334,8.333333333333334,8.80221471370211,15.500676208594154,15.199624030243282,-0.1574366064192716,-0.009999999999999343,-0.7000000000000001,-0.7000000000000001,8.333333333333334,8.333333333333334
23,0.8,False,0,3.6248140151243833,1.0,0.0,True,8.357521232074903,12.124830055793023,15.477993155030777,-1.0085191052395273,-1.2800000000000016,-0.8,-0.8,8.333333333333334,8.333333333333334,9.314216283861125,13.239849613995542,15.777663444261183,0.15354912343630067,-2.220446049250313e-16,-0.8,-0.8,8.333333333333334,8.333333333333334
23,0.9,False,0,3.522483959763823,1.0,0.0,True,8.396179070216908,11.579610757428956,15.006246465644349,-0.6964538768844466,-1.0999999999999983,-0.9,-0.9,8.333333333333334,8.333333333333334,9.751180048511278,15.806690267785378,15.564324602143287,-0.04871501159531699,-0.02000000000000024,-0.9,-0.9,8.333333333333334,8.333333333333334
23,1.0,False,0,3.522483959763823,1.0,0.0,True,8.389465501215323,13.358608442092969,15.000785855393875,-1.3638599821160515,-1.6,-1.0,-1.0,8.333333333333334,8.333333333333334,10.369941019454552,11.78017001849856,15.88490589805454,0.503876071871713,0.0,-1.0,-1.0,8.333333333333334,8.333333333333334
23,1.1,False,0,3.7271440704849437,1.0,0.0,True,8.367786516925532,13.296423257500418,15.790934055148785,-1.8397878287648173,-1.8799999999999981,0.0,0.0,8.333333333333334,8.333333333333334,10.141235258147626,16.611870904639577,16.81225120565819,-0.13047748999511577,-0.0499999999999996,-1.1,-1.1,8.333333333333334,8.333333333333334
23,1.2000000000000002,False,0,3.7271440704849437,1.0,0.0,True,8.354370863202755,12.306365067878506,15.659146456143166,-1.5082181963116816,-1.7999999999999998,0.0,0.0,8.333333333333334,8.333333333333334,10.542438878377808,17.048898001394605,16.963663332144307,0.07496947351120697,-0.07999999999999963,-1.2000000000000002,-1.2000000000000002,8.333333333333334,8.333333333333334
23,1.3,False,0,3.8294741258455027,1.0,0.0,True,8.353562671643779,13.642774963128662,15.58182871059645,-1.7513369786668886,-1.8899999999999997,0.0,0.0,8.333333333333334,8.333333333333334,10.46804246029539,16.563657424705355,17.530387609241572,0.15898508323047356,-0.09000000000000008,-1.3,-1.3,8.333333333333334,8.333333333333334
23,1.4000000000000001,False,0,3.9318041812060627,1.0,0.0,True,8.366051859159105,12.794596708336503,16.133790845182805,-1.8970063241691877,-1.8999999999999986,0.0,0.0,8.333333333333334,8.333333333333334,10.608513541009895,16.553533640863545,18.072233399582426,0.14633603368096182,-0.08000000000000007,-1.4000000000000001,-1.4000000000000001,8.333333333333334,8.333333333333334
23,1.5,False,0,3.9318041812060627,1.0,0.0,True,8.361400719510527,12.522005595993182,15.927446750928336,-1.737362534395056,-1.7999999999999998,0.0,0.0,8.333333333333334,8.333333333333334,10.819580694651878,17.3121700410391,18.295217325608302,0.2032913334432287,-0.04999999999999982,-1.5,-1.5,8.333333333333334,8.333333333333334
23,1.6,False,0,3.9318041812060627,1.0,0.0,True,8.344788243546589,11.6730974255354,15.879517095214904,-1.8933228714421644,-1.879999999999999,0.0,0.0,8.333333333333334,8.333333333333334,10.858180195501937,14.939587867148777,18.287299698948882,0.3930987878618124,-0.1599999999999997,-1.6,-1.6,8.333333333333334,8.333333333333334
23,1.7000000000000002,False,0,4.0,1.0,0.0,True,8.35823012696439,11.587565962883755,16.32187886601025,-1.6846076149980016,-1.8300000000000005,0.0,0.0,8.333333333333334,8.333333333333334,10.73785633019343,19.000582659300616,19.13752092746999,-0.36364036221287366,-0.09999999999999964,-1.7000000000000002,-1.7000000000000002,8.333333333333334,8.333333333333334
24,0.0,False,0,4.0,0.0,0.0,False,13.88888888888889,-3.580881417108645,-4.266666666666711,1.5397721721943705,1.6,0.0,0.0,8.333333333333334,8.333333333333334,,,,,,,,,
24,0.1,False,0,4.0,0.0,0.0,False,13.88888888888889,-1.8577488716598962,-4.266666666666711,0.9232866789841552,1.0900000000000003,-0.1,-0.1,8.333333333333334,8.333333333333334,13.88888888888889,57.51533540431937,56.84444444444411,0.12474708703687654,-0.00999999999999579,-0.1,-0.1,8.333333333333334,8.333333333333334
24,0.2,False,0,2.200000000000004,0.0,0.0,False,13.88888888888889,-4.102626283881906,-4.266666666666711,0.6051813796007268,0.5800000000000005,-0.2,-0.2,8.333333333333334,8.333333333333334,13.88888888888889,13.875763084477807,12.399999999999803,0.03983711281809743,-0.019999999999997353,-0.2,-0.2,8.333333333333334,8.333333333333334
24,0.30000000000000004,False,0,3.733333333333334,1.0,0.0,True,8.563848918746324,10.6199113925685,13.142931968351807,0.8727137072779527,0.7900000000000005,-0.30000000000000004,-0.30000000000000004,8.333333333333334,8.333333333333334,8.150587311161589,11.801845131665257,13.425156340264646,0.23127230172533686,-0.020000000000001572,-0.30000000000000004,-0.30000000000000004,8.333333333333334,8.333333333333334
24,0.4,False,0,3.5020179486917105,1.0,0.0,True,8.342757625145975,12.076413268061767,15.157830109997942,0.6968516825727504,0.5199999999999996,-0.4,-0.4,8.333333333333334,8.333333333333334,8.185981144998886,14.443343929618617,15.349387954832661,-0.016306385673741097,-6.661338147750939e-16,-0.4,-0.4,8.333333333333334,8.333333333333334
24,0.5,False,0,3.604348004052271,1.0,0.0,True,8.340507133863493,12.868781701156177,15.526034700464283,-0.0735098110013328,-0.19999999999999996,-0.5,-0.5,8.333333333333334,8.333333333333334,8.364113456530301,14.595937651629715,15.531264852943035,-0.14415124040911498,0.0,-0.5,-0.5,8.333333333333334,8.333333333333334
24,0.6000000000000001,False,0,3.604348004052271,1.0,0.0,True,8.50150781478913,11.866307356613017,15.326590165452583,0.11477401981271251,-0.26,-0.6000000000000001,-0.6000000000000001,8.333333333333334,8.333333333333334,8.80227838194827,12.94630758213545,15.416763017986707,0.07235418481486744,-0.019999999999999574,-0.6000000000000001,-0.6000000000000001,8.333333333333334,8.333333333333334
24,0.7000000000000001,False,0,3.604348004052271,1.0,0.0,True,8.45545201892422,12.569455716867669,15.314738784118266,-0.11454444253637708,-0.569999999999999,-0.7000000000000001,-0.7000000000000001,8.333333333333334,8.333333333333334,9.060928653273386,14.497542176360117,15.610655469827133,-0.1837129546178793,-0.009999999999999343,-0.7000000000000001,-0.7000000000000001,8.333333333333334,8.333333333333334
24,0.8,False,0,3.604348004052271,1.0,0.0,True,8.335943826370302,13.132526989418164,15.456163446475411,-0.7319140391871668,-0.9600000000000013,-0.8,-0.8,8.333333333333334,8.333333333333334,9.652791054015204,15.015665076533633,15.860663224343018,0.16584077301938382,-2.220446049250313e-16,-0.8,-0.8,8.333333333333334,8.333333333333334
24,0.9,False,0,3.809008114773391,1.0,0.0,True,8.421357978582806,12.612766497715963,15.917991218281461,-1.2033069763656647,-1.5499999999999976,-0.9,-0.9,8.333333333333334,8.333333333333334,9.654912878523252,16.725953866935622,16.944513127030408,-0.06867312213990862,-0.02000000000000024,-0.9,-0.9,8.333333333333334,8.333333333333334
24,1.0,False,0,3.7066780594128312,1.0,0.0,True,8.404029063289062,13.143596700409635,15.605752366330204,-1.2305687307977284,-1.6,-1.0,-1.0,8.333333333333334,8.333333333333334,10.418552526738779,17.006941878881985,16.870468002979504,0.1771957785743279,0.0,-1.0,-1.0,8.333333333333334,8.333333333333334
24,1.1,False,0,3.809008114773391,1.0,0.0,True,8.361308819140417,13.513106974286199,16.02772202439773,-1.8122431966017896,-1.8799999999999981,0.0,0.0,8.333333333333334,8.333333333333334,10.528580268266902,17.555867200698533,17.394095223568808,-0.19526082760701846,-0.0499999999999996,-1.1,-1.1,8.333333333333334,8.333333333333334
24,1.2000000000000002,False,0,3.9113381701339516,1.0,0.0,True,8.35399034605695,13.447019199387295,15.834027148739136,-1.787453688929398,-1.7999999999999998,0.0,0.0,8.333333333333334,8.333333333333334,10.437774718594646,16.336051003431503,17.989233639251648,0.13750221944087704,-0.07999999999999963,-1.2000000000000002,-1.2000000000000002,8.333333333333334,8.333333333333334
24,1.3,False,0,3.9113381701339516,1.0,0.0,True,8.386137897523202,12.5708628960903,16.127165459038462,-1.8436688787296132,-1.8899999999999997,0.0,0.0,8.333333333333334,8.333333333333334,10.886121127250616,16.778588132924543,18.181699129928955,-0.08727679345348838,-0.09000000000000008,-1.3,-1.3,8.333333333333334,8.333333333333334
24,1.4000000000000001,False,0,4.0,1.0,0.0,True,8.441829698271588,12.2145004365026,16.423208980494206,-1.6168052177138728,-1.8999999999999986,0.0,0.0,8.333333333333334,8.333333333333334,10.789288369899337,16.47711681566211,19.000735268000522,0.5234416719778534,-0.08000000000000007,-1.4000000000000001,-1.4000000000000001,8.333333333333334,8.333333333333334
24,1.5,False,0,3.9113381701339516,1.0,0.0,True,8.352019565601477,13.279656982900253,15.882240371615826,-1.8083864153520461,-1.7999999999999998,0.0,0.0,8.333333333333334,8.333333333333334,11.551223803924032,18.171004644800398,18.715767448836175,-0.026259617623854536,-0.04999999999999982,-1.5,-1.5,8.333333333333334,8.333333333333334
24,1.6,False,0,4.0,1.0,0.0,True,8.423168405473943,12.69994231735954,16.160317275536084,-1.8653650648361642,-1.879999999999999,0.0,0.0,8.333333333333334,8.333333333333334,10.887389265098479,16.96147446496835,19.5161325388537,0.13748227500973664,-0.1599999999999997,-1.6,-1.6,8.333333333333334,8.333333333333334
24,1.7000000000000002,False,0,4.0,1.0,0.0,True,8.352003172795001,11.794774313441518,16.117449494158574,-1.8741296852151195,-1.8300000000000005,0.0,0.0,8.333333333333334,8.333333333333334,11.276916138330344,19.541926508447947,19.509528520975177,-0.16946328297268298,-0.09999999999999964,-1.7000000000000002,-1.7000000000000002,8.333333333333334,8.333333333333334
25,0.0,False,0,4.0,0.0,0.0,False,13.88888888888889,-3.5181072536113076,-4.155555555555611,1.7367806819038623,1.6,0.0,0.0,8.333333333333334,8.333333333333334,,,,,,,,,
25,0.1,False,0,4.0,0.0,0.0,False,13.88888888888889,-1.7205636042043748,-4.155555555555611,0.8156753054436523,1.0700000000000003,-0.1,-0.1,8.333333333333334,8.333333333333334,13.88888888888889,55.91280469192613,55.84444444444411,-0.1879339032648124,-0.00999999999999579,-0.1,-0.1,8.333333333333334,8.333333333333334
25,0.2,False,0,2.000000000000006,0.0,0.0,False,13.88888888888889,-3.226100606715934,-4.155555555555611,0.5692792068488486,0.5400000000000005,-0.2,-0.2,8.333333333333334,8.333333333333334,13.88888888888889,13.074184924038061,11.399999999999803,0.0727030930661452,-0.019999999999997353,-0.2,-0.2,8.333333333333334,8.333333333333334
25,0.30000000000000004,False,0,3.3333333333333344,1.0,0.0,True,8.465225874218712,12.002051089029212,11.952186018501731,0.7471678354883351,0.6699999999999999,-0.30000000000000004,-0.30000000000000004,8.333333333333334,8.333333333333334,8.27716856259751,12.242573250883911,12.081364991194153,-0.04049357622182348,-0.020000000000001572,-0.30000000000000004,-0.30000000000000004,8.333333333333334,8.333333333333334
25,0.4,False,0,3.4815519376195994,1.0,0.0,True,8.352880741871095,10.594618095142696,14.969753776045753,0.4449034444286015,0.39999999999999947,-0.4,-0.4,8.333333333333334,8.333333333333334,8.136919224209816,15.37474402215781,15.166167885169276,0.18503728316705104,-6.661338147750939e-16,-0.4,-0.4,8.333333333333334,8.333333333333334
25,0.5,False,0,3.7885421037012788,1.0,0.0,True,8.460479516911874,12.682506368525946,15.835732190603007,-0.2820928984582409,-0.3999999999999999,-0.5,-0.5,8.333333333333334,8.333333333333334,8.68357317537165,16.000669880431072,16.017639504465524,0.028376215553814754,0.0,-0.5,-0.5,8.333333333333334,8.333333333333334
25,0.6000000000000001,False,0,3.890872159061839,1.0,0.0,True,8.357982704151391,12.388094343244692,15.862676152606841,-1.6156066573583934,-1.7600000000000038,-0.6000000000000001,-0.6000000000000001,8.333333333333334,8.333333333333334,8.879647024285365,16.577364499620074,16.579080262321206,-0.13610938521881288,-0.019999999999999574,-0.6000000000000001,-0.6000000000000001,8.333333333333334,8.333333333333334
25,0.7000000000000001,False,0,3.890872159061839,1.0,0.0,True,8.3961062047139,12.086810632960397,16.056234529738095,-0.8489844529331096,-1.339999999999998,-0.7000000000000001,-0.7000000000000001,8.333333333333334,8.333333333333334,9.398915826968196,16.843059607009423,16.851113772272008,-0.11771159840595913,-0.009999999999999343,-0.7000000000000001,-0.7000000000000001,8.333333333333334,8.333333333333334
25,0.8,False,0,3.6862120483407184,1.0,0.0,True,8.378112709434388,12.749922065350145,15.406420571796414,-1.6132903144684128,-1.7600000000000007,-0.8,-0.8,8.333333333333334,8.333333333333334,9.995036325415933,14.65434424161667,16.41113532348016,-0.12927709059400594,-2.220446049250313e-16,-0.8,-0.8,8.333333333333334,8.333333333333334
25,0.9,False,0,3.7885421037012788,1.0,0.0,True,8.41703569215555,12.7269481125652,16.023387245818302,-1.8937389002913256,-1.8900000000000028,-0.9,0.0,8.333333333333334,8.333333333333334,10.080183608090033,14.802783820297595,17.14322253910218,0.2187650564160708,-0.02000000000000024,-0.9,-0.9,8.333333333333334,8.333333333333334
25,1.0,False,0,3.993202214422399,1.0,0.0,True,8.343863418061673,13.646204377699615,16.06270031125319,-1.7582256077570926,-1.7999999999999998,0.0,0.0,8.333333333333334,8.333333333333334,10.530554157090192,16.751603743751964,18.14807686679068,0.3249416960942,0.0,-1.0,-1.0,8.333333333333334,8.333333333333334
25,1.1,False,0,4.0,1.0,0.0,True,8.429269007812016,12.951611252168068,16.325778835112605,-1.756779141285183,-1.8799999999999981,0.0,0.0,8.333333333333334,8.333333333333334,10.60295599676791,18.605143630644115,18.6162715750055,-0.09358479602150083,-0.0499999999999996,-1.1,-1.1,8.333333333333334,8.333333333333334
25,1.2000000000000002,False,0,4.0,1.0,0.0,True,8.360569468744806,13.236427129968785,15.930373237503883,-1.7585020570764491,-1.7999999999999998,0.0,0.0,8.333333333333334,8.333333333333334,10.721398775600974,18.839087026818984,18.891314333675428,-0.1398337901662563,-0.07999999999999963,-1.2000000000000002,-1.2000000000000002,8.333333333333334,8.333333333333334
25,1.3,False,0,4.0,1.0,0.0,True,8.428011227920878,12.558154941009246,16.08653955416329,-1.8639029080210074,-1.8899999999999997,0.0,0.0,8.333333333333334,8.333333333333334,11.024715433558663,17.601193529558028,19.14694305377122,0.2850549618691596,-0.09000000000000008,-1.3,-1.3,8.333333333333334,8.333333333333334
25,1.4000000000000001,False,0,4.0,1.0,0.0,True,8.367209007215035,13.643622336864045,16.16577210948059,-1.7404477546733177,-1.8999999999999986,0.0,0.0,8.333333333333334,8.333333333333334,11.052626162688597,19.81671464874884,19.925619843513434,0.2788023377190103,-0.08000000000000007,-1.4000000000000001,-1.4000000000000001,8.333333333333334,8.333333333333334
25,1.5,False,0,4.0,1.0,0.0,True,8.36172939908546,12.231401395106342,16.18393591993107,-1.714431147995795,-1.7999999999999998,0.0,0.0,8.333333333333334,8.333333333333334,11.606717707623327,18.97130330157783,19.704754477500078,0.005954494349811101,-0.04999999999999982,-1.5,-1.5,8.333333333333334,8.333333333333334
25,1.6,False,0,4.0,1.0,0.0,True,8.421213564951351,12.838599182783053,16.121786706181805,-1.730476917798286,-1.879999999999999,0.0,0.0,8.333333333333334,8.333333333333334,10.89442309113626,20.41942675159337,20.501270022380545,-0.27080020852680575,-0.1599999999999997,-1.6,-1.6,8.333333333333334,8.333333333333334
25,1.7000000000000002,False,0,4.0,1.0,0.0,True,8.367812349426123,13.26383264830876,15.911197729835688,-1.7162562895612443,-1.8300000000000005,0.0,0.0,8.333333333333334,8.333333333333334,11.273774002156104,19.946235522496767,20.71834843556287,-0.045354471018143716,-0.09999999999999964,-1.7000000000000002,-1.7000000000000002,8.333333333333334,8.333333333333334
26,0.0,False,0,4.0,0.0,0.0,False,13.88888888888889,-3.141568778548165,-4.044444444444497,1.5659602741343543,1.6,0.0,0.0,8.333333333333334,8.333333333333334,,,,,,,,,
26,0.1,False,0,4.0,0.0,0.0,False,13.88888888888889,-2.6101577982121738,-4.044444444444497,1.104199754930229,1.0500000000000003,-0.1,-0.1,8.333333333333334,8.333333333333334,13.88888888888889,55.09190024416547,54.84444444444411,-0.1939557450381051,-0.00999999999999579,-0.1,-0.1,8.333333333333334,8.333333333333334
26,0.2,False,0,1.800000000000006,0.0,0.0,False,13.88888888888889,-4.230882455660708,-4.044444444444497,0.5748372653473681,0.5000000000000009,-0.2,-0.2,8.333333333333334,8.333333333333334,13.88888888888889,10.288811368564705,10.399999999999803,-0.11785750490983293,-0.019999999999997353,-0.2,-0.2,8.333333333333334,8.333333333333334
26,0.30000000000000004,False,0,3.9333333333333327,1.0,0.0,True,8.403971429539355,12.742740205909147,15.18336225658572,0.5161203144428015,0.5499999999999998,-0.30000000000000004,-0.30000000000000004,8.333333333333334,8.333333333333334,8.288387673887772,15.154246735680015,15.268759009532314,0.0796166836967438,-0.020000000000001572,-0.30000000000000004,-0.30000000000000004,8.333333333333334,8.333333333333334
26,0.4,False,0,3.9727362033502867,1.0,0.0,True,8.36581578215853,13.62662373446113,16.21389620671081,-0.5542518150805749,-0.5199999999999987,-0.4,-0.4,8.333333333333334,8.333333333333334,8.569070712677181,15.61121291594542,16.385412972822675,-0.0198170475858237,-6.661338147750939e-16,-0.4,-0.4,8.333333333333334,8.333333333333334
26,0.5,False,0,3.7680760926291663,1.0,0.0,True,8.421643097030183,9.226015752505038,15.664225077261865,-0.14526659549270482,-0.6499999999999999,-0.5,-0.5,8.333333333333334,8.333333333333334,8.736499896097445,15.456721723521408,16.026690646743457,0.1886829132795338,0.0,-0.5,-0.5,8.333333333333334,8.333333333333334
26,0.6000000000000001,False,0,3.9727362033502867,1.0,0.0,True,8.426209168746425,13.019547844189827,16.41806746310186,-1.4495730368536845,-1.460000000000003,-0.6000000000000001,-0.6000000000000001,8.333333333333334,8.333333333333334,8.988546314137736,14.517843343692313,17.03060197525471,-0.04461329037804296,-0.019999999999999574,-0.6000000000000001,-0.6000000000000001,8.333333333333334,8.333333333333334
26,0.7000000000000001,False,0,4.0,1.0,0.0,True,8.404853716302313,12.670205571218279,15.94530858379456,-1.4224380019606515,-1.899999999999999,-0.7000000000000001,-0.7000000000000001,8.333333333333334,8.333333333333334,9.65530644535232,17.074975189750347,17.613679523710182,-0.09060978154750465,-0.009999999999999343,-0.7000000000000001,-0.7000000000000001,8.333333333333334,8.333333333333334
26,0.8,False,0,4.0,1.0,0.0,True,8.402683691861396,13.255461894432155,16.114168454382163,-1.7837755986893105,-1.8799999999999994,0.0,0.0,8.333333333333334,8.333333333333334,10.065066374312595,17.36563104914568,18.245861552256674,0.03472093412089716,-2.220446049250313e-16,-0.8,-0.8,8.333333333333334,8.333333333333334
26,0.9,False,0,4.0,1.0,0.0,True,8.437597906187431,12.409903061023538,15.822180541470598,-1.813114591750343,-1.8900000000000028,0.0,0.0,8.333333333333334,8.333333333333334,10.186017641353105,15.83528045226953,18.393969131898515,0.07989942455430477,-0.02000000000000024,-0.9,-0.9,8.333333333333334,8.333333333333334
26,1.0,False,0,4.0,1.0,0.0,True,8.343939193825355,12.893471702732558,15.998439585262265,-1.6389845836008468,-1.7999999999999998,0.0,0.0,8.333333333333334,8.333333333333334,10.533341397073183,17.148438525845805,18.840114805596123,0.40291809911205645,0.0,-1.0,-1.0,8.333333333333334,8.333333333333334
26,1.1,False,0,4.0,1.0,0.0,True,8.361517650948375,12.794067388455101,15.867356582978413,-1.8059893379016945,-1.8799999999999981,0.0,0.0,8.333333333333334,8.333333333333334,10.676654537110851,18.85586085820343,19.63635564715155,0.06485217291513079,-0.0499999999999996,-1.1,-1.1,8.333333333333334,8.333333333333334
26,1.2000000000000002,False,0,4.0,1.0,0.0,True,8.352733512839244,13.35740853391776,16.20169596578219,-1.8591508559815564,-1.7999999999999998,0.0,0.0,8.333333333333334,8.333333333333334,11.045468841571564,17.441844148509787,19.787515022988288,0.2939871331015964,-0.07999999999999963,-1.2000000000000002,-1.2000000000000002,8.333333333333334,8.333333333333334
26,1.3,False,0,4.0,1.0,0.0,True,8.409790569362642,13.22305799149024,16.470759102847655,-1.691917360120645,-1.8899999999999997,0.0,0.0,8.333333333333334,8.333333333333334,10.917939070178942,19.854561002462773,20.626130158492977,-0.07598515045168464,-0.09000000000000008,-1.3,-1.3,8.333333333333334,8.333333333333334
26,1.4000000000000001,False,0,4.0,1.0,0.0,True,8.352261069157455,12.979081363329694,16.45165531717441,-1.7903005348343948,-1.8999999999999986,0.0,0.0,8.333333333333334,8.333333333333334,11.291652443110307,17.895967311398824,20.61282891070127,0.18161745028022036,-0.08000000000000007,-1.4000000000000001,-1.4000000000000001,8.333333333333334,8.333333333333334
26,1.5,False,0,4.0,1.0,0.0,True,8.429390002257088,12.535663110004815,16.509383447501104,-1.6759306629543638,-1.7999999999999998,0.0,0.0,8.333333333333334,8.333333333333334,11.62922235200109,19.568181334182935,20.704861262771562,-0.14064165977914733,-0.04999999999999982,-1.5,-1.5,8.333333333333334,8.333333333333334
26,1.6,False,0,4.0,1.0,0.0,True,8.337425294790842,12.429118223041254,16.37275857903536,-1.8967634926604577,-1.879999999999999,0.0,0.0,8.333333333333334,8.333333333333334,11.327638515095918,20.490039481325187,21.36617487860028,0.11531596109605058,-0.1599999999999997,-1.6,-1.6,8.333333333333334,8.333333333333334
26,1.7000000000000002,False,0,4.0,1.0,0.0,True,8.450807583916083,12.132288227543864,16.39996141006412,-1.8671125332376655,-1.8300000000000005,0.0,0.0,8.333333333333334,8.333333333333334,11.511639357083828,19.95825040817311,21.620827652253293,0.20869770388296116,-0.09999999999999964,-1.7000000000000002,-1.7000000000000002,8.333333333333334,8.333333333333334
27,0.0,False,0,4.0,0.0,0.0,False,13.88888888888889,-2.694995549094531,-4.11111111111106,1.746775659177139,1.6,0.0,0.0,8.333333333333334,8.333333333333334,,,,,,,,,
27,0.1,False,0,4.0,0.0,0.0,False,13.88888888888889,-3.902109307783138,-4.11111111111106,1.227832527361834,1.0400000000000005,-0.1,-0.1,8.333333333333334,8.333333333333334,13.88888888888889,54.668609581508534,53.84444444444411,0.09615646209993134,-0.00999999999999579,-0.1,-0.1,8.333333333333334,8.333333333333334
27,0.2,False,0,1.600000000000008,0.0,0.0,False,13.88888888888889,-1.8211782764720708,-4.11111111111106,0.5376686968899453,0.48000000000000087,-0.2,-0.2,8.333333333333334,8.333333333333334,13.88888888888889,10.104222239718947,9.399999999999803,-0.2170637529289685,-0.019999999999997353,-0.2,-0.2,8.333333333333334,8.333333333333334
27,0.30000000000000004,False,0,4.0,1.0,0.0,True,8.382141422885722,12.162674315686882,16.070347024306027,-0.44764566109503034,-0.3200000000000023,-0.30000000000000004,-0.30000000000000004,8.333333333333334,8.333333333333334,8.419695113557385,15.376330629420924,16.134176590127073,0.13641954750357987,-0.020000000000001572,-0.30000000000000004,-0.30000000000000004,8.333333333333334,8.333333333333334
27,0.4,False,0,3.7476100815570534,1.0,0.0,True,8.352015869394338,13.371347155725314,15.767539460224551,-0.2617941116307825,-0.2799999999999996,-0.4,-0.4,8.333333333333334,8.333333333333334,8.555699071462818,15.152408970039371,15.866942313199377,-0.08240574116492749,-6.661338147750939e-16,-0.4,-0.4,8.333333333333334,8.333333333333334
27,0.5,False,0,4.0,1.0,0.0,True,8.35200119496203,13.33843344985183,15.80153200725331,-1.7566481838524695,-1.85,0.0,0.0,8.333333333333334,8.333333333333334,9.352845716739175,16.59687956440131,17.283617822723127,0.2710560058588296,0.0,-0.5,-0.5,8.333333333333334,8.333333333333334
27,0.6000000000000001,False,0,4.0,1.0,0.0,True,8.33435463915703,13.789993671892216,16.219023148579208,-1.7486094015831326,-1.8599999999999959,0.0,0.0,8.333333333333334,8.333333333333334,9.608639662223242,15.968058689028577,17.78652395730798,0.11583062481108852,-0.019999999999999574,-0.6000000000000001,-0.6000000000000001,8.333333333333334,8.333333333333334
27,0.7000000000000001,False,0,4.0,1.0,0.0,True,8.357854755005878,13.700238281704042,16.168692297375596,-1.826948076064168,-1.899999999999999,-0.7000000000000001,0.0,8.333333333333334,8.333333333333334,9.984295099445879,15.307594817924066,18.01631191748405,0.3617743591618785,-0.009999999999999343,-0.7000000000000001,-0.7000000000000001,8.333333333333334,8.333333333333334
27,0.8,False,0,4.0,1.0,0.0,True,8.401092975723277,12.401437979164935,15.913422313105283,-1.6577453148843757,-1.8799999999999994,0.0,0.0,8.333333333333334,8.333333333333334,10.262977971829622,17.12618081764781,18.886168576056203,0.2348900008280128,-2.220446049250313e-16,-0.8,-0.8,8.333333333333334,8.333333333333334
27,0.9,False,0,4.0,1.0,0.0,True,8.342403692789093,13.323125802983956,16.4885546532195,-1.7187949746465776,-1.8900000000000028,0.0,0.0,8.333333333333334,8.333333333333334,10.55757483458383,18.517997740269664,19.239195298268847,-0.057726035986295665,-0.02000000000000024,-0.9,-0.9,8.333333333333334,8.333333333333334
27,1.0,False,0,4.0,1.0,0.0,True,8.34147604739479,13.68347903979635,16.30648020018563,-1.8637921396571877,-1.7999999999999998,0.0,0.0,8.333333333333334,8.333333333333334,10.866871729052638,19.499855643388976,20.206715266763382,0.13431545159514657,0.0,-1.0,-1.0,8.333333333333334,8.333333333333334
27,1.1,False,0,4.0,0.9763096717365649,0.0,True,8.463879708503553,12.02822328277065,16.30909701121845,-1.8139432986804014,-1.8799999999999981,0.0,0.0,8.333333333333334,8.333333333333334,10.88795525765416,19.83378376676625,20.709018208906453,0.1385158448249575,-0.0499999999999996,-1.1,-1.1,8.333333333333334,8.333333333333334
27,1.2000000000000002,False,0,4.0,1.0,0.0,True,8.337707579545626,13.191610282502065,16.284010510837415,-1.6268965249075338,-1.7999999999999998,0.0,0.0,8.333333333333334,8.333333333333334,11.122838697398135,18.53833533479011,20.9984681575617,0.11659774409176471,-0.07999999999999963,-1.2000000000000002,-1.2000000000000002,8.333333333333334,8.333333333333334
27,1.3,False,0,4.0,0.9464885764646606,0.0,True,8.509546787451413,11.475806604443935,16.33276264559314,-1.8894495395818771,-1.8899999999999997,0.0,0.0,8.333333333333334,8.333333333333334,11.294655110881726,20.53177816523055,21.21779107450358,0.03765552025525132,-0.09000000000000008,-1.3,-1.3,8.333333333333334,8.333333333333334
27,1.4000000000000001,False,0,4.0,1.0,0.0,True,8.466476100030482,11.584637360518638,16.092640885112697,-1.8852981991381956,-1.8999999999999986,0.0,0.0,8.333333333333334,8.333333333333334,11.362071017253907,22.018728424298597,21.921842847439795,-0.08037413819631145,-0.08000000000000007,-1.4000000000000001,-1.4000000000000001,8.333333333333334,8.333333333333334
27,1.5,False,0,4.0,0.8742843581320779,0.0,True,8.35051987967868,12.055673488945441,16.42869637988448,-1.8850028926685616,-1.7999999999999998,0.0,0.0,8.333333333333334,8.333333333333334,11.596175691736452,21.365453953563584,22.16090004084251,0.14146941573432326,-0.04999999999999982,-1.5,-1.5,8.333333333333334,8.333333333333334
27,1.6,False,0,4.0,1.0,0.0,True,8.409250206124554,12.90667265438098,16.457912118857845,-1.7880857705625166,-1.879999999999999,0.0,0.0,8.333333333333334,8.333333333333334,11.37760366191244,20.63916209036799,22.321955792892638,0.26770581030104346,-0.1599999999999997,-1.6,-1.6,8.333333333333334,8.333333333333334
27,1.7000000000000002,False,0,4.0,0.8977303639172198,0.0,True,8.336374616326008,13.662814019627671,16.368767936374294,-1.6745632139942792,-1.8300000000000005,0.0,0.0,8.333333333333334,8.333333333333334,11.569363364023824,22.464774676620426,22.745506791072028,-0.0795691505607079,-0.09999999999999964,-1.7000000000000002,-1.7000000000000002,8.333333333333334,8.333333333333334
28,0.0,False,0,4.0,0.0,0.0,False,13.88888888888889,-3.567871562215063,-4.22222222222216,1.5431196631095516,1.6,0.0,0.0,8.333333333333334,8.333333333333334,,,,,,,,,
28,0.1,False,0,4.0,0.0,0.0,False,13.88888888888889,-1.743755824895433,-4.22222222222216,0.7192279547284222,1.0200000000000005,-0.1,-0.1,8.333333333333334,8.333333333333334,13.88888888888889,53.50713871240275,52.84444444444411,0.22374840542125352,-0.00999999999999579,-0.1,-0.1,8.333333333333334,8.333333333333334
28,0.2,False,0,1.500000000000008,1.0,1.0,True,13.88888888888889,-3.7406856179473946,-4.22222222222216,0.5237393750666821,0.44000000000000083,-0.2,-0.2,8.333333333333334,8.333333333333334,13.88888888888889,8.241115493228445,8.399999999999803,-0.16263493704536502,-0.019999999999997353,-0.2,-0.2,8.333333333333334,8.333333333333334
28,0.30000000000000004,False,0,4.0,1.0,0.0,True,8.348734316941487,13.116977729053627,15.8939819375674,-0.08945593920586115,-0.1400000000000019,-0.30000000000000004,-0.30000000000000004,8.333333333333334,8.333333333333334,8.608484931399365,14.830896810537514,15.946226040048334,-0.025456994890130202,-0.020000000000001572,-0.30000000000000004,-0.30000000000000004,8.333333333333334,8.333333333333334
28,0.4,False,0,4.0,1.0,0.0,True,8.352096075599714,13.111782183000475,16.509315287479343,-0.12519095513028566,-0.35999999999999943,-0.4,-0.4,8.333333333333334,8.333333333333334,8.639603540562623,14.084246549524895,16.636677366806044,0.3754047487186254,-6.661338147750939e-16,-0.4,-0.4,8.333333333333334,8.333333333333334
28,0.5,False,0,4.0,1.0,0.0,True,8.34547656855837,13.428864084620056,15.97238907571629,-1.5170437943537738,-1.6,-0.5,-0.5,8.333333333333334,8.333333333333334,9.587112400759167,17.545575240037056,17.582226426861634,-0.06625504986699471,0.0,-0.5,-0.5,8.333333333333334,8.333333333333334
28,0.6000000000000001,False,0,4.0,1.0,0.0,True,8.378288257900849,12.518108483885594,16.568908416898065,-1.7475489746454733,-1.8599999999999959,0.0,0.0,8.333333333333334,8.333333333333334,9.688822935047655,16.108247878081343,18.506158769616242,0.2283953314045939,-0.019999999999999574,-0.6000000000000001,-0.6000000000000001,8.333333333333334,8.333333333333334
28,0.7000000000000001,False,0,4.0,1.0,0.0,True,8.34107148583414,13.832922099847519,16.31326805111831,-1.7692536533664363,-1.899999999999999,0.0,0.0,8.333333333333334,8.333333333333334,10.125154253924148,17.76047486776965,18.89305185956432,-0.05843360848599799,-0.009999999999999343,-0.7000000000000001,-0.7000000000000001,8.333333333333334,8.333333333333334
28,0.8,False,0,4.0,1.0,0.0,True,8.347758513237189,11.677799661771314,15.93337715479738,-1.5738699147495157,-1.8799999999999994,0.0,0.0,8.333333333333334,8.333333333333334,10.439982064258553,19.93583429149262,19.75917836442663,0.21202157941726973,-2.220446049250313e-16,-0.8,-0.8,8.333333333333334,8.333333333333334
28,0.9,False,0,4.0,1.0,0.0,True,8.361076074017273,13.631422938038948,16.31007426788943,-1.8354989467297376,-1.8900000000000028,0.0,0.0,8.333333333333334,8.333333333333334,10.743410258016683,20.691394969288602,20.5858593734197,-0.09256678740985325,-0.02000000000000024,-0.9,-0.9,8.333333333333334,8.333333333333334
28,1.0,False,0,4.0,1.0,0.0,True,8.428441987831444,12.963169155750872,16.172996869607882,-1.7842716579633944,-1.7999999999999998,0.0,0.0,8.333333333333334,8.333333333333334,10.943341440257555,16.06226376440191,20.895838002673596,0.6496815469632002,0.0,-1.0,-1.0,8.333333333333334,8.333333333333334
28,1.1,False,0,4.0,1.0,0.0,True,8.361523898676786,11.362240157379919,16.37368289516495,-1.8767002940435327,-1.8799999999999981,0.0,0.0,8.333333333333334,8.333333333333334,11.158842192835262,18.685391256721324,21.177332009010854,0.2701572228754445,-0.0499999999999996,-1.1,-1.1,8.333333333333334,8.333333333333334
28,1.2000000000000002,False,0,4.0,1.0,0.0,True,8.337673246077069,13.441056487788156,15.959297037319299,-1.8051110951240912,-1.7999999999999998,0.0,0.0,8.333333333333334,8.333333333333334,11.31566143769294,20.178051938234123,21.81177990219148,0.0855045642157175,-0.07999999999999963,-1.2000000000000002,-1.2000000000000002,8.333333333333334,8.333333333333334
28,1.3,False,0,4.0,0.8505533003173356,0.0,True,8.379819494324838,13.388628172124552,16.004998205054417,-1.5816956382881668,-1.8899999999999997,0.0,0.0,8.333333333333334,8.333333333333334,11.488999667994765,21.423846329700055,22.225141342855785,0.08975930600675897,-0.09000000000000008,-1.3,-1.3,8.333333333333334,8.333333333333334
28,1.4000000000000001,False,0,4.0,0.8489258636142208,0.0,True,8.365919068581457,12.528620889573144,15.856073174569726,-1.8507951484834901,-1.8999999999999986,0.0,0.0,8.333333333333334,8.333333333333334,11.551176369741007,21.628259039192226,22.625556430632304,0.15887443677104907,-0.08000000000000007,-1.4000000000000001,-1.4000000000000001,8.333333333333334,8.333333333333334
28,1.5,False,0,4.0,0.8580795095563717,0.0,True,8.447215723809865,12.155680837927608,16.767875136243138,-1.6492675383374822,-1.7999999999999998,0.0,0.0,8.333333333333334,8.333333333333334,11.878280923637941,22.430427433240578,22.788485978018112,0.04733763822610837,-0.04999999999999982,-1.5,-1.5,8.333333333333334,8.333333333333334
28,1.6,False,0,4.0,1.0,0.0,True,8.342160913692235,12.583674303137098,16.13666638721983,-1.6367228061946535,-1.879999999999999,0.0,0.0,8.333333333333334,8.333333333333334,11.641666153746744,22.300196383389157,22.98603731197742,-0.21719945453542056,-0.1599999999999997,-1.6,-1.6,8.333333333333334,8.333333333333334
28,1.7000000000000002,False,0,4.0,0.6935802374053461,0.0,True,8.445709773148941,12.525434216557567,15.902824532438768,-1.8442561151878138,-1.8300000000000005,0.0,0.0,8.333333333333334,8.333333333333334,11.764580055277461,21.828454224259538,23.623795763930673,0.16887360066721158,-0.09999999999999964,-1.7000000000000002,-1.7000000000000002,8.333333333333334,8.333333333333334
29,0.0,False,0,4.0,0.0,0.0,False,13.88888888888889,-3.9524361457424844,-4.266666666666725,1.646447895262349,1.6,0.0,0.0,8.333333333333334,8.333333333333334,,,,,,,,,
29,0.1,False,0,4.0,0.0,0.0,False,13.88888888888889,-3.5417204990134676,-4.266666666666725,0.8774545391942117,1.0000000000000004,-0.1,-0.1,8.333333333333334,8.333333333333334,13.88888888888889,53.367384760672294,51.84444444444411,-0.2039170375302104,-0.00999999999999579,-0.1,-0.1,8.333333333333334,8.333333333333334
29,0.2,False,0,1.3000000000000078,1.0,0.0,True,13.88888888888889,-1.8241358068139872,-4.266666666666725,0.39730126918801556,0.40000000000000124,-0.2,-0.2,8.333333333333334,8.333333333333334,13.88888888888889,7.152667523594286,7.399999999999804,-0.0019403844779652957,-0.019999999999997353,-0.2,-0.2,8.333333333333334,8.333333333333334
29,0.30000000000000004,False,0,4.0,1.0,0.0,True,8.3809030924417,12.037531606455584,16.150311245754647,-0.5417513763425124,-0.6800000000000033,-0.30000000000000004,-0.30000000000000004,8.333333333333334,8.333333333333334,8.645049232183542,13.032332502671753,16.398522824412144,0.41543362652452354,-0.020000000000001572,-0.30000000000000004,-0.30000000000000004,8.333333333333334,8.333333333333334
29,0.4,False,0,4.0,1.0,0.0,True,8.367130004067691,12.987062653107241,16.15938126297979,-1.0759290356741222,-1.2399999999999962,-0.4,-0.4,8.333333333333334,8.333333333333334,9.099781310504342,17.408800870248125,17.249011213593217,-0.1654821567998015,-6.661338147750939e-16,-0.4,-0.4,8.333333333333334,8.333333333333334
29,0.5,False,0,4.0,1.0,0.0,True,8.47235729511186,12.517213868221656,16.12069670075665,-1.6469726429485563,-1.9,-0.5,-0.5,8.333333333333334,8.333333333333334,9.678786700544368,15.674345288658412,18.12816431445253,0.1646056953201369,0.0,-0.5,-0.5,8.333333333333334,8.333333333333334
29,0.6000000000000001,False,0,4.0,0.98913610795256,0.0,True,8.345520810181851,13.213149219885235,16.12915849680537,-1.740191128760003,-1.8599999999999959,0.0,0.0,8.333333333333334,8.333333333333334,10.224023351663504,17.300624844299602,19.12858653400016,0.11506410709847836,-0.019999999999999574,-0.6000000000000001,-0.6000000000000001,8.333333333333334,8.333333333333334
29,0.7000000000000001,False,0,4.0,1.0,0.0,True,8.353781917513977,12.760669342746251,16.223752014657034,-1.7682302594779926,-1.899999999999999,0.0,0.0,8.333333333333334,8.333333333333334,10.291437879578622,19.45392571375433,19.459131843572713,-0.15546997756949454,-0.009999999999999343,-0.7000000000000001,-0.7000000000000001,8.333333333333334,8.333333333333334
29,0.8,False,0,4.0,0.9545022978731968,0.0,True,8.406544295632253,13.11957031982109,16.40699538357752,-1.7433056258811934,-1.8799999999999994,0.0,0.0,8.333333333333334,8.333333333333334,10.805729267814971,18.919283008567128,20.735528783823092,0.14908339186214814,-2.220446049250313e-16,-0.8,-0.8,8.333333333333334,8.333333333333334
29,0.9,False,0,4.0,1.0,0.0,True,8.480963094452553,12.24646731423977,16.44180283923409,-1.7931478576577604,-1.8900000000000028,0.0,0.0,8.333333333333334,8.333333333333334,11.034365099690808,18.650983181052545,21.232502262545694,0.13970265727727993,-0.02000000000000024,-0.9,-0.9,8.333333333333334,8.333333333333334
29,1.0,False,0,4.0,0.9478990275192557,0.0,True,8.36788112590453,12.908951769563185,16.16382696184638,-1.7165675116315358,-1.7999999999999998,0.0,0.0,8.333333333333334,8.333333333333334,11.311072311691552,20.72494299464027,21.692497489348025,-0.03130692201355245,0.0,-1.0,-1.0,8.333333333333334,8.333333333333334
29,1.1,False,0,4.0,0.9317385417714045,0.0,True,8.388643515684812,12.746247692216425,16.139872803709462,-1.745487927662744,-1.8799999999999981,0.0,0.0,8.333333333333334,8.333333333333334,11.527582359043201,22.439677686376328,22.21270095376819,-0.10918380605677025,-0.0499999999999996,-1.1,-1.1,8.333333333333334,8.333333333333334
29,1.2000000000000002,False,0,4.0,1.0,0.0,True,8.401596566085924,12.309910385529545,16.478424272968038,-1.6018012518477278,-1.7999999999999998,0.0,0.0,8.333333333333334,8.333333333333334,11.421506194307534,19.47425619540354,22.858044970764603,0.6952801122283851,-0.07999999999999963,-1.2000000000000002,-1.2000000000000002,8.333333333333334,8.333333333333334
29,1.3,False,0,4.0,0.8297710168551502,0.0,True,8.375689379622301,13.436848729738454,16.023703572013698,-1.8438810035765831,-1.8899999999999997,0.0,0.0,8.333333333333334,8.333333333333334,11.610985187493855,22.228583540319885,23.275494644499506,-0.07218501333358551,-0.09000000000000008,-1.3,-1.3,8.333333333333334,8.333333333333334
29,1.4000000000000001,False,0,4.0,0.9321010620166764,0.0,True,8.341217512926237,11.830699729753174,16.436745981493313,-1.881001473006166,-1.8999999999999986,0.0,0.0,8.333333333333334,8.333333333333334,11.997494384202195,19.82646114694787,23.178039031925763,0.5234103476552572,-0.08000000000000007,-1.4000000000000001,-1.4000000000000001,8.333333333333334,8.333333333333334
29,1.5,False,0,4.0,0.8281183120789966,0.0,True,8.381975797161534,13.109132286030896,16.536778247014478,-1.756766931314424,-1.7999999999999998,0.0,0.0,8.333333333333334,8.333333333333334,12.008225123598924,23.330279827605157,23.88053942359419,0.012698138269537473,-0.04999999999999982,-1.5,-1.5,8.333333333333334,8.333333333333334
29,1.6,False,0,4.0,0.762644012457317,0.0,True,8.415632797159404,12.666828093225444,16.15483730392199,-1.8152751633477153,-1.879999999999999,0.0,0.0,8.333333333333334,8.333333333333334,11.972448197737668,24.010946081956337,23.987808370917055,-0.26219481125102284,-0.1599999999999997,-1.6,-1.6,8.333333333333334,8.333333333333334
29,1.7000000000000002,False,0,4.0,0.782121111948958,0.0,True,8.385128958655468,13.436524984989187,15.991276649860946,-1.8090802494646518,-1.8300000000000005,0.0,0.0,8.333333333333334,8.333333333333334,12.00689368330544,24.3560877791412,24.536853696706167,-0.08127836638369423,-0.09999999999999964,-1.7000000000000002,-1.7000000000000002,8.333333333333334,8.333333333333334
30,0.0,False,0,4.0,0.0,0.0,False,13.88888888888889,-3.922069605934868,-4.155555555555611,1.7065753250393252,1.6,0.0,0.0,8.333333333333334,8.333333333333334,,,,,,,,,
30,0.1,False,0,4.0,0.0,0.0,False,13.88888888888889,-2.3132065636650934,-4.155555555555611,0.9814755187692028,0.9800000000000009,-0.1,-0.1,8.333333333333334,8.333333333333334,13.88888888888889,51.65913292754426,50.84444444444411,0.22350155885498824,-0.00999999999999579,-0.1,-0.1,8.333333333333334,8.333333333333334
30,0.2,False,0,1.1000000000000099,1.0,1.0,True,13.88888888888889,-2.698094969531698,-4.155555555555611,0.6841481212417571,0.3600000000000012,-0.2,-0.2,8.333333333333334,8.333333333333334,13.88888888888889,8.144683452456373,6.399999999999804,0.25570681233003745,-0.019999999999997353,-0.2,-0.2,8.333333333333334,8.333333333333334
30,0.30000000000000004,False,0,4.0,0.9552604169650903,0.0,True,8.349707332375637,12.738057182033966,15.781049857011023,-1.037463544461303,-1.0100000000000038,-0.30000000000000004,-0.30000000000000004,8.333333333333334,8.333333333333334,9.049594612978172,13.098183893620199,16.573724592855353,0.31133960697155416,-0.020000000000001572,-0.30000000000000004,-0.30000000000000004,8.333333333333334,8.333333333333334
30,0.4,False,0,4.0,1.0,0.0,True,8.358581257403138,13.610351398053478,16.156784688027113,-1.1411034328685608,-1.2799999999999963,-0.4,-0.4,8.333333333333334,8.333333333333334,9.443915842958303,17.602245739914903,17.53925090499798,-0.12354149534845282,-6.661338147750939e-16,-0.4,-0.4,8.333333333333334,8.333333333333334
30,0.5,False,0,4.0,0.9223633088522109,0.0,True,8.358469000818424,12.941402530046286,16.122119701996038,-1.7941838423175989,-1.85,0.0,0.0,8.333333333333334,8.333333333333334,9.90329068093675,17.628348300540214,18.533660203610427,0.06116400336308936,0.0,-0.5,-0.5,8.333333333333334,8.333333333333334
30,0.6000000000000001,False,0,4.0,1.0,0.0,True,8.407425744872514,12.433444302845498,15.80906809709533,-1.891246611340163,-1.8599999999999959,0.0,0.0,8.333333333333334,8.333333333333334,10.365053136541157,15.031295123575457,19.285226461850254,0.16440314006666945,-0.019999999999999574,-0.6000000000000001,-0.6000000000000001,8.333333333333334,8.333333333333334
30,0.7000000000000001,False,0,4.0,0.9966029384301115,0.0,True,8.390496338733847,13.05117541836891,16.24369023420827,-1.7895401134389657,-1.899999999999999,0.0,0.0,8.333333333333334,8.333333333333334,10.548786811494864,20.466094277547423,20.459641783982764,0.16130983449413883,-0.009999999999999343,-0.7000000000000001,-0.7000000000000001,8.333333333333334,8.333333333333334
30,0.8,False,0,4.0,0.9488376479863105,0.0,True,8.34952791506203,12.91755215071181,16.290237656380167,-1.8569622124463787,-1.8799999999999994,0.0,0.0,8.333333333333334,8.333333333333334,10.776980728774364,21.145040431704107,21.358745097681197,-0.04592391491207093,-2.220446049250313e-16,-0.8,-0.8,8.333333333333334,8.333333333333334
30,0.9,False,0,4.0,0.8865438288097305,0.0,True,8.432444794701121,11.29429645383139,16.393074017541448,-1.77805894753096,-1.8900000000000028,0.0,0.0,8.333333333333334,8.333333333333334,11.117367599631688,19.556744224501266,22.090539550185227,0.3877498358300806,-0.02000000000000024,-0.9,-0.9,8.333333333333334,8.333333333333334
30,1.0,False,0,4.0,0.8982981490433662,0.0,True,8.373463749614121,12.611681863066334,16.13282843669523,-1.757777733149808,-1.7999999999999998,0.0,0.0,8.333333333333334,8.333333333333334,11.5044692599116,21.554743018594547,22.407361326325688,0.29416590244015106,0.0,-1.0,-1.0,8.333333333333334,8.333333333333334
30,1.1,False,0,4.0,0.7060270559509285,0.0,True,8.407043199342016,12.643557547251216,15.979305770374818,-1.6701416692319246,-1.8799999999999981,0.0,0.0,8.333333333333334,8.333333333333334,11.584156256648713,22.23396315934836,23.19861181986496,0.07064115784993308,-0.0499999999999996,-1.1,-1.1,8.333333333333334,8.333333333333334
30,1.2000000000000002,False,0,4.0,0.8456637950616502,0.0,True,8.43121796705106,11.857343815377245,16.59513557507803,-1.8307860814914718,-1.7999999999999998,0.0,0.0,8.333333333333334,8.333333333333334,11.757375027938394,19.445260992919728,23.60687112163675,0.6046223993853519,-0.07999999999999963,-1.2000000000000002,-1.2000000000000002,8.333333333333334,8.333333333333334
30,1.3,False,0,4.0,0.7997872906086994,0.0,True,8.347096274186086,13.332870236511962,15.854444488298011,-1.8102218218326196,-1.8899999999999997,0.0,0.0,8.333333333333334,8.333333333333334,11.987024507506318,20.64739440205667,23.86013849876283,0.5466595827954643,-0.09000000000000008,-1.3,-1.3,8.333333333333334,8.333333333333334
30,1.4000000000000001,False,0,4.0,0.7407245520811768,0.0,True,8.402476145262836,13.100291090284752,16.431878245815863,-1.8035114332865831,-1.8999999999999986,0.0,0.0,8.333333333333334,8.333333333333334,11.922088758569299,23.458934243175225,24.30752370253771,0.1525164924894744,-0.08000000000000007,-1.4000000000000001,-1.4000000000000001,8.333333333333334,8.333333333333334
30,1.5,False,0,4.0,0.7601759671747008,0.0,True,8.3970770883662,12.905248466455117,16.109803838606762,-1.7600897110290379,-1.7999999999999998,0.0,0.0,8.333333333333334,8.333333333333334,12.211823399955364,20.966069509365813,24.64425678040727,0.5824341543035056,-0.04999999999999982,-1.5,-1.5,8.333333333333334,8.333333333333334
30,1.6,False,0,4.0,0.7073797528028571,0.0,True,8.369941750115101,13.612732589399013,16.027184590934606,-1.7909350341209958,-1.879999999999999,0.0,0.0,8.333333333333334,8.333333333333334,12.158688113613202,23.306013704646556,24.870152852424322,0.18786824118073753,-0.1599999999999997,-1.6,-1.6,8.333333333333334,8.333333333333334
30,1.7000000000000002,False,0,4.0,0.7899789644305922,0.0,True,8.400717799081054,13.270230864095364,16.336901833172927,-1.8403028367285803,-1.8300000000000005,0.0,0.0,8.333333333333334,8.333333333333334,12.384929972251117,24.705225910411063,25.183425675257123,0.16250927920470026,-0.09999999999999964,-1.7000000000000002,-1.7000000000000002,8.333333333333334,8.333333333333334
31,0.0,False,0,4.0,0.0,0.0,False,13.88888888888889,-1.7585645643328318,-4.044444444444525,1.6399450704967218,1.6,0.0,0.0,8.333333333333334,8.333333333333334,,,,,,,,,
31,0.1,False,0,4.0,0.0,0.0,False,13.88888888888889,-3.2198208043676173,-4.044444444444525,0.9824615430032697,0.9600000000000009,-0.1,-0.1,8.333333333333334,8.333333333333334,13.88888888888889,49.79480423744276,49.84444444444411,0.2186170509329335,-0.00999999999999579,-0.1,-0.1,8.333333333333334,8.333333333333334
31,0.2,False,0,0.9000000000000097,1.0,1.0,True,13.88888888888889,-1.5017067637311525,-4.044444444444525,0.24706601675231266,0.3200000000000016,-0.2,-0.2,8.333333333333334,8.333333333333334,13.88888888888889,6.4120272159920235,5.399999999999804,-0.05426293865695109,-0.019999999999997353,-0.2,-0.2,8.333333333333334,8.333333333333334
31,0.30000000000000004,False,0,4.0,1.0,0.0,True,8.340084352859275,12.217241924079428,15.839853781914623,-1.3239417131815205,-1.5200000000000053,-0.30000000000000004,-0.30000000000000004,8.333333333333334,8.333333333333334,8.818669263274675,17.080349876784556,17.20494062751219,-0.08302314380947529,-0.020000000000001572,-0.30000000000000004,-0.30000000000000004,8.333333333333334,8.333333333333334
31,0.4,False,0,4.0,0.9078073760991306,0.0,True,8.394751902398303,12.133729250591085,16.376417977218548,-0.8203833868869423,-1.2399999999999962,-0.4,-0.4,8.333333333333334,8.333333333333334,9.455670774258358,16.15178006339688,18.07702694446,0.20229026340610634,-6.661338147750939e-16,-0.4,-0.4,8.333333333333334,8.333333333333334
31,0.5,False,0,4.0,0.8442987649913348,0.0,True,8.367673247571346,12.222994373780093,16.46240989523336,-1.8692173178661462,-1.85,0.0,0.0,8.333333333333334,8.333333333333334,10.086126762253087,16.447964149221722,19.068492305923495,0.08217033537784335,0.0,-0.5,-0.5,8.333333333333334,8.333333333333334
31,0.6000000000000001,False,0,4.0,1.0,0.0,True,8.424635426864628,11.317281324938147,16.235938068655127,-1.756995057124732,-1.8599999999999959,0.0,0.0,8.333333333333334,8.333333333333334,10.335139325758282,18.662961789444704,20.214966266100216,0.17086645916547516,-0.019999999999999574,-0.6000000000000001,-0.6000000000000001,8.333333333333334,8.333333333333334
31,0.7000000000000001,False,0,4.0,0.9014105324817375,0.0,True,8.368902137989398,12.65219641134821,16.02150254838534,-1.7488120978515285,-1.899999999999999,0.0,0.0,8.333333333333334,8.333333333333334,10.855808604477396,19.325364901106155,21.171163281283043,0.20649486402711847,-0.009999999999999343,-0.7000000000000001,-0.7000000000000001,8.333333333333334,8.333333333333334
31,0.8,False,0,4.0,0.8785803957715609,0.0,True,8.34691043829728,13.290663658312933,15.31586573725087,-1.7132852307660924,-1.8799999999999994,0.0,0.0,8.333333333333334,8.333333333333334,10.995300310807327,20.705458050212474,22.048797122244398,0.30187963537081375,-2.220446049250313e-16,-0.8,-0.8,8.333333333333334,8.333333333333334
31,0.9,False,0,4.0,0.7313175967300972,0.0,True,8.40170502209919,12.884047433145792,16.398649918491085,-1.8714518238555082,-1.8900000000000028,0.0,0.0,8.333333333333334,8.333333333333334,11.503485147296415,21.87973371070031,22.60693361091673,0.009153900894455447,-0.02000000000000024,-0.9,-0.9,8.333333333333334,8.333333333333334
31,1.0,False,0,4.0,0.8662022279537601,0.0,True,8.372009773988285,13.543802282549759,16.151498112712215,-1.559869871028804,-1.7999999999999998,0.0,0.0,8.333333333333334,8.333333333333334,11.625819436618267,22.463982211133363,23.470489331061515,0.03732158206994973,0.0,-1.0,-1.0,8.333333333333334,8.333333333333334
31,1.1,False,0,4.0,0.7892765141648678,0.0,True,8.347943660948888,13.580971798907239,15.975246448754273,-1.7633944411604392,-1.8799999999999981,0.0,0.0,8.333333333333334,8.333333333333334,11.834260769956177,23.38404760088824,23.9469955352392,0.06357824519061617,-0.0499999999999996,-1.1,-1.1,8.333333333333334,8.333333333333334
31,1.2000000000000002,False,0,4.0,0.8247292255006817,0.0,True,8.376252459281538,12.993138246119255,16.297194297090297,-1.8917994062189256,-1.7999999999999998,0.0,0.0,8.333333333333334,8.333333333333334,11.994189013808112,24.32850576373762,24.410878821388682,-0.2147371141533092,-0.07999999999999963,-1.2000000000000002,-1.2000000000000002,8.333333333333334,8.333333333333334
31,1.3,False,0,4.0,0.7470396807965773,0.0,True,8.456318209604655,11.699163314059245,15.973355257774,-1.866174790546866,-1.8899999999999997,0.0,0.0,8.333333333333334,8.333333333333334,12.066568884485953,22.085031195006938,24.770864117492156,0.48452950827231867,-0.09000000000000008,-1.3,-1.3,8.333333333333334,8.333333333333334
31,1.4000000000000001,False,0,4.0,0.7661458238778555,0.0,True,8.343010383136974,12.630342984131726,15.899942530440196,-1.6537713946673982,-1.8999999999999986,0.0,0.0,8.333333333333334,8.333333333333334,12.280212385852952,24.317312684850737,25.2046558952793,0.2516037675324596,-0.08000000000000007,-1.4000000000000001,-1.4000000000000001,8.333333333333334,8.333333333333334
31,1.5,False,0,4.0,0.6563497108995604,0.0,True,8.379810350715346,12.000706589477328,15.932251230458444,-1.572446220215869,-1.7999999999999998,0.0,0.0,8.333333333333334,8.333333333333334,12.353078783206673,24.918978778065892,25.627902122599217,0.0032483045349889217,-0.04999999999999982,-1.5,-1.5,8.333333333333334,8.333333333333334
31,1.6,False,0,4.0,0.8233552918284491,0.0,True,8.345828109445673,12.534709921324389,15.923526526027654,-1.520237236090909,-1.879999999999999,0.0,0.0,8.333333333333334,8.333333333333334,12.422225778730807,22.920113312586288,25.487136386748475,0.4161784547015879,-0.1599999999999997,-1.6,-1.6,8.333333333333334,8.333333333333334
31,1.7000000000000002,False,0,4.0,0.8119189051962117,0.0,True,8.341446450504197,13.786875719985627,16.410929369190367,-1.7504729299573079,-1.8300000000000005,0.0,0.0,8.333333333333334,8.333333333333334,12.598806422223982,24.44459188242191,25.9733562629416,0.19857046072808915,-0.09999999999999964,-1.7000000000000002,-1.7000000000000002,8.333333333333334,8.333333333333334
32,0.0,False,0,4.0,0.0,0.0,False,13.88888888888889,-1.1872962067226664,-4.111111111111032,1.2301905934231057,1.6,0.0,0.0,8.333333333333334,8.333333333333334,,,,,,,,,
32,0.1,False,0,4.0,0.0,0.0,False,13.88888888888889,-3.830820431975954,-4.111111111111032,0.8229195842557995,0.9500000000000006,-0.1,-0.1,8.333333333333334,8.333333333333334,13.88888888888889,49.92105800174967,48.84444444444411,0.09085431206787398,-0.00999999999999579,-0.1,-0.1,8.333333333333334,8.333333333333334
32,0.2,False,0,0.6000000000000116,1.0,1.0,True,13.50938888888889,-2.560054480720072,-4.262233333333302,0.5045116768665694,0.2800000000000016,-0.2,-0.2,8.333333333333334,8.333333333333334,13.50938888888889,5.976372927128534,3.5018499999999877,-0.2471179881012775,-0.019999999999997353,-0.2,-0.2,8.333333333333334,8.333333333333334
32,0.30000000000000004,False,0,4.0,0.9113209380606464,0.0,True,8.360443528947549,13.308064946938867,15.966379807647495,-0.7709594325146707,-0.8300000000000036,-0.30000000000000004,-0.30000000000000004,8.333333333333334,8.333333333333334,9.04839707228226,16.24557789075509,17.124001727709715,0.22637593787778654,-0.020000000000001572,-0.30000000000000004,-0.30000000000000004,8.333333333333334,8.333333333333334
32,0.4,False,0,4.0,0.8569692117020725,0.0,True,8.413198604411066,12.451513496527564,16.118172415313946,-1.4222990432354738,-1.6799999999999948,-0.4,-0.4,8.333333333333334,8.333333333333334,9.681313317282225,18.032021245459784,18.589425246096038,0.09850716466548803,-6.661338147750939e-16,-0.4,-0.4,8.333333333333334,8.333333333333334
32,0.5,False,0,4.0,1.0,0.0,True,8.38374431240733,12.630767223957815,15.957646322214881,-1.8604059188864122,-1.85,0.0,0.0,8.333333333333334,8.333333333333334,10.270242568159716,18.01226561876862,19.704742843508033,-0.20203651748289864,0.0,-0.5,-0.5,8.333333333333334,8.333333333333334
32,0.6000000000000001,False,0,4.0,0.721614880652793,0.0,True,8.455754042876094,12.412138184376882,15.913875085954086,-1.5928740321145045,-1.8599999999999959,0.0,0.0,8.333333333333334,8.333333333333334,10.686934348380818,19.431120958463293,21.112348925035487,0.3384635771395996,-0.019999999999999574,-0.6000000000000001,-0.6000000000000001,8.333333333333334,8.333333333333334
32,0.7000000000000001,False,0,4.0,0.8973528078473046,0.0,True,8.335327697687879,12.54568475296362,15.970772767528285,-1.4768313070248922,-1.899999999999999,0.0,0.0,8.333333333333334,8.333333333333334,10.970724042005797,20.40389113207852,22.001353855620223,0.0037574579274530784,-0.009999999999999343,-0.7000000000000001,-0.7000000000000001,8.333333333333334,8.333333333333334
32,0.8,False,0,4.0,0.8311678731099049,0.0,True,8.48637465945477,11.648533726995435,16.500044609830123,-1.8225118229090869,-1.8799999999999994,0.0,0.0,8.333333333333334,8.333333333333334,11.401086318783547,22.198594999216628,23.029010901456385,-0.037323810468157914,-2.220446049250313e-16,-0.8,-0.8,8.333333333333334,8.333333333333334
32,0.9,False,0,4.0,0.7825976825846647,0.0,True,8.341249009950108,13.404807900427354,16.48164790867116,-1.770754475209593,-1.8900000000000028,0.0,0.0,8.333333333333334,8.333333333333334,11.680872616267292,23.74567208013404,23.690322041678453,0.057016513894747156,-0.02000000000000024,-0.9,-0.9,8.333333333333334,8.333333333333334
32,1.0,False,0,4.0,0.7083421692119324,0.0,True,8.362543610218328,13.36677859182836,15.673958611343476,-1.6871983470732344,-1.7999999999999998,0.0,0.0,8.333333333333334,8.333333333333334,12.030128075673678,24.321241949687423,24.29750243369025,0.05466241238816694,0.0,-1.0,-1.0,8.333333333333334,8.333333333333334
32,1.1,False,0,4.0,0.7874461224097036,0.0,True,8.365911123630513,11.971919790128876,16.291602971268528,-1.7268368288953757,-1.8799999999999981,0.0,0.0,8.333333333333334,8.333333333333334,12.172141173432594,22.192475770520073,24.64716020118087,0.3170114596995326,-0.0499999999999996,-1.1,-1.1,8.333333333333334,8.333333333333334
32,1.2000000000000002,False,0,4.0,0.5938394457181856,0.0,True,8.357781963425275,12.628156954811939,16.56754696760107,-1.8711713098851497,-1.7999999999999998,0.0,0.0,8.333333333333334,8.333333333333334,12.165844239286635,23.95985126710412,25.155478016708884,-0.043424478260153165,-0.07999999999999963,-1.2000000000000002,-1.2000000000000002,8.333333333333334,8.333333333333334
32,1.3,False,0,4.0,0.7988254790740622,0.0,True,8.46920445250077,12.590442697705765,15.954786950385252,-1.6269855681612635,-1.8899999999999997,0.0,0.0,8.333333333333334,8.333333333333334,12.376353870440262,24.73936300573555,25.553503299423188,0.026382902158397892,-0.09000000000000008,-1.3,-1.3,8.333333333333334,8.333333333333334
32,1.4000000000000001,False,0,4.0,0.679429203464808,0.0,True,8.361379084083705,12.96938421450103,16.227711703611018,-1.7223275886720029,-1.8999999999999986,0.0,0.0,8.333333333333334,8.333333333333334,12.585231652578491,24.997504730390105,25.922767600305157,-0.0626100103230256,-0.08000000000000007,-1.4000000000000001,-1.4000000000000001,8.333333333333334,8.333333333333334
32,1.5,False,0,4.0,0.7341223645617885,0.0,True,8.3546306752635,13.459825840801752,16.19379976976499,-1.5754132804258156,-1.7999999999999998,0.0,0.0,8.333333333333334,8.333333333333334,12.698213879546588,26.487917145913787,26.374420068275736,-0.32360990834288583,-0.04999999999999982,-1.5,-1.5,8.333333333333334,8.333333333333334
32,1.6,False,0,4.0,0.6904040575160958,0.0,True,8.37108710721165,11.952727169029682,16.386830279860373,-1.5662660809203075,-1.879999999999999,0.0,0.0,8.333333333333334,8.333333333333334,12.536988512331154,24.71963018953519,26.450305522812503,0.14072519321948773,-0.1599999999999997,-1.6,-1.6,8.333333333333334,8.333333333333334
32,1.7000000000000002,False,0,4.0,0.7512031603680593,0.0,True,8.380456116286801,12.678965790319122,16.583372665618977,-1.8774493673288377,-1.8300000000000005,0.0,0.0,8.333333333333334,8.333333333333334,12.799329138880505,25.263380701208455,26.894565834639145,0.17950381591150633,-0.09999999999999964,-1.7000000000000002,-1.7000000000000002,8.333333333333334,8.333333333333334
33,0.0,False,0,4.0,0.0,0.0,False,13.88888888888889,-4.111221034296267,-4.222222222222132,1.3422679449287163,1.6,0.0,0.0,8.333333333333334,8.333333333333334,,,,,,,,,
33,0.1,False,0,4.0,0.0,0.0,False,13.88888888888889,-2.7877120440884537,-4.222222222222132,0.8842721857066138,0.930000000000001,-0.1,-0.1,8.333333333333334,8.333333333333334,13.88888888888889,49.484393478043174,47.84444444444411,0.009440178772675889,-0.00999999999999579,-0.1,-0.1,8.333333333333334,8.333333333333334
33,0.2,False,0,0.5000000000000115,1.0,1.0,True,13.50938888888889,-2.807365663671095,-4.057772222222158,0.4876729828545341,0.26000000000000156,-0.2,-0.2,8.333333333333334,8.333333333333334,13.50938888888889,4.327158704669881,2.7042499999998997,0.07588677434867375,-0.019999999999997353,-0.2,-0.2,8.333333333333334,8.333333333333334
33,0.30000000000000004,False,0,4.0,1.0,0.0,True,8.357774470093737,13.126359490908126,16.003445080618004,-0.9481708446759901,-1.0700000000000043,-0.30000000000000004,-0.30000000000000004,8.333333333333334,8.333333333333334,8.979634434699642,16.500839584741602,17.356021014536115,0.04555684035191998,-0.020000000000001572,-0.30000000000000004,-0.30000000000000004,8.333333333333334,8.333333333333334
33,0.4,False,0,4.0,1.0,0.0,True,8.416382018764939,12.823180746636464,16.24168290117829,-1.4557045676825322,-1.5999999999999948,-0.4,-0.4,8.333333333333334,8.333333333333334,9.758603376578199,17.314389255836065,19.002472369953043,0.21097324247939042,-6.661338147750939e-16,-0.4,-0.4,8.333333333333334,8.333333333333334
33,0.5,False,0,4.0,0.8389934740544739,0.0,True,8.34109888990826,13.70844857884094,16.201652083590556,-1.7624711644336672,-1.85,0.0,0.0,8.333333333333334,8.333333333333334,10.339513364763564,18.78841508064958,20.27409131881551,0.26040004643102765,0.0,-0.5,-0.5,8.333333333333334,8.333333333333334
33,0.6000000000000001,False,0,4.0,0.6688164365533578,0.0,True,8.35095090196239,12.519664593878982,16.532429336519026,-1.6021319782473804,-1.8599999999999959,0.0,0.0,8.333333333333334,8.333333333333334,10.750788303734774,21.656565974232816,21.55909660443506,0.10955441044640768,-0.019999999999999574,-0.6000000000000001,-0.6000000000000001,8.333333333333334,8.333333333333334
33,0.7000000000000001,False,0,4.0,0.7287593713596787,0.0,True,8.389870879710902,11.28929120014929,16.281982780699035,-1.864271045945934,-1.899999999999999,0.0,0.0,8.333333333333334,8.333333333333334,11.215429752574284,22.07520311630172,22.74098349398042,0.25618359973526994,-0.009999999999999343,-0.7000000000000001,-0.7000000000000001,8.333333333333334,8.333333333333334
33,0.8,False,0,4.0,0.79257733235263,0.0,True,8.34623104084899,13.503059941511463,15.898763633361053,-1.5789003406310893,-1.8799999999999994,0.0,0.0,8.333333333333334,8.333333333333334,11.600922798066396,22.63333011394894,23.58686864548854,-0.10016918646359096,-2.220446049250313e-16,-0.8,-0.8,8.333333333333334,8.333333333333334
33,0.9,False,0,4.0,0.7328259415836641,0.0,True,8.430570580482591,11.605204461694964,15.834675978709907,-1.6458964492778898,-1.8900000000000028,0.0,0.0,8.333333333333334,8.333333333333334,11.907684103284124,23.409449628955713,24.265145825483906,0.09230849279637465,-0.02000000000000024,-0.9,-0.9,8.333333333333334,8.333333333333334
33,1.0,False,0,4.0,0.6044959273951412,0.0,True,8.378452055011465,11.816721437807555,15.802314572985377,-1.6518006751401264,-1.7999999999999998,0.0,0.0,8.333333333333334,8.333333333333334,12.177029224338268,24.937343933840744,25.061341665732456,-0.07828038447240449,0.0,-1.0,-1.0,8.333333333333334,8.333333333333334
33,1.1,False,0,4.0,0.8605065211598198,0.0,True,8.339819770228477,12.829919306197322,16.126924444326388,-1.810057528060263,-1.8799999999999981,0.0,0.0,8.333333333333334,8.333333333333334,12.245084636437717,25.215179981872996,25.44040921505103,-0.18313045836742692,-0.0499999999999996,-1.1,-1.1,8.333333333333334,8.333333333333334
33,1.2000000000000002,False,0,4.0,0.7535125336854588,0.0,True,8.466868059128585,11.730094053102217,15.927993687386813,-1.8996509248054168,-1.7999999999999998,0.0,0.0,8.333333333333334,8.333333333333334,12.407109906535196,26.267547840766852,25.872944471412666,0.02107252266349713,-0.07999999999999963,-1.2000000000000002,-1.2000000000000002,8.333333333333334,8.333333333333334
33,1.3,False,0,4.0,0.6604214353650346,0.0,True,8.340339196841345,13.861480860884381,16.419610225856157,-1.8648747326259625,-1.8899999999999997,0.0,0.0,8.333333333333334,8.333333333333334,12.627429254266655,24.80663133532782,26.24633383255274,0.31042159302602457,-0.09000000000000008,-1.3,-1.3,8.333333333333334,8.333333333333334
33,1.4000000000000001,False,0,4.0,0.5236871407470464,0.0,True,8.386635498096751,12.884947170210292,16.376484811129355,-1.8141422278993988,-1.8999999999999986,0.0,0.0,8.333333333333334,8.333333333333334,12.785537974540011,24.95746563668587,26.756232726247827,0.09532943625587076,-0.08000000000000007,-1.4000000000000001,-1.4000000000000001,8.333333333333334,8.333333333333334
33,1.5,False,0,4.0,0.589305620695198,0.0,True,8.399057253729431,13.089681633176536,16.48999476558627,-1.7494833656541298,-1.7999999999999998,0.0,0.0,8.333333333333334,8.333333333333334,13.06615561642827,26.286870958588057,27.135792997482977,-0.23192449960499362,-0.04999999999999982,-1.5,-1.5,8.333333333333334,8.333333333333334
33,1.6,False,0,4.0,0.6616631044002899,0.0,True,8.400487712784093,13.01375515558011,16.28293776483825,-1.8519712602914438,-1.879999999999999,0.0,0.0,8.333333333333334,8.333333333333334,12.934856317863787,24.544622677332004,27.231517960653317,0.20347460761962033,-0.1599999999999997,-1.6,-1.6,8.333333333333334,8.333333333333334
33,1.7000000000000002,False,0,4.0,0.6379132488154703,0.0,True,8.387761774478982,12.612076987903162,16.203017056561077,-1.7006062906619785,-1.8300000000000005,0.0,0.0,8.333333333333334,8.333333333333334,13.199921372025743,26.834263524807515,27.604958204684007,0.05304198001266691,-0.09999999999999964,-1.7000000000000002,-1.7000000000000002,8.333333333333334,8.333333333333334
34,0.0,False,0,4.0,0.0,0.0,False,13.88888888888889,-2.637543888482713,-4.266666666666782,1.5723938464208294,1.6,0.0,0.0,8.333333333333334,8.333333333333334,,,,,,,,,
34,0.1,False,0,4.0,0.0,0.0,False,13.88888888888889,-4.24118011459733,-4.266666666666782,0.9002243811174226,0.910000000000001,-0.1,-0.1,8.333333333333334,8.333333333333334,13.88888888888889,49.33407389668979,46.84444444444411,-0.09180503049589794,-0.00999999999999579,-0.1,-0.1,8.333333333333334,8.333333333333334
34,0.2,False,0,4.0,1.0,0.0,True,8.51593068088925,11.974485969252523,15.845553302109604,0.6563813451018685,0.6200000000000006,-0.2,-0.2,8.333333333333334,8.333333333333334,8.31541904140996,11.428000462101803,15.902879036264576,0.14380771479604215,-0.019999999999997353,-0.2,-0.2,8.333333333333334,8.333333333333334
34,0.30000000000000004,False,0,4.0,0.7147860639053473,0.0,True,8.357370924614631,13.167806278821313,16.41262860161491,-1.3414154332670774,-1.5800000000000054,-0.30000000000000004,-0.30000000000000004,8.333333333333334,8.333333333333334,9.437729527648917,15.05747883664542,17.49040713771375,0.27240124422034606,-0.020000000000001572,-0.30000000000000004,-0.30000000000000004,8.333333333333334,8.333333333333334
34,0.4,False,0,4.0,0.7498456222708042,0.0,True,8.413118886291885,12.950753973497338,16.349962741643534,-1.6612209653511525,-1.880000000000006,0.0,0.0,8.333333333333334,8.333333333333334,10.006267140440908,18.26890297983302,19.224761445443864,0.05949465334950643,-6.661338147750939e-16,-0.4,-0.4,8.333333333333334,8.333333333333334
34,0.5,False,0,4.0,0.6794607651425486,0.0,True,8.349419092219991,13.013555302386205,16.0879787482889,-1.7158504958701541,-1.85,0.0,0.0,8.333333333333334,8.333333333333334,10.558783467943318,18.092591225059675,20.786941674694805,0.06940850012101185,0.0,-0.5,-0.5,8.333333333333334,8.333333333333334
34,0.6000000000000001,False,0,4.0,0.9616520411297336,0.0,True,8.447505079603717,12.840517969823221,16.178077187182208,-1.484596903612543,-1.8599999999999959,0.0,0.0,8.333333333333334,8.333333333333334,11.000842519480573,20.550345386194945,21.999183973760577,0.11575448237541419,-0.019999999999999574,-0.6000000000000001,-0.6000000000000001,8.333333333333334,8.333333333333334
34,0.7000000000000001,False,0,4.0,0.6516675883965479,0.0,True,8.341817073723526,12.685353806470669,16.189956996840078,-1.8285016021985319,-1.899999999999999,0.0,0.0,8.333333333333334,8.333333333333334,11.696062167469414,19.89368034217553,23.288654820667034,0.44995636222379787,-0.009999999999999343,-0.7000000000000001,-0.7000000000000001,8.333333333333334,8.333333333333334
34,0.8,False,0,4.0,0.6917790753520513,0.0,True,8.364101089350541,11.909497859613861,16.771607442928197,-1.5633677807769342,-1.8799999999999994,0.0,0.0,8.333333333333334,8.333333333333334,12.056291173333458,22.47583655065654,24.187092039490857,0.4169874924623165,-2.220446049250313e-16,-0.8,-0.8,8.333333333333334,8.333333333333334
34,0.9,False,0,4.0,0.685795865433482,0.0,True,8.379837588894596,12.690331880144225,16.11938394936571,-1.8911568289870198,-1.8900000000000028,0.0,0.0,8.333333333333334,8.333333333333334,12.137116625668316,22.537613746661098,24.930092295301545,0.22990075977768898,-0.02000000000000024,-0.9,-0.9,8.333333333333334,8.333333333333334
34,1.0,False,0,4.0,0.633129132274784,0.0,True,8.465766897849752,11.190739585785646,16.193060674158996,-1.8808414761825747,-1.7999999999999998,0.0,0.0,8.333333333333334,8.333333333333334,12.495499250409484,25.158531591512155,25.73240052707177,0.1320330078636731,0.0,-1.0,-1.0,8.333333333333334,8.333333333333334
34,1.1,False,0,4.0,0.6302090732618774,0.0,True,8.336585468244852,13.291531441865924,16.43471493595946,-1.6811927241452587,-1.8799999999999981,0.0,0.0,8.333333333333334,8.333333333333334,12.578472194134408,24.906071696481963,26.353799582156864,0.21706895608767285,-0.0499999999999996,-1.1,-1.1,8.333333333333334,8.333333333333334
34,1.2000000000000002,False,0,4.0,0.8086389104351287,0.0,True,8.386567683290455,11.45029713726505,15.906114898204432,-1.823534603983192,-1.7999999999999998,0.0,0.0,8.333333333333334,8.333333333333334,12.502098052058948,25.895558312079405,26.805208441633535,-0.13712261207638887,-0.07999999999999963,-1.2000000000000002,-1.2000000000000002,8.333333333333334,8.333333333333334
34,1.3,False,0,4.0,0.7162635111372258,0.0,True,8.36342108617589,13.596509504398337,16.192508658690667,-1.8927283587554788,-1.8899999999999997,0.0,0.0,8.333333333333334,8.333333333333334,12.657542960892139,26.42262869507883,27.236322318546673,-0.029909758022617527,-0.09000000000000008,-1.3,-1.3,8.333333333333334,8.333333333333334
34,1.4000000000000001,False,0,4.0,0.6767611622053851,0.0,True,8.35977734579382,13.483688302136965,16.16266663477546,-1.765098232922688,-1.8999999999999986,0.0,0.0,8.333333333333334,8.333333333333334,13.349290450998916,25.87590073842474,27.436048481671257,0.1906848200191953,-0.08000000000000007,-1.4000000000000001,-1.4000000000000001,8.333333333333334,8.333333333333334
34,1.5,False,0,4.0,0.8016549648240049,0.0,True,8.363514644325258,13.023620662732906,16.388659542654178,-1.8664333538525306,-1.7999999999999998,0.0,0.0,8.333333333333334,8.333333333333334,13.046923989346606,27.333019020380153,28.147936442674048,0.0638653204806261,-0.04999999999999982,-1.5,-1.5,8.333333333333334,8.333333333333334
34,1.6,False,0,4.0,0.8520762406124156,0.0,True,8.445799888183702,12.289212873061881,16.396044096362413,-1.7657103606706595,-1.879999999999999,0.0,0.0,8.333333333333334,8.333333333333334,13.387399460604563,25.500115967450434,27.98791389479143,0.20322317215860153,-0.1599999999999997,-1.6,-1.6,8.333333333333334,8.333333333333334
34,1.7000000000000002,False,0,4.0,0.9240191379569951,0.0,True,8.364992352824643,12.959508111678101,16.240922178449562,-1.856324092201075,-1.8300000000000005,0.0,0.0,8.333333333333334,8.333333333333334,13.33975040156246,27.78637529512194,28.576445309646427,0.23692090640610441,-0.09999999999999964,-1.7000000000000002,-1.7000000000000002,8.333333333333334,8.333333333333334
35,0.0,False,0,4.0,0.0,0.0,False,13.88888888888889,-3.153879802364787,-4.155555555555668,1.3913302185865382,1.6,0.0,0.0,8.333333333333334,8.333333333333334,,,,,,,,,
35,0.1,False,0,4.0,0.0,0.0,False,13.88888888888889,-4.02226215786327,-4.155555555555668,0.8454786734292474,0.890000000000001,-0.1,-0.1,8.333333333333334,8.333333333333334,13.88888888888889,46.91901060950393,45.84444444444411,0.18773383481466022,-0.00999999999999579,-0.1,-0.1,8.333333333333334,8.333333333333334
35,0.2,False,0,2.8324347411498296,1.0,0.0,True,8.729888888888885,6.864817909818524,7.083127777777787,0.18103042810783565,0.44000000000000083,-0.2,-0.2,8.333333333333334,8.333333333333334,6.555553854826634,6.197066172281493,7.9029975941644866,-0.020213454943303066,-0.019999999999997353,-0.2,-0.2,8.333333333333334,8.333333333333334
35,0.30000000000000004,False,0,4.0,0.6138564420868705,0.0,True,8.340391559070873,12.728781102658797,16.008707219211555,-0.9882361238493411,-1.1300000000000043,-0.30000000000000004,-0.30000000000000004,8.333333333333334,8.333333333333334,9.412928510833598,17.73900499050521,17.899348197324432,-0.38191684688511573,-0.020000000000001572,-0.30000000000000004,-0.30000000000000004,8.333333333333334,8.333333333333334
35,0.4,False,0,4.0,0.6256737678030694,0.0,True,8.337210065815224,13.83417265574884,16.285554188960173,-1.8238633506366206,-1.880000000000006,0.0,0.0,8.333333333333334,8.333333333333334,10.02639402562222,18.751668738700833,19.5741251783969,0.30677318864576053,-6.661338147750939e-16,-0.4,-0.4,8.333333333333334,8.333333333333334
35,0.5,False,0,4.0,1.0,0.0,True,8.35704136623598,13.385766633052807,16.073549503208294,-1.8866461240859036,-1.85,0.0,0.0,8.333333333333334,8.333333333333334,10.723942948476642,20.601166745601642,21.42137311192725,0.29003562346010847,0.0,-0.5,-0.5,8.333333333333334,8.333333333333334
35,0.6000000000000001,False,0,4.0,0.5944224714049557,0.0,True,8.348322555241793,13.774297267572233,16.20235629384315,-1.823905006631656,-1.8599999999999959,0.0,0.0,8.333333333333334,8.333333333333334,11.25445841745448,21.779411212884536,22.548533532139476,0.1050482990455146,-0.019999999999999574,-0.6000000000000001,-0.6000000000000001,8.333333333333334,8.333333333333334
35,0.7000000000000001,False,0,4.0,0.6865314320749996,0.0,True,8.385799647983744,12.770968735152575,16.48844077824371,-1.6199967923036607,-1.899999999999999,0.0,0.0,8.333333333333334,8.333333333333334,11.727662539641365,21.425542987578755,23.918087503389838,0.13915159955141032,-0.009999999999999343,-0.7000000000000001,-0.7000000000000001,8.333333333333334,8.333333333333334
35,0.8,False,0,4.0,0.6515478851734328,0.0,True,8.346182683607436,12.110751374354532,16.468023529283936,-1.8501324421625036,-1.8799999999999994,0.0,0.0,8.333333333333334,8.333333333333334,12.220426120113126,23.932769042737263,24.94819459006299,-0.280242936920611,-2.220446049250313e-16,-0.8,-0.8,8.333333333333334,8.333333333333334
35,0.9,False,0,4.0,0.9156035868684734,0.0,True,8.342350794103472,13.861086640437616,16.567048484895505,-1.805628700026199,-1.8900000000000028,0.0,0.0,8.333333333333334,8.333333333333334,12.473953820086079,24.86979018957407,25.747530612806166,0.23642471007381616,-0.02000000000000024,-0.9,-0.9,8.333333333333334,8.333333333333334
35,1.0,False,0,4.0,0.7788850272478234,0.0,True,8.357687345318281,11.683702374225316,15.860741287081677,-1.7659629821640885,-1.7999999999999998,0.0,0.0,8.333333333333334,8.333333333333334,12.687234669179876,24.93593439855463,26.513080373758612,0.011952805337280381,0.0,-1.0,-1.0,8.333333333333334,8.333333333333334
35,1.1,False,0,4.0,0.7163031947647447,0.0,True,8.380191866612753,13.353800069141368,16.35803451091142,-1.8961595328479612,-1.8799999999999981,0.0,0.0,8.333333333333334,8.333333333333334,12.822747128222819,22.86963330277384,27.024094197163873,0.6744280331563495,-0.0499999999999996,-1.1,-1.1,8.333333333333334,8.333333333333334
35,1.2000000000000002,False,0,4.0,0.6211500461285606,0.0,True,8.373356891787882,13.391316350099057,15.972520338602688,-1.696775766603931,-1.7999999999999998,0.0,0.0,8.333333333333334,8.333333333333334,13.064876668839544,27.617388140211695,27.447029027554755,0.07932800550441521,-0.07999999999999963,-1.2000000000000002,-1.2000000000000002,8.333333333333334,8.333333333333334
35,1.3,False,0,4.0,0.7241348322935007,0.0,True,8.33411304880248,13.937278667980745,16.682970248506958,-1.757112314856912,-1.8899999999999997,0.0,0.0,8.333333333333334,8.333333333333334,13.158232776407907,26.39770624345546,27.963767742089654,0.1998627035285616,-0.09000000000000008,-1.3,-1.3,8.333333333333334,8.333333333333334
35,1.4000000000000001,False,0,4.0,0.6068728789646688,0.0,True,8.420472670735434,11.696872078741816,15.958825909857335,-1.8684924438556594,-1.8999999999999986,0.0,0.0,8.333333333333334,8.333333333333334,13.38605005569752,26.76329169732917,28.43027799926352,0.03818245157043165,-0.08000000000000007,-1.4000000000000001,-1.4000000000000001,8.333333333333334,8.333333333333334
35,1.5,False,0,4.0,0.7551788886793536,0.0,True,8.369939551843082,13.341302630439866,16.02526822605223,-1.7986878617393762,-1.7999999999999998,0.0,0.0,8.333333333333334,8.333333333333334,13.76238888888889,25.566809511734515,28.901538888888883,0.6138128151107707,-0.04999999999999982,-1.5,-1.5,8.333333333333334,8.333333333333334
35,1.6,False,0,4.0,0.649740029240575,0.0,True,8.360232485669991,13.444050910567253,16.688941952887827,-1.704916052705399,-1.879999999999999,0.0,0.0,8.333333333333334,8.333333333333334,13.575610914314147,26.387289857238596,28.932866686346355,0.3688779080975175,-0.1599999999999997,-1.6,-1.6,8.333333333333334,8.333333333333334
35,1.7000000000000002,False,0,4.0,0.720975381027301,0.0,True,8.37987308190975,13.452020711043655,16.081756827356056,-1.7118202957964224,-1.8300000000000005,0.0,0.0,8.333333333333334,8.333333333333334,13.76238888888889,28.623104962760276,29.457094444444433,0.06526213113769685,-0.09999999999999964,-1.7000000000000002,-1.7000000000000002,8.333333333333334,8.333333333333334
36,0.0,False,0,4.0,0.0,0.0,False,13.88888888888889,-1.561041869963847,-4.044444444444582,1.595621166454384,1.6,0.0,0.0,8.333333333333334,8.333333333333334,,,,,,,,,
36,0.1,False,0,4.0,0.0,0.0,False,13.88888888888889,-3.2421278546682144,-4.044444444444582,0.9642829750600734,0.870000000000001,-0.1,-0.1,8.333333333333334,8.333333333333334,13.88888888888889,46.58400608726619,44.84444444444411,-0.2064735706956211,-0.00999999999999579,-0.1,-0.1,8.333333333333334,8.333333333333334
36,0.2,False,0,4.0,0.7542763822688898,0.0,True,8.419222500660512,12.38001155427197,16.415924414876184,-0.21285807902291976,-0.07999999999999718,-0.2,-0.2,8.333333333333334,8.333333333333334,8.46943506847419,14.530001259885193,16.45173367863708,-0.012505531940864678,-0.019999999999997353,-0.2,-0.2,8.333333333333334,8.333333333333334
36,0.30000000000000004,False,0,4.0,0.5337507150883969,0.0,True,8.361765648547413,13.384584664892909,16.241053319348705,-1.470194684947244,-1.4600000000000048,-0.30000000000000004,-0.30000000000000004,8.333333333333334,8.333333333333334,9.646637155187753,17.19619702715082,17.864738131223564,-0.13518144021522716,-0.020000000000001572,-0.30000000000000004,-0.30000000000000004,8.333333333333334,8.333333333333334
36,0.4,False,0,4.0,0.7016003557725358,0.0,True,8.409892985865888,13.180506015787596,15.818052039112171,-1.895167400260989,-1.880000000000006,0.0,0.0,8.333333333333334,8.333333333333334,10.312001175709053,20.022428750323545,19.96939000409184,-0.1767282340582932,-6.661338147750939e-16,-0.4,-0.4,8.333333333333334,8.333333333333334
36,0.5,False,0,4.0,0.7456669035344857,0.0,True,8.4040554955501,11.829561317528228,15.845347424526832,-1.8375711520812743,-1.85,0.0,0.0,8.333333333333334,8.333333333333334,10.847763407708,19.352957822090648,21.765430146386425,0.39813626408266467,0.0,-0.5,-0.5,8.333333333333334,8.333333333333334
36,0.6000000000000001,False,0,4.0,0.790685610120571,0.0,True,8.333373286053462,13.540153892418086,16.104632431835864,-1.8961155122435933,-1.8599999999999959,0.0,0.0,8.333333333333334,8.333333333333334,11.447499356424887,21.762679837366758,23.14968952275834,0.06736578694468931,-0.019999999999999574,-0.6000000000000001,-0.6000000000000001,8.333333333333334,8.333333333333334
36,0.7000000000000001,False,0,4.0,0.606645969958759,0.0,True,8.368923968974194,13.499709896509582,15.945109646703582,-1.8759354706960403,-1.899999999999999,0.0,0.0,8.333333333333334,8.333333333333334,11.879061408528019,22.968023714719966,24.534984636572947,-0.07875665506903284,-0.009999999999999343,-0.7000000000000001,-0.7000000000000001,8.333333333333334,8.333333333333334
36,0.8,False,0,4.0,0.8798504719362383,0.0,True,8.34694904395145,13.66847115874263,15.990032024168624,-1.800327887154557,-1.8799999999999994,0.0,0.0,8.333333333333334,8.333333333333334,12.32797603622268,24.802692119424112,25.589345888387594,0.13079430723208985,-2.220446049250313e-16,-0.8,-0.8,8.333333333333334,8.333333333333334
36,0.9,False,0,4.0,0.661231237122156,0.0,True,8.347110240565389,13.355013139644395,15.829297016043395,-1.8480639609904697,-1.8900000000000028,0.0,0.0,8.333333333333334,8.333333333333334,12.934268327060401,24.717886234604165,26.27559791265783,0.34545588411266914,-0.02000000000000024,-0.9,-0.9,8.333333333333334,8.333333333333334
36,1.0,False,0,4.0,0.6728843357031316,0.0,True,8.342593134345266,13.506426895787595,16.326934642856994,-1.545293007543567,-1.7999999999999998,0.0,0.0,8.333333333333334,8.333333333333334,12.921937946427393,27.177540828496912,27.44791308540071,-0.151926703681029,0.0,-1.0,-1.0,8.333333333333334,8.333333333333334
36,1.1,False,0,4.0,0.5556333400205744,0.0,True,8.404451724026634,12.654992232438754,15.972164919916136,-1.6463795068010578,-1.8799999999999981,0.0,0.0,8.333333333333334,8.333333333333334,13.071332150625713,27.900874044478282,27.901093418954783,-0.021659370279157653,-0.0499999999999996,-1.1,-1.1,8.333333333333334,8.333333333333334
36,1.2000000000000002,False,0,4.0,0.6360865235145877,0.0,True,8.419510613775778,12.7246439645813,16.08454708685151,-1.8880303040498216,-1.7999999999999998,0.0,0.0,8.333333333333334,8.333333333333334,13.104848566764069,27.589672137670775,28.44062642275186,-0.24530292671767273,-0.07999999999999963,-1.2000000000000002,-1.2000000000000002,8.333333333333334,8.333333333333334
36,1.3,False,0,4.0,0.6170479590674879,0.0,True,8.34419829600713,13.361591539718344,15.839699035954364,-1.7451378055108318,-1.8899999999999997,0.0,0.0,8.333333333333334,8.333333333333334,13.577633790200455,28.830140567207405,28.821553287646605,-0.06323591737001544,-0.09000000000000008,-1.3,-1.3,8.333333333333334,8.333333333333334
36,1.4000000000000001,False,0,4.0,0.5753281369246876,0.0,True,8.379665270494433,12.720182443221699,16.007239965338922,-1.7245672894932123,-1.8999999999999986,0.0,0.0,8.333333333333334,8.333333333333334,13.572261290224343,28.648376576454726,29.377646093199782,-0.13060830883363783,-0.08000000000000007,-1.4000000000000001,-1.4000000000000001,8.333333333333334,8.333333333333334
36,1.5,False,0,4.0,0.6099017306774069,0.0,True,8.462597636064395,12.242978873127509,15.79605457131002,-1.6712087310597843,-1.7999999999999998,0.0,0.0,8.333333333333334,8.333333333333334,13.88888888888889,29.777207427094208,29.888888888888882,-0.2418155153612187,-0.04999999999999982,-1.5,-1.5,8.333333333333334,8.333333333333334
36,1.6,False,0,4.0,0.6657611008254809,0.0,True,8.37105147393361,13.12600247453636,15.8641932661512,-1.8298446264863957,-1.879999999999999,0.0,0.0,8.333333333333334,8.333333333333334,13.76238888888889,26.451312936772663,29.901538888888883,0.3850172746120575,-0.1599999999999997,-1.6,-1.6,8.333333333333334,8.333333333333334
36,1.7000000000000002,False,0,4.0,0.7509367164939429,0.0,True,8.363833139448856,10.366113501953688,16.151874145674665,-1.897715828426716,-1.8300000000000005,0.0,0.0,8.333333333333334,8.333333333333334,13.88888888888889,28.769238725084517,30.444444444444432,0.3339853762977678,-0.09999999999999964,-1.7000000000000002,-1.7000000000000002,8.333333333333334,8.333333333333334
37,0.0,False,0,4.0,0.0,0.0,False,13.88888888888889,-3.1816346879004156,-4.111111111110961,1.719368456694327,1.6,0.0,0.0,8.333333333333334,8.333333333333334,,,,,,,,,
37,0.1,False,0,4.0,0.0,0.0,False,13.88888888888889,-3.9618338599766956,-4.111111111110961,1.0499803459326023,0.8600000000000012,-0.1,-0.1,8.333333333333334,8.333333333333334,13.88888888888889,45.41991498691091,43.84444444444411,-0.024912696889465957,-0.00999999999999579,-0.1,-0.1,8.333333333333334,8.333333333333334
37,0.2,False,0,4.0,1.0,0.0,True,8.378809405236831,12.641161394862532,15.204287632515584,0.6357199204365269,0.5200000000000009,-0.2,-0.2,8.333333333333334,8.333333333333334,8.105401276233309,13.906552741984793,15.499288874653171,0.32386905619863526,-0.019999999999997353,-0.2,-0.2,8.333333333333334,8.333333333333334
37,0.30000000000000004,False,0,4.0,0.6474821351717167,0.0,True,8.556228707643458,11.737323127732676,16.674262937169186,-0.6915460863040694,-0.7400000000000033,-0.30000000000000004,-0.30000000000000004,8.333333333333334,8.333333333333334,9.557187831123652,17.33989239745087,18.11947211300333,-0.20804460024578963,-0.020000000000001572,-0.30000000000000004,-0.30000000000000004,8.333333333333334,8.333333333333334
37,0.4,False,0,4.0,0.697706425828889,0.0,True,8.353880285724358,12.49470359239248,15.94840679224765,-1.5808635698142914,-1.880000000000006,0.0,0.0,8.333333333333334,8.333333333333334,10.285680054846736,19.842065667822258,20.455185370728717,-0.06202737675752701,-6.661338147750939e-16,-0.4,-0.4,8.333333333333334,8.333333333333334
37,0.5,False,0,4.0,0.5663422731267111,0.0,True,8.338778506086014,13.844159765940429,16.444847260625647,-1.7406518590200462,-1.85,0.0,0.0,8.333333333333334,8.333333333333334,11.132015617654474,20.494482012153252,22.130386430684847,0.15303691978857925,0.0,-0.5,-0.5,8.333333333333334,8.333333333333334
37,0.6000000000000001,False,0,4.0,0.6333547708389006,0.0,True,8.336513794952527,13.635454517443616,16.22447703178653,-1.7294489727013262,-1.8599999999999959,0.0,0.0,8.333333333333334,8.333333333333334,11.796364624199308,22.045584991160236,23.66547876323651,-0.005154385199395373,-0.019999999999999574,-0.6000000000000001,-0.6000000000000001,8.333333333333334,8.333333333333334
37,0.7000000000000001,False,0,4.0,0.570853615750567,0.0,True,8.362252859253767,13.524172843682631,16.229913463279967,-1.839845796122142,-1.899999999999999,0.0,0.0,8.333333333333334,8.333333333333334,12.294759458910695,24.312662359638445,25.17949354228032,0.0496336083872686,-0.009999999999999343,-0.7000000000000001,-0.7000000000000001,8.333333333333334,8.333333333333334
37,0.8,False,0,4.0,0.7058168575978877,0.0,True,8.391087702150738,13.237486629985764,16.48837489549504,-1.7479916490152736,-1.8799999999999994,0.0,0.0,8.333333333333334,8.333333333333334,12.61682465852696,26.499288800412323,26.396495579402377,-0.17347909759224178,-2.220446049250313e-16,-0.8,-0.8,8.333333333333334,8.333333333333334
37,0.9,False,0,4.0,0.6900895873226213,0.0,True,8.356536742953068,13.098733722606678,15.96250729555673,-1.8784992396591063,-1.8900000000000028,0.0,0.0,8.333333333333334,8.333333333333334,12.898276865680435,26.497634659865923,27.334740342860457,0.20047186833802355,-0.02000000000000024,-0.9,-0.9,8.333333333333334,8.333333333333334
37,1.0,False,0,4.0,0.656003602001697,0.0,True,8.341677729235302,13.863939135614213,16.56336687840844,-1.8031101783475325,-1.7999999999999998,0.0,0.0,8.333333333333334,8.333333333333334,13.428144528081093,26.3841799381237,28.200561807007798,0.4404491810558113,0.0,-1.0,-1.0,8.333333333333334,8.333333333333334
37,1.1,False,0,4.0,0.6706566030737499,0.0,True,8.445351629601513,12.222308907736174,16.37146274309492,-1.6264776420971414,-1.8799999999999981,0.0,0.0,8.333333333333334,8.333333333333334,13.417800707724645,25.235422889107767,28.762136350224065,0.5952845196161518,-0.0499999999999996,-1.1,-1.1,8.333333333333334,8.333333333333334
37,1.2000000000000002,False,0,4.0,0.720990661531274,0.0,True,8.370800702482207,13.261775422070539,16.00709913986986,-1.8272610217225336,-1.7999999999999998,0.0,0.0,8.333333333333334,8.333333333333334,13.88888888888889,28.49553717877887,29.22222222222221,0.01905647480117012,-0.07999999999999963,-1.2000000000000002,-1.2000000000000002,8.333333333333334,8.333333333333334
37,1.3,False,0,4.0,0.686249423254761,0.0,True,8.34722059253953,13.831129719518596,16.005020617565517,-1.8381549391380856,-1.8899999999999997,0.0,0.0,8.333333333333334,8.333333333333334,13.677328123407177,28.287893468803144,29.809379363925625,-0.07481279089835624,-0.09000000000000008,-1.3,-1.3,8.333333333333334,8.333333333333334
37,1.4000000000000001,False,0,4.0,0.6387642038472566,0.0,True,8.422055343764063,12.21359027590908,16.37826007969114,-1.899668308886066,-1.8999999999999986,0.0,0.0,8.333333333333334,8.333333333333334,13.88888888888889,29.515882565369164,30.333333333333325,-0.03913670994190044,-0.08000000000000007,-1.4000000000000001,-1.4000000000000001,8.333333333333334,8.333333333333334
37,1.5,False,0,4.0,0.6526472904427727,0.0,True,8.421984083076469,12.942076453146566,16.448057447701697,-1.7406033958169578,-1.7999999999999998,0.0,0.0,8.333333333333334,8.333333333333334,13.88888888888889,30.836906285354654,30.888888888888882,-0.08289244791106021,-0.04999999999999982,-1.5,-1.5,8.333333333333334,8.333333333333334
37,1.6,False,0,4.0,0.5772759100656624,0.0,True,8.340706823633093,13.271012585902152,16.5800316468986,-1.8678873543913972,-1.879999999999999,0.0,0.0,8.333333333333334,8.333333333333334,13.88888888888889,29.863349251501848,30.888888888888882,0.09035811920292547,-0.1599999999999997,-1.6,-1.6,8.333333333333334,8.333333333333334
37,1.7000000000000002,False,0,4.0,0.6501019412396732,0.0,True,8.348460687357779,12.562496927306025,16.14953711639404,-1.7045151366442444,-1.8300000000000005,0.0,0.0,8.333333333333334,8.333333333333334,13.88888888888889,30.724813680776688,31.444444444444432,0.42394312166379633,-0.09999999999999964,-1.7000000000000002,-1.7000000000000002,8.333333333333334,8.333333333333334
38,0.0,False,0,4.0,0.0,0.0,False,13.88888888888889,-4.265067076519304,-4.222222222222075,1.6593981615654227,1.6,0.0,0.0,8.333333333333334,8.333333333333334,,,,,,,,,
38,0.1,False,0,4.0,0.0,0.0,False,13.88888888888889,-4.221624102429078,-4.222222222222075,0.8127309919198584,0.8400000000000012,-0.1,-0.1,8.333333333333334,8.333333333333334,13.88888888888889,44.53775953350818,42.84444444444411,0.1382281507230836,-0.00999999999999579,-0.1,-0.1,8.333333333333334,8.333333333333334
38,0.2,False,0,4.0,0.9854815728030156,0.0,True,8.435464715346159,12.759324285200432,16.144465780870885,0.28845375416890695,-0.03999999999999737,-0.2,-0.2,8.333333333333334,8.333333333333334,8.483715212785922,13.796149282138895,16.15467891907218,0.17033479441804866,-0.019999999999997353,-0.2,-0.2,8.333333333333334,8.333333333333334
38,0.30000000000000004,False,0,4.0,0.5950184531304755,0.0,True,8.382863753894858,13.3481966349737,15.834305113402134,-1.5202592600275815,-1.490000000000005,-0.30000000000000004,-0.30000000000000004,8.333333333333334,8.333333333333334,9.730771690001191,15.345571519495163,18.573855625648573,0.01778581587983452,-0.020000000000001572,-0.30000000000000004,-0.30000000000000004,8.333333333333334,8.333333333333334
38,0.4,False,0,4.0,0.6677248702915071,0.0,True,8.347897333859867,13.499150420577077,15.892211716279999,-1.8978927133038554,-1.880000000000006,0.0,0.0,8.333333333333334,8.333333333333334,10.571513624611706,20.991691846955508,21.00199400437325,-0.015295743451592347,-6.661338147750939e-16,-0.4,-0.4,8.333333333333334,8.333333333333334
38,0.5,False,0,4.0,0.9182443819336011,0.0,True,8.423715868530575,12.961614348080811,15.860890666908684,-1.7531435253591916,-1.85,0.0,0.0,8.333333333333334,8.333333333333334,11.260678618967269,20.943512586634778,22.71530180972432,0.16482835996908207,0.0,-0.5,-0.5,8.333333333333334,8.333333333333334
38,0.6000000000000001,False,0,4.0,0.6566531959904454,0.0,True,8.417794146289985,12.904384052269787,16.08069358111568,-1.7210944095886758,-1.8599999999999959,0.0,0.0,8.333333333333334,8.333333333333334,12.001034524762488,22.786542881716347,24.56240768169528,0.18496098060740973,-0.019999999999999574,-0.6000000000000001,-0.6000000000000001,8.333333333333334,8.333333333333334
38,0.7000000000000001,False,0,4.0,0.5809266296861605,0.0,True,8.48778606204997,12.323070497585316,15.923845230633912,-1.8802275232994015,-1.899999999999999,0.0,0.0,8.333333333333334,8.333333333333334,12.467425503586076,26.177625158255132,25.962863031889228,-0.005709324363935897,-0.009999999999999343,-0.7000000000000001,-0.7000000000000001,8.333333333333334,8.333333333333334
38,0.8,False,0,4.0,1.0,0.0,True,8.412405172755909,13.143381029797876,15.869461150091947,-1.8995437930982613,-1.8799999999999994,0.0,0.0,8.333333333333334,8.333333333333334,12.883840748206971,27.306612744342527,27.30437530529363,-0.22994395268397194,-2.220446049250313e-16,-0.8,-0.8,8.333333333333334,8.333333333333334
38,0.9,False,0,4.0,0.6548980092781365,0.0,True,8.387064148630445,12.964668524857057,16.237812877285858,-1.7728739711651633,-1.8900000000000028,0.0,0.0,8.333333333333334,8.333333333333334,13.174061100016411,24.569026239810135,28.19833394875999,0.25620508901963257,-0.02000000000000024,-0.9,-0.9,8.333333333333334,8.333333333333334
38,1.0,False,0,4.0,0.5548817211674296,0.0,True,8.476836987881077,12.08891445179486,16.367358022638395,-1.8005215727468589,-1.7999999999999998,0.0,0.0,8.333333333333334,8.333333333333334,13.416777422092656,27.38113443135482,29.205134142011037,0.08554949810522605,0.0,-1.0,-1.0,8.333333333333334,8.333333333333334
38,1.1,False,0,4.0,0.6732313522485915,0.0,True,8.36482745070739,13.605080580406646,16.082308036979438,-1.79442952407933,-1.8799999999999981,0.0,0.0,8.333333333333334,8.333333333333334,13.88888888888889,27.074931367129945,29.66666666666666,0.5167644581702833,-0.0499999999999996,-1.1,-1.1,8.333333333333334,8.333333333333334
38,1.2000000000000002,False,0,4.0,0.7237859319310024,0.0,True,8.385905362810787,13.04767255886048,16.37458599093173,-1.7545358355075633,-1.7999999999999998,0.0,0.0,8.333333333333334,8.333333333333334,13.88888888888889,29.449671026165287,30.22222222222221,0.007125722601254214,-0.07999999999999963,-1.2000000000000002,-1.2000000000000002,8.333333333333334,8.333333333333334
38,1.3,False,0,4.0,0.7549730731035944,0.0,True,8.44971844092922,12.844396079151164,16.093948930219067,-1.7072630661355275,-1.8899999999999997,0.0,0.0,8.333333333333334,8.333333333333334,13.88888888888889,29.101023302782256,30.777777777777768,0.419786706804532,-0.09000000000000008,-1.3,-1.3,8.333333333333334,8.333333333333334
38,1.4000000000000001,False,0,4.0,0.6871209287402082,0.0,True,8.382347243585984,12.954316594116005,16.224429880584236,-1.5730479594345597,-1.8999999999999986,0.0,0.0,8.333333333333334,8.333333333333334,13.88888888888889,30.596463228131835,31.333333333333325,0.12272634872651933,-0.08000000000000007,-1.4000000000000001,-1.4000000000000001,8.333333333333334,8.333333333333334
38,1.5,False,0,4.0,0.7273538145914615,0.0,True,8.335494602185465,13.312822908443092,15.757335854641706,-1.7855453842681883,-1.7999999999999998,0.0,0.0,8.333333333333334,8.333333333333334,13.88888888888889,32.23737871432966,31.888888888888882,-0.13837849903820887,-0.04999999999999982,-1.5,-1.5,8.333333333333334,8.333333333333334
38,1.6,False,0,4.0,0.6397994517164999,0.0,True,8.368044226645457,13.341956009583637,15.963726901693914,-1.6289046231140076,-1.879999999999999,0.0,0.0,8.333333333333334,8.333333333333334,13.88888888888889,31.27194974352305,31.888888888888882,0.13087541789238744,-0.1599999999999997,-1.6,-1.6,8.333333333333334,8.333333333333334
38,1.7000000000000002,False,0,4.0,0.6911180526502173,0.0,True,8.411856707255016,13.088411659921913,16.688286740371037,-1.7339743387987363,-1.8300000000000005,0.0,0.0,8.333333333333334,8.333333333333334,13.88888888888889,30.000552560708247,32.444444444444436,0.16502291484345344,-0.09999999999999964,-1.7000000000000002,-1.7000000000000002,8.333333333333334,8.333333333333334
39,0.0,False,0,4.0,0.0,0.0,False,13.88888888888889,-3.21773332239471,-4.266666666666839,1.6609266635074729,1.6,0.0,0.0,8.333333333333334,8.333333333333334,,,,,,,,,
39,0.1,False,0,4.0,0.0,0.0,False,13.88888888888889,-3.682243726625461,-4.266666666666839,1.0364752578952734,0.8200000000000012,-0.1,-0.1,8.333333333333334,8.333333333333334,13.88888888888889,43.52485508935054,41.84444444444411,0.0876430733992919,-0.00999999999999579,-0.1,-0.1,8.333333333333334,8.333333333333334
39,0.2,False,0,4.0,1.0,0.0,True,8.346096475923666,13.040096507214908,16.404698685345064,-0.12415566422627466,-0.3199999999999963,-0.2,-0.2,8.333333333333334,8.333333333333334,8.508476726090091,14.118982068310554,16.487987116219752,-0.14719225248053913,-0.019999999999997353,-0.2,-0.2,8.333333333333334,8.333333333333334
39,0.30000000000000004,False,0,4.0,0.7797795422517655,0.0,True,8.375984962372778,13.134940823787101,16.47976872403731,-1.4961699984495085,-1.5200000000000053,-0.30000000000000004,-0.30000000000000004,8.333333333333334,8.333333333333334,9.770243716890446,18.388681287084733,18.495387338700123,0.008732930609123057,-0.020000000000001572,-0.30000000000000004,-0.30000000000000004,8.333333333333334,8.333333333333334
39,0.4,False,0,4.0,0.6414450071933822,0.0,True,8.385593815824894,13.41659804188151,16.00561040258891,-1.5589132407695663,-1.880000000000006,0.0,0.0,8.333333333333334,8.333333333333334,10.70922019598872,20.11075504398411,21.19251734687968,0.011823396829160338,-6.661338147750939e-16,-0.4,-0.4,8.333333333333334,8.333333333333334
39,0.5,False,0,4.0,0.6742699428697906,0.0,True,8.342202437124422,13.202578178271406,16.438290126685114,-1.8686918128565733,-1.85,0.0,0.0,8.333333333333334,8.333333333333334,11.349578782455554,22.092959866276136,23.57955184668872,0.07327587583932238,0.0,-0.5,-0.5,8.333333333333334,8.333333333333334
39,0.6000000000000001,False,0,4.0,0.7106877542689508,0.0,True,8.351096500162374,13.595969292668638,16.067446278914726,-1.809476488822895,-1.8599999999999959,0.0,0.0,8.333333333333334,8.333333333333334,12.139602760607612,24.207158294609943,25.10053700043321,0.10107853538408529,-0.019999999999999574,-0.6000000000000001,-0.6000000000000001,8.333333333333334,8.333333333333334
39,0.7000000000000001,False,0,4.0,0.6154406240822642,0.0,True,8.454684820202822,12.641818532214767,16.16052843158111,-1.8373139366972848,-1.899999999999999,0.0,0.0,8.333333333333334,8.333333333333334,12.749589511299755,24.809825675875977,26.68762836158541,0.023716023236845185,-0.009999999999999343,-0.7000000000000001,-0.7000000000000001,8.333333333333334,8.333333333333334
39,0.8,False,0,4.0,0.6438130107846014,0.0,True,8.350419892374902,13.78694728095321,15.838675196372275,-1.758815590509676,-1.8799999999999994,0.0,0.0,8.333333333333334,8.333333333333334,13.544496019475586,27.925302932868167,27.93597817583022,0.1785018121491233,-2.220446049250313e-16,-0.8,-0.8,8.333333333333334,8.333333333333334
39,0.9,False,0,4.0,0.640976166041858,0.0,True,8.449071460248573,11.111333085159398,16.27373382173776,-1.8881005794464596,-1.8900000000000028,0.0,0.0,8.333333333333334,8.333333333333334,13.457739090629998,28.161445999049942,29.079484513752856,-0.017157709178434954,-0.02000000000000024,-0.9,-0.9,8.333333333333334,8.333333333333334
39,1.0,False,0,4.0,0.6929105778425457,0.0,True,8.346975004382498,13.795255525974564,16.12896052233752,-1.790420898168348,-1.7999999999999998,0.0,0.0,8.333333333333334,8.333333333333334,13.76238888888889,29.35784915298252,30.123761111111104,0.22669808337700026,0.0,-1.0,-1.0,8.333333333333334,8.333333333333334
39,1.1,False,0,4.0,0.58423462606588,0.0,True,8.360675969401244,13.098047569182054,15.817922755391177,-1.696843653277704,-1.8799999999999981,0.0,0.0,8.333333333333334,8.333333333333334,13.88888888888889,30.672788215860646,30.66666666666666,0.04620611923094797,-0.0499999999999996,-1.1,-1.1,8.333333333333334,8.333333333333334
39,1.2000000000000002,False,0,4.0,0.7012442776072147,0.0,True,8.377280430535901,13.14784604587852,16.575199783300615,-1.6795326222005382,-1.7999999999999998,0.0,0.0,8.333333333333334,8.333333333333334,13.88888888888889,30.50451059288744,31.22222222222221,-0.006088948527668059,-0.07999999999999963,-1.2000000000000002,-1.2000000000000002,8.333333333333334,8.333333333333334
39,1.3,False,0,4.0,0.6540694097757661,0.0,True,8.392353420005687,13.3107753650803,16.660920089301595,-1.760227317683486,-1.8899999999999997,0.0,0.0,8.333333333333334,8.333333333333334,13.88888888888889,32.133569323055696,31.777777777777768,-0.2845638194316784,-0.09000000000000008,-1.3,-1.3,8.333333333333334,8.333333333333334
39,1.4000000000000001,False,0,4.0,0.7296773531296246,0.0,True,8.356862172976808,12.789353479425824,16.114530035049494,-1.8011400721394664,-1.8999999999999986,0.0,0.0,8.333333333333334,8.333333333333334,13.88888888888889,28.210766091590724,32.33333333333333,0.6256806178014629,-0.08000000000000007,-1.4000000000000001,-1.4000000000000001,8.333333333333334,8.333333333333334
39,1.5,False,0,4.0,0.6308697661190392,0.0,True,8.342655513199626,13.393669750509556,16.051703849022342,-1.5561703765980854,-1.7999999999999998,0.0,0.0,8.333333333333334,8.333333333333334,13.88888888888889,32.06758495252553,32.888888888888886,0.0430821759618476,-0.04999999999999982,-1.5,-1.5,8.333333333333334,8.333333333333334
39,1.6,False,0,4.0,0.6043929200484323,0.0,True,8.363453408335257,13.382469925276776,16.017004220399624,-1.6959687338346034,-1.879999999999999,0.0,0.0,8.333333333333334,8.333333333333334,13.88888888888889,30.511237512294816,32.888888888888886,0.41560503213562283,-0.1599999999999997,-1.6,-1.6,8.333333333333334,8.333333333333334
39,1.7000000000000002,False,0,4.0,0.7454937863366659,0.0,True,8.355994875397949,12.872274500529652,16.06934884172146,-1.7545011050065535,-1.8300000000000005,0.0,0.0,8.333333333333334,8.333333333333334,13.88888888888889,32.568853846647585,33.444444444444436,0.08472701719315268,-0.09999999999999964,-1.7000000000000002,-1.7000000000000002,8.333333333333334,8.333333333333334
40,0.0,False,0,4.0,0.0,0.0,False,13.88888888888889,-4.075947944105695,-4.155555555555739,1.766559563885561,1.6,0.0,0.0,8.333333333333334,8.333333333333334,,,,,,,,,
40,0.1,False,0,4.0,0.0,0.0,False,13.88888888888889,-2.573978321090183,-4.155555555555739,0.7475253862673039,0.8000000000000012,-0.1,-0.1,8.333333333333334,8.333333333333334,13.88888888888889,41.684722818016795,40.84444444444411,0.13566532511416396,-0.00999999999999579,-0.1,-0.1,8.333333333333334,8.333333333333334
40,0.2,False,0,4.0,0.7015710273258812,0.0,True,8.392444707742674,13.121265914063297,15.677919077317863,-1.102881455682955,-1.0999999999999934,-0.2,-0.2,8.333333333333334,8.333333333333334,8.726200360897213,14.692089561245137,16.455191960788877,0.08024595820706426,-0.019999999999997353,-0.2,-0.2,8.333333333333334,8.333333333333334
40,0.30000000000000004,False,0,4.0,0.6749521856941376,0.0,True,8.395098378317257,12.982921370601357,16.358705228523103,-1.5633528804772907,-1.430000000000005,-0.30000000000000004,-0.30000000000000004,8.333333333333334,8.333333333333334,9.690856346171529,17.858298066251034,18.801179347087025,-0.008992097435911006,-0.020000000000001572,-0.30000000000000004,-0.30000000000000004,8.333333333333334,8.333333333333334
40,0.4,False,0,4.0,0.7294839968387034,0.0,True,8.369822222888718,13.421104817197655,16.04765438247446,-1.8652236174656491,-1.880000000000006,0.0,0.0,8.333333333333334,8.333333333333334,10.78502184725501,18.854594940981688,21.372485419425747,0.06146253984821115,-6.661338147750939e-16,-0.4,-0.4,8.333333333333334,8.333333333333334
40,0.5,False,0,4.0,0.7186121708133704,0.0,True,8.392569881369278,13.2887336513493,16.128748264960333,-1.8498490140022152,-1.85,0.0,0.0,8.333333333333334,8.333333333333334,11.663749108260669,20.582234519255014,23.801996343855198,-0.1062998204492609,0.0,-0.5,-0.5,8.333333333333334,8.333333333333334
40,0.6000000000000001,False,0,4.0,0.8593771915448525,0.0,True,8.414139968199338,13.171599582640365,16.660244845642918,-1.794975033768738,-1.8599999999999959,0.0,0.0,8.333333333333334,8.333333333333334,12.294814718546723,24.186214807287993,25.780132083294472,0.10971509602567275,-0.019999999999999574,-0.6000000000000001,-0.6000000000000001,8.333333333333334,8.333333333333334
40,0.7000000000000001,False,0,4.0,0.6499045907007989,0.0,True,8.454855593355962,11.840318556779447,15.968450980697678,-1.7677201771834736,-1.899999999999999,0.0,0.0,8.333333333333334,8.333333333333334,13.106068843929014,26.720672767911203,27.40673914274052,0.0995719154370096,-0.009999999999999343,-0.7000000000000001,-0.7000000000000001,8.333333333333334,8.333333333333334
40,0.8,False,0,4.0,0.8258854674246144,0.0,True,8.432316071686836,11.376182544381688,16.381733892915943,-1.533977192519811,-1.8799999999999994,0.0,0.0,8.333333333333334,8.333333333333334,13.76238888888889,27.134719112054213,28.90153888888889,0.40286238718983114,-2.220446049250313e-16,-0.8,-0.8,8.333333333333334,8.333333333333334
40,0.9,False,0,4.0,0.8364714022931325,0.0,True,8.383549899833286,12.376898154506517,16.332948586387285,-1.692766433714757,-1.8900000000000028,0.0,0.0,8.333333333333334,8.333333333333334,13.88888888888889,28.268106170110652,29.999999999999996,0.07637188963499408,-0.02000000000000024,-0.9,-0.9,8.333333333333334,8.333333333333334
40,1.0,False,0,4.0,0.7859229689518542,0.0,True,8.403850763181032,11.137359068445345,16.40575135463406,-1.697446869465901,-1.7999999999999998,0.0,0.0,8.333333333333334,8.333333333333334,13.88888888888889,28.684390130738702,31.111111111111097,0.4473242142264757,0.0,-1.0,-1.0,8.333333333333334,8.333333333333334
40,1.1,False,0,4.0,0.6445324972049091,0.0,True,8.354666068401826,13.660950109163618,16.475847393436876,-1.7219651100716578,-1.8799999999999981,0.0,0.0,8.333333333333334,8.333333333333334,13.88888888888889,30.05125739768214,31.66666666666666,0.14086465591698305,-0.0499999999999996,-1.1,-1.1,8.333333333333334,8.333333333333334
40,1.2000000000000002,False,0,4.0,0.7017329793226983,0.0,True,8.380756869208035,12.966504665685047,16.44771049434861,-1.8236526315250072,-1.7999999999999998,0.0,0.0,8.333333333333334,8.333333333333334,13.88888888888889,30.531556983322456,32.222222222222214,0.08749797204560505,-0.07999999999999963,-1.2000000000000002,-1.2000000000000002,8.333333333333334,8.333333333333334
40,1.3,False,0,4.0,0.64789155935332,0.0,True,8.477655112868337,12.176057964570088,16.52713521034013,-1.7218835538998298,-1.8899999999999997,0.0,0.0,8.333333333333334,8.333333333333334,13.88888888888889,31.8000169132988,32.77777777777777,-0.08534638590440724,-0.09000000000000008,-1.3,-1.3,8.333333333333334,8.333333333333334
40,1.4000000000000001,False,0,4.0,0.7382129214353845,0.0,True,8.37755829793723,13.169052541753555,16.70577245541106,-1.8234359897820154,-1.8999999999999986,0.0,0.0,8.333333333333334,8.333333333333334,13.88888888888889,31.64731200812295,33.33333333333333,0.23085695509521553,-0.08000000000000007,-1.4000000000000001,-1.4000000000000001,8.333333333333334,8.333333333333334
40,1.5,False,0,4.0,0.8198321664387367,0.0,True,8.367868584532058,12.509455415959106,15.909383022020872,-1.7873053222077289,-1.7999999999999998,0.0,0.0,8.333333333333334,8.333333333333334,13.88888888888889,32.38629075771496,33.888888888888886,0.3114753301489279,-0.04999999999999982,-1.5,-1.5,8.333333333333334,8.333333333333334
40,1.6,False,0,4.0,0.661801333240459,0.0,True,8.395078394731565,11.934245173229638,16.272862377737933,-1.7751490651438504,-1.879999999999999,0.0,0.0,8.333333333333334,8.333333333333334,13.88888888888889,32.19136562474089,33.888888888888886,0.13741875687097993,-0.1599999999999997,-1.6,-1.6,8.333333333333334,8.333333333333334
40,1.7000000000000002,False,0,4.0,0.7088392736435936,0.0,True,8.524973324303012,11.812784212932979,16.289230730826528,-1.7174530004552622,-1.8300000000000005,0.0,0.0,8.333333333333334,8.333333333333334,13.88888888888889,33.47340964527079,34.444444444444436,0.02209065082307804,-0.09999999999999964,-1.7000000000000002,-1.7000000000000002,8.333333333333334,8.333333333333334
41,0.0,False,0,4.0,0.0,0.0,False,13.88888888888889,-2.5589501622287285,-4.044444444444639,1.840179118696312,1.6,0.0,0.0,8.333333333333334,8.333333333333334,,,,,,,,,
41,0.1,False,0,4.0,0.0,0.0,False,13.88888888888889,-0.7329253007060883,-4.044444444444639,0.7894224532354808,0.7800000000000016,-0.1,-0.1,8.333333333333334,8.333333333333334,13.88888888888889,41.46158848829275,39.84444444444411,-0.10366310618072538,-0.00999999999999579,-0.1,-0.1,8.333333333333334,8.333333333333334
41,0.2,False,0,4.0,0.8417939142448019,0.0,True,8.350079631194122,12.911147478803013,16.10935349889378,-1.2584080599574747,-1.1399999999999935,-0.2,-0.2,8.333333333333334,8.333333333333334,8.753983610997967,13.472381948868897,16.64102586885947,-0.00933493199582247,-0.019999999999997353,-0.2,-0.2,8.333333333333334,8.333333333333334
41,0.30000000000000004,False,0,4.0,0.6417197551152122,0.0,True,8.419155654409362,12.587368570109216,16.030440755890762,-1.5318826885389165,-1.6100000000000052,-0.30000000000000004,-0.30000000000000004,8.333333333333334,8.333333333333334,9.790291328443821,16.945439820194448,19.470393946912093,-0.06968908233630056,-0.020000000000001572,-0.30000000000000004,-0.30000000000000004,8.333333333333334,8.333333333333334
41,0.4,False,0,4.0,0.7762833632737292,0.0,True,8.346756306841458,13.175362136945818,15.922352004538748,-1.694898314154003,-1.880000000000006,0.0,0.0,8.333333333333334,8.333333333333334,10.94926888204521,22.48970231163413,22.30264354559125,0.10313030260591205,-6.661338147750939e-16,-0.4,-0.4,8.333333333333334,8.333333333333334
41,0.5,False,0,4.0,0.8036628947438662,0.0,True,8.333560382576131,13.897384228694289,15.698201135951091,-1.8299489039694734,-1.85,0.0,0.0,8.333333333333334,8.333333333333334,11.919620903358677,23.98609221352339,24.7464491906731,0.26710737537195417,0.0,-0.5,-0.5,8.333333333333334,8.333333333333334
41,0.6000000000000001,False,0,4.0,0.7137419080182574,0.0,True,8.350875577585231,13.564807701822314,16.1837733856248,-1.888583778058133,-1.8599999999999959,0.0,0.0,8.333333333333334,8.333333333333334,12.55122713090652,26.450916206312737,26.69075743413688,-0.030801899491166518,-0.019999999999999574,-0.6000000000000001,-0.6000000000000001,8.333333333333334,8.333333333333334
41,0.7000000000000001,False,0,4.0,0.6713221326968105,0.0,True,8.361206232065905,12.901828402938502,16.357561621918887,-1.831325644620998,-1.899999999999999,0.0,0.0,8.333333333333334,8.333333333333334,13.307134215449958,24.859133101456013,28.3702289559395,0.33463041937500737,-0.009999999999999343,-0.7000000000000001,-0.7000000000000001,8.333333333333334,8.333333333333334
41,0.8,False,0,4.0,0.9120113247503606,0.0,True,8.371777334348595,13.543652071282946,16.32939884191877,-1.8230938004304846,-1.8799999999999994,0.0,0.0,8.333333333333334,8.333333333333334,13.88888888888889,27.408903605265365,29.888888888888882,0.15291125384989313,-2.220446049250313e-16,-0.8,-0.8,8.333333333333334,8.333333333333334
41,0.9,False,0,4.0,0.5558484922445481,0.0,True,8.419949749696075,11.825579577162284,15.939117477461917,-1.8061768418157063,-1.8900000000000028,0.0,0.0,8.333333333333334,8.333333333333334,13.88888888888889,31.234249400650082,30.999999999999996,-0.36010466708141164,-0.02000000000000024,-0.9,-0.9,8.333333333333334,8.333333333333334
41,1.0,False,0,4.0,0.755915732659624,0.0,True,8.339590429828398,13.474691924286756,16.097813835110653,-1.8914019677777714,-1.7999999999999998,0.0,0.0,8.333333333333334,8.333333333333334,13.88888888888889,31.14277550740685,32.1111111111111,-0.1284284464090697,0.0,-1.0,-1.0,8.333333333333334,8.333333333333334
41,1.1,False,0,4.0,0.5922002999943946,0.0,True,8.336895904015563,12.674081832588225,16.1082039785751,-1.8463807216324266,-1.8799999999999981,0.0,0.0,8.333333333333334,8.333333333333334,13.88888888888889,31.748273335282352,32.666666666666664,0.15378978044786074,-0.0499999999999996,-1.1,-1.1,8.333333333333334,8.333333333333334
41,1.2000000000000002,False,0,4.0,0.7781495873348941,0.0,True,8.48045808315581,10.83216631401407,16.656360150389357,-1.545708258636643,-1.7999999999999998,0.0,0.0,8.333333333333334,8.333333333333334,13.88888888888889,31.67206422324865,33.222222222222214,0.3166432246524322,-0.07999999999999963,-1.2000000000000002,-1.2000000000000002,8.333333333333334,8.333333333333334
41,1.3,False,0,4.0,0.5948404234017316,0.0,True,8.401496903686148,12.984526735728277,16.09147218551956,-1.8292434737285423,-1.8899999999999997,0.0,0.0,8.333333333333334,8.333333333333334,13.88888888888889,32.09496741585293,33.77777777777777,0.19775869189619355,-0.09000000000000008,-1.3,-1.3,8.333333333333334,8.333333333333334
41,1.4000000000000001,False,0,4.0,0.9088047223200179,0.0,True,8.4172102254016,12.689800625805088,16.14228687409111,-1.8916176849305206,-1.8999999999999986,0.0,0.0,8.333333333333334,8.333333333333334,13.88888888888889,33.51086192027641,34.33333333333333,-0.08346277597584373,-0.08000000000000007,-1.4000000000000001,-1.4000000000000001,8.333333333333334,8.333333333333334
41,1.5,False,0,4.0,0.6633076190620665,0.0,True,8.351375509921894,12.851030188441452,16.83905850369163,-1.5988784867236827,-1.7999999999999998,0.0,0.0,8.333333333333334,8.333333333333334,13.88888888888889,35.05511580402873,34.888888888888886,-0.0913841115614149,-0.04999999999999982,-1.5,-1.5,8.333333333333334,8.333333333333334
41,1.6,False,0,4.0,0.8758517127825373,0.0,True,8.361481744612565,13.478891498908066,16.019378943016218,-1.8601132595276877,-1.879999999999999,0.0,0.0,8.333333333333334,8.333333333333334,13.88888888888889,34.9727503974489,34.888888888888886,-0.08742575162136212,-0.1599999999999997,-1.6,-1.6,8.333333333333334,8.333333333333334
41,1.7000000000000002,False,0,4.0,0.59629903094549,0.0,True,8.355869732217984,13.572040644385137,16.79905290743238,-1.7957184502695425,-1.8300000000000005,0.0,0.0,8.333333333333334,8.333333333333334,13.88888888888889,34.577976385088824,35.444444444444436,0.035877876953447796,-0.09999999999999964,-1.7000000000000002,-1.7000000000000002,8.333333333333334,8.333333333333334
42,0.0,False,0,4.0,0.0,0.0,False,13.88888888888889,-3.8034004580817564,-4.111111111110904,1.6893554820498267,1.6,0.0,0.0,8.333333333333334,8.333333333333334,,,,,,,,,
42,0.1,False,0,4.0,0.0,0.0,False,13.88888888888889,-2.7661503515669947,-4.111111111110904,0.9483223590734018,0.7700000000000014,-0.1,-0.1,8.333333333333334,8.333333333333334,13.88888888888889,39.338983672358395,38.84444444444411,-0.03135050986434029,-0.00999999999999579,-0.1,-0.1,8.333333333333334,8.333333333333334
42,0.2,False,0,4.0,0.6935177729512602,0.0,True,8.341454808787278,13.803102720576458,15.907498913013892,-1.1162588618966143,-0.9599999999999942,-0.2,-0.2,8.333333333333334,8.333333333333334,8.909402101270343,14.230151351136751,16.826781096429766,-0.031058546117713748,-0.019999999999997353,-0.2,-0.2,8.333333333333334,8.333333333333334
42,0.30000000000000004,False,0,4.0,0.5944165172518486,0.0,True,8.343409803587072,11.164116522807728,16.211968604991394,-1.0980839980446762,-1.370000000000005,-0.30000000000000004,-0.30000000000000004,8.333333333333334,8.333333333333334,9.974396976818591,18.25722662860829,19.254655988967738,-0.294195769547982,-0.020000000000001572,-0.30000000000000004,-0.30000000000000004,8.333333333333334,8.333333333333334
42,0.4,False,0,4.0,0.6223597658622848,0.0,True,8.385183299120774,13.454434137410868,16.243192734944085,-1.7853032039182468,-1.880000000000006,0.0,0.0,8.333333333333334,8.333333333333334,11.268028679041805,22.874994626849546,22.737396446438385,-0.08494366531131603,-6.661338147750939e-16,-0.4,-0.4,8.333333333333334,8.333333333333334
42,0.5,False,0,4.0,0.8136717430140145,0.0,True,8.441751177487973,12.755792854427806,16.070214831056102,-1.8008839728950665,-1.85,0.0,0.0,8.333333333333334,8.333333333333334,12.305872672203865,25.005801251525188,25.138587203498805,-0.10534602702293494,0.0,-0.5,-0.5,8.333333333333334,8.333333333333334
42,0.6000000000000001,False,0,4.0,0.6902616800034318,0.0,True,8.347267865539282,13.705253262528299,16.149391133028825,-1.8030402324620802,-1.8599999999999959,0.0,0.0,8.333333333333334,8.333333333333334,12.940423435375461,27.550298845876025,27.268328174777178,0.0718814999200934,-0.019999999999999574,-0.6000000000000001,-0.6000000000000001,8.333333333333334,8.333333333333334
42,0.7000000000000001,False,0,4.0,0.6357737390707154,0.0,True,8.361923931329972,12.934853216500482,16.227865470070906,-1.838955302871671,-1.899999999999999,0.0,0.0,8.333333333333334,8.333333333333334,13.76238888888889,27.28993677555614,29.23487222222222,-0.18365723978824633,-0.009999999999999343,-0.7000000000000001,-0.7000000000000001,8.333333333333334,8.333333333333334
42,0.8,False,0,4.0,0.5895730634104903,0.0,True,8.34123685930223,13.348778342805442,15.984380757597815,-1.7421739054912082,-1.8799999999999994,0.0,0.0,8.333333333333334,8.333333333333334,13.88888888888889,30.993668306638607,30.888888888888882,-0.17788006630617748,-2.220446049250313e-16,-0.8,-0.8,8.333333333333334,8.333333333333334
42,0.9,False,0,4.0,1.0,0.0,True,8.4096961972292,12.680895021550423,16.069614547701644,-1.8066018293391728,-1.8900000000000028,0.0,0.0,8.333333333333334,8.333333333333334,13.88888888888889,30.84924307054251,31.999999999999996,-0.15341903643562427,-0.02000000000000024,-0.9,-0.9,8.333333333333334,8.333333333333334
42,1.0,False,0,4.0,0.8284555142160174,0.0,True,8.360861298403691,13.426121163034619,16.01031322396693,-1.7771466814377928,-1.7999999999999998,0.0,0.0,8.333333333333334,8.333333333333334,13.88888888888889,32.488352203610205,33.1111111111111,0.13759878854780805,0.0,-1.0,-1.0,8.333333333333334,8.333333333333334
42,1.1,False,0,4.0,0.7140241146335877,0.0,True,8.348606083766997,13.394570069161798,16.831211022533832,-1.8660249694806754,-1.8799999999999981,0.0,0.0,8.333333333333334,8.333333333333334,13.88888888888889,33.56331360624172,33.666666666666664,-0.1347403043010258,-0.0499999999999996,-1.1,-1.1,8.333333333333334,8.333333333333334
42,1.2000000000000002,False,0,4.0,0.5143258758421437,0.0,True,8.435926359172198,12.913733604638619,16.085619453645474,-1.667762515940836,-1.7999999999999998,0.0,0.0,8.333333333333334,8.333333333333334,13.88888888888889,31.41396315194447,34.222222222222214,0.1745589323455916,-0.07999999999999963,-1.2000000000000002,-1.2000000000000002,8.333333333333334,8.333333333333334
42,1.3,False,0,4.0,0.7937505379238229,0.0,True,8.34336902198662,13.377857223901156,16.4386122291999,-1.7517732726943929,-1.8899999999999997,0.0,0.0,8.333333333333334,8.333333333333334,13.88888888888889,34.329523535914475,34.77777777777777,-0.03426249584812213,-0.09000000000000008,-1.3,-1.3,8.333333333333334,8.333333333333334
42,1.4000000000000001,False,0,4.0,0.7020439833859184,0.0,True,8.350612284316378,12.885030759500207,16.26965306582957,-1.648081076146903,-1.8999999999999986,0.0,0.0,8.333333333333334,8.333333333333334,13.88888888888889,35.449037606394924,35.33333333333333,0.07240441163547096,-0.08000000000000007,-1.4000000000000001,-1.4000000000000001,8.333333333333334,8.333333333333334
42,1.5,False,0,4.0,0.5278378799219225,0.0,True,8.336218632187508,13.641152897017104,16.092124182857543,-1.7435767062203915,-1.7999999999999998,0.0,0.0,8.333333333333334,8.333333333333334,13.88888888888889,35.7105431451779,35.888888888888886,-0.14436486888981404,-0.04999999999999982,-1.5,-1.5,8.333333333333334,8.333333333333334
42,1.6,False,0,4.0,0.6748010725910895,0.0,True,8.409381446182211,12.859969196080453,16.171892491582707,-1.874452664540959,-1.879999999999999,0.0,0.0,8.333333333333334,8.333333333333334,13.88888888888889,34.32653793796229,35.888888888888886,-0.0077617852777511764,-0.1599999999999997,-1.6,-1.6,8.333333333333334,8.333333333333334
42,1.7000000000000002,False,0,4.0,0.8743423338063092,0.0,True,8.438586444180435,12.93326930903471,16.244933813376814,-1.8082506781661458,-1.8300000000000005,0.0,0.0,8.333333333333334,8.333333333333334,13.88888888888889,36.51316746866927,36.444444444444436,-0.12637968671950972,-0.09999999999999964,-1.7000000000000002,-1.7000000000000002,8.333333333333334,8.333333333333334
43,0.0,False,0,4.0,0.0,0.0,False,13.88888888888889,-1.7430448850079783,-4.222222222222004,1.323881720710074,1.6,0.0,0.0,8.333333333333334,8.333333333333334,,,,,,,,,
43,0.1,False,0,4.0,0.0,0.0,False,13.88888888888889,-3.9784879691565918,-4.222222222222004,1.0178957299273788,0.7500000000000013,-0.1,-0.1,8.333333333333334,8.333333333333334,13.88888888888889,39.6566757980887,37.84444444444411,-0.041836147197791274,-0.00999999999999579,-0.1,-0.1,8.333333333333334,8.333333333333334
43,0.2,False,0,4.0,0.7910183397955596,0.0,True,8.35270518751792,13.191816215225511,15.933277808732978,-0.41964793546394286,-0.5999999999999952,-0.2,-0.2,8.333333333333334,8.333333333333334,8.994648919162403,16.588686582684925,16.697592277785798,-0.12669399419312155,-0.019999999999997353,-0.2,-0.2,8.333333333333334,8.333333333333334
43,0.30000000000000004,False,0,4.0,0.7222756724226784,0.0,True,8.339592989017897,13.801011437399762,16.410393650275505,-1.1392808878176568,-1.370000000000005,-0.30000000000000004,-0.30000000000000004,8.333333333333334,8.333333333333334,10.333554921011013,18.079377322950076,19.708101319022656,0.08829388265403515,-0.020000000000001572,-0.30000000000000004,-0.30000000000000004,8.333333333333334,8.333333333333334
43,0.4,False,0,4.0,0.6274179519008245,0.0,True,8.375569785239607,13.502801375059104,15.85818128230866,-1.7517308250441,-1.880000000000006,0.0,0.0,8.333333333333334,8.333333333333334,11.540660333449152,22.043820074794194,22.873124527537595,0.25679364055629383,-6.661338147750939e-16,-0.4,-0.4,8.333333333333334,8.333333333333334
43,0.5,False,0,4.0,0.620432899120881,0.0,True,8.427137657905144,13.06573582274704,16.421548277252224,-1.5507044040126343,-1.85,0.0,0.0,8.333333333333334,8.333333333333334,12.446831209858184,24.910389072523056,25.85571838183449,-0.11547724870468357,0.0,-0.5,-0.5,8.333333333333334,8.333333333333334
43,0.6000000000000001,False,0,4.0,0.6438083242585765,0.0,True,8.367410241230083,12.657539453990236,16.14135609562589,-1.6971229331390214,-1.8599999999999959,0.0,0.0,8.333333333333334,8.333333333333334,13.375894705389799,28.309999338646957,28.092867203730375,0.06416708307029406,-0.019999999999999574,-0.6000000000000001,-0.6000000000000001,8.333333333333334,8.333333333333334
43,0.7000000000000001,False,0,4.0,0.8634263626822798,0.0,True,8.380965507617349,12.629793150184494,16.036721820632007,-1.8462538399795982,-1.899999999999999,0.0,0.0,8.333333333333334,8.333333333333334,13.88888888888889,28.5484410918201,30.222222222222218,0.12985790430784272,-0.009999999999999343,-0.7000000000000001,-0.7000000000000001,8.333333333333334,8.333333333333334
43,0.8,False,0,4.0,0.9543461877284187,0.0,True,8.38128241942035,9.40440126591923,16.088632352114754,-1.8343507273997548,-1.8799999999999994,0.0,0.0,8.333333333333334,8.333333333333334,13.88888888888889,30.04396077324243,31.888888888888882,0.3085495405590173,-2.220446049250313e-16,-0.8,-0.8,8.333333333333334,8.333333333333334
43,0.9,False,0,4.0,0.8231917757501754,0.0,True,8.357199540494342,13.445756002608487,16.68640244865983,-1.7424786093967541,-1.8900000000000028,0.0,0.0,8.333333333333334,8.333333333333334,13.88888888888889,31.57312748694954,33.0,0.032227243191301325,-0.02000000000000024,-0.9,-0.9,8.333333333333334,8.333333333333334
43,1.0,False,0,4.0,0.7217032700594413,0.0,True,8.443507921947043,12.658385845920574,16.220148728723384,-1.7811173059298697,-1.7999999999999998,0.0,0.0,8.333333333333334,8.333333333333334,13.88888888888889,34.30868982890581,34.1111111111111,-0.1331923243520441,0.0,-1.0,-1.0,8.333333333333334,8.333333333333334
43,1.1,False,0,4.0,0.6483977362359034,0.0,True,8.356512382188159,12.72331870613537,16.253644246755197,-1.7748352447962494,-1.8799999999999981,0.0,0.0,8.333333333333334,8.333333333333334,13.88888888888889,33.09925485707138,34.666666666666664,0.212680346330679,-0.0499999999999996,-1.1,-1.1,8.333333333333334,8.333333333333334
43,1.2000000000000002,False,0,4.0,0.7018755534703635,0.0,True,8.340942812997506,13.186096142365766,16.498494115952678,-1.8081820610367871,-1.7999999999999998,0.0,0.0,8.333333333333334,8.333333333333334,13.88888888888889,34.356531410764916,35.222222222222214,0.02750962736581619,-0.07999999999999963,-1.2000000000000002,-1.2000000000000002,8.333333333333334,8.333333333333334
43,1.3,False,0,4.0,0.7910353115732193,0.0,True,8.345648564825341,12.76466232797939,16.026884516009783,-1.7994681774755439,-1.8899999999999997,0.0,0.0,8.333333333333334,8.333333333333334,13.88888888888889,35.13087753749492,35.77777777777777,-0.13060594839169837,-0.09000000000000008,-1.3,-1.3,8.333333333333334,8.333333333333334
43,1.4000000000000001,False,0,4.0,0.7205011272885864,0.0,True,8.42033927235772,12.701486965765792,15.990374565542009,-1.7664736661120528,-1.8999999999999986,0.0,0.0,8.333333333333334,8.333333333333334,13.88888888888889,36.22437630906461,36.33333333333333,0.08399506421989034,-0.08000000000000007,-1.4000000000000001,-1.4000000000000001,8.333333333333334,8.333333333333334
43,1.5,False,0,4.0,0.8128841069883294,0.0,True,8.338777599197732,13.722354192589943,16.19694820169634,-1.8102387692409603,-1.7999999999999998,0.0,0.0,8.333333333333334,8.333333333333334,13.88888888888889,36.214261209228944,36.888888888888886,-0.06905475465643462,-0.04999999999999982,-1.5,-1.5,8.333333333333334,8.333333333333334
43,1.6,False,0,4.0,0.6789329271371666,0.0,True,8.421427783358686,11.755108455507322,16.6522265043243,-1.8127066601476218,-1.879999999999999,0.0,0.0,8.333333333333334,8.333333333333334,13.88888888888889,34.44739546401676,36.888888888888886,0.06113729816970315,-0.1599999999999997,-1.6,-1.6,8.333333333333334,8.333333333333334
43,1.7000000000000002,False,0,4.0,0.6414691704298704,0.0,True,8.344873416583358,13.58077394559302,16.089508289726123,-1.7875413241811897,-1.8300000000000005,0.0,0.0,8.333333333333334,8.333333333333334,13.88888888888889,36.535038800886504,37.444444444444436,0.0992784205093673,-0.09999999999999964,-1.7000000000000002,-1.7000000000000002,8.333333333333334,8.333333333333334
44,0.0,False,0,4.0,0.0,0.0,False,13.88888888888889,-4.219625043142005,-4.266666666666896,1.4520256651611527,1.6,0.0,0.0,8.333333333333334,8.333333333333334,,,,,,,,,
44,0.1,False,0,4.0,0.0,0.0,False,13.88888888888889,-4.288345682949287,-4.266666666666896,0.9794564374931749,0.7300000000000018,-0.1,-0.1,8.333333333333334,8.333333333333334,13.88888888888889,39.13609928108174,36.84444444444411,-0.1602088122024985,-0.00999999999999579,-0.1,-0.1,8.333333333333334,8.333333333333334
44,0.2,False,0,4.0,0.6425357757106841,0.0,True,8.495863825613082,12.394357244966866,16.433141709122392,-0.1989205554007425,-0.41999999999999593,-0.2,-0.2,8.333333333333334,8.333333333333334,8.892020426071028,17.13274714310064,16.93268201706527,0.02507051738678001,-0.019999999999997353,-0.2,-0.2,8.333333333333334,8.333333333333334
44,0.30000000000000004,False,0,4.0,0.7135399714215432,0.0,True,8.370939642428121,13.389586421259903,16.30172321514669,-1.4332015962007698,-1.6400000000000046,-0.30000000000000004,-0.30000000000000004,8.333333333333334,8.333333333333334,10.370352222726433,19.521351623284158,20.13520551386011,0.0033654631115678235,-0.020000000000001572,-0.30000000000000004,-0.30000000000000004,8.333333333333334,8.333333333333334
44,0.4,False,0,4.0,0.9262842482768149,0.0,True,8.360826727791165,12.818612088638641,15.981823618217103,-1.7975267738075547,-1.880000000000006,0.0,0.0,8.333333333333334,8.333333333333334,11.296148356961403,20.54575222434075,23.793545678087046,-0.022166599855324876,-6.661338147750939e-16,-0.4,-0.4,8.333333333333334,8.333333333333334
44,0.5,False,0,4.0,0.6371966967656206,0.0,True,8.343727517144451,12.037113228856224,16.149113028845687,-1.788893576588313,-1.85,0.0,0.0,8.333333333333334,8.333333333333334,12.654821987521494,24.039268700220628,26.69999981168912,0.08285869699703907,0.0,-0.5,-0.5,8.333333333333334,8.333333333333334
44,0.6000000000000001,False,0,4.0,0.825871025816363,0.0,True,8.340627488720274,13.524723539232934,15.960307473823615,-1.6329018056786886,-1.8599999999999959,0.0,0.0,8.333333333333334,8.333333333333334,13.280211803727829,29.00311288900748,29.140220876114352,0.025231243809254567,-0.019999999999999574,-0.6000000000000001,-0.6000000000000001,8.333333333333334,8.333333333333334
44,0.7000000000000001,False,0,4.0,0.7788314256479362,0.0,True,8.351198771645855,13.683346889819386,16.245210781020443,-1.6532470197211493,-1.899999999999999,0.0,0.0,8.333333333333334,8.333333333333334,13.88888888888889,29.46494128822258,31.222222222222218,0.04395072868026406,-0.009999999999999343,-0.7000000000000001,-0.7000000000000001,8.333333333333334,8.333333333333334
44,0.8,False,0,4.0,0.7592254844296707,0.0,True,8.389637197325088,11.87070985374957,15.942394829551414,-1.6967417085150651,-1.8799999999999994,0.0,0.0,8.333333333333334,8.333333333333334,13.88888888888889,33.20998008973196,32.888888888888886,-0.2194189431628406,-2.220446049250313e-16,-0.8,-0.8,8.333333333333334,8.333333333333334
44,0.9,False,0,4.0,0.6896070874053883,0.0,True,8.369590149522605,12.853266421352014,16.126724446411753,-1.888324656410715,-1.8900000000000028,0.0,0.0,8.333333333333334,8.333333333333334,13.88888888888889,32.984748975186065,34.0,0.08214927293269914,-0.02000000000000024,-0.9,-0.9,8.333333333333334,8.333333333333334
44,1.0,False,0,4.0,0.6934432441780838,0.0,True,8.456781726827064,11.633266544512207,15.919441959375899,-1.8532148914981024,-1.7999999999999998,0.0,0.0,8.333333333333334,8.333333333333334,13.88888888888889,33.575070076099195,35.1111111111111,0.2769035548982224,0.0,-1.0,-1.0,8.333333333333334,8.333333333333334
44,1.1,False,0,4.0,0.8277658425209475,0.0,True,8.34217810532536,13.729580952828822,16.26806034096057,-1.8894092366852793,-1.8799999999999981,0.0,0.0,8.333333333333334,8.333333333333334,13.88888888888889,35.393892395808514,35.666666666666664,-0.017694894916301607,-0.0499999999999996,-1.1,-1.1,8.333333333333334,8.333333333333334
44,1.2000000000000002,False,0,4.0,0.6326137324349521,0.0,True,8.407211423504064,13.009182010748372,16.352313170547415,-1.870862372196576,-1.7999999999999998,0.0,0.0,8.333333333333334,8.333333333333334,13.88888888888889,32.94370383073286,36.222222222222214,0.49858410636105166,-0.07999999999999963,-1.2000000000000002,-1.2000000000000002,8.333333333333334,8.333333333333334
44,1.3,False,0,4.0,0.684484122315749,0.0,True,8.36478115301952,11.550370073858968,16.35268777693099,-1.8509754045722477,-1.8899999999999997,0.0,0.0,8.333333333333334,8.333333333333334,13.88888888888889,36.524923823833745,36.77777777777777,0.10187990017073778,-0.09000000000000008,-1.3,-1.3,8.333333333333334,8.333333333333334
44,1.4000000000000001,False,0,4.0,0.6442091491650351,0.0,True,8.34419000591617,13.815849936819045,16.363465840121744,-1.8340487584423084,-1.8999999999999986,0.0,0.0,8.333333333333334,8.333333333333334,13.88888888888889,37.42473931848606,37.33333333333333,-0.3065242254045788,-0.08000000000000007,-1.4000000000000001,-1.4000000000000001,8.333333333333334,8.333333333333334
44,1.5,False,0,4.0,0.7597822396131378,0.0,True,8.36223283009404,13.644288080583504,16.387854008859744,-1.7443218575462585,-1.7999999999999998,0.0,0.0,8.333333333333334,8.333333333333334,13.88888888888889,36.86841154497636,37.888888888888886,0.03850223185026658,-0.04999999999999982,-1.5,-1.5,8.333333333333334,8.333333333333334
44,1.6,False,0,4.0,1.0,0.0,True,8.455681071346412,12.66405099731659,16.111029895013754,-1.676817995227301,-1.879999999999999,0.0,0.0,8.333333333333334,8.333333333333334,13.88888888888889,37.02746155492891,37.888888888888886,0.07747876057961833,-0.1599999999999997,-1.6,-1.6,8.333333333333334,8.333333333333334
44,1.7000000000000002,False,0,4.0,0.7438689915236018,0.0,True,8.355913589376357,12.097883041254189,16.1423470345598,-1.831072616632299,-1.8300000000000005,0.0,0.0,8.333333333333334,8.333333333333334,13.88888888888889,35.892071650311536,38.444444444444436,0.16488860428235963,-0.09999999999999964,-1.7000000000000002,-1.7000000000000002,8.333333333333334,8.333333333333334
45,0.0,False,0,4.0,0.0,0.0,False,13.88888888888889,-1.8130378344056224,-4.155555555555796,1.563093147362589,1.6,0.0,0.0,8.333333333333334,8.333333333333334,,,,,,,,,
45,0.1,False,0,4.0,0.0,0.0,False,13.88888888888889,-3.3758066330651273,-4.155555555555796,0.5514815767021917,0.7100000000000017,-0.1,-0.1,8.333333333333334,8.333333333333334,13.88888888888889,37.60868949308285,35.84444444444411,0.027360431570562005,-0.00999999999999579,-0.1,-0.1,8.333333333333334,8.333333333333334
45,0.2,False,0,4.0,0.6670366063009621,0.0,True,8.3991650140517,13.110554398625094,16.38313742883322,-0.8069756705425721,-0.7599999999999949,-0.2,-0.2,8.333333333333334,8.333333333333334,8.93302600360793,17.13599116770443,17.19350641458494,0.09164934744191844,-0.019999999999997353,-0.2,-0.2,8.333333333333334,8.333333333333334
45,0.30000000000000004,False,0,4.0,0.6584925251458352,0.0,True,8.334734897007625,13.564239534626548,16.307413624176885,-1.4952063898423944,-1.6100000000000052,-0.30000000000000004,-0.30000000000000004,8.333333333333334,8.333333333333334,10.426358446481876,16.148417160619726,20.526371007293587,-0.024288887071653553,-0.020000000000001572,-0.30000000000000004,-0.30000000000000004,8.333333333333334,8.333333333333334
45,0.4,False,0,4.0,0.6433834956379623,0.0,True,8.453423201385881,12.63586313064165,16.005682596140115,-1.7299383681160558,-1.880000000000006,0.0,0.0,8.333333333333334,8.333333333333334,11.81119784278956,22.673323435466425,24.496563974992593,-0.42361485057160264,-6.661338147750939e-16,-0.4,-0.4,8.333333333333334,8.333333333333334
45,0.5,False,0,4.0,0.7174666600815146,0.0,True,8.333769009246975,13.77927723305454,16.400439001401605,-1.7339340565687458,-1.85,0.0,0.0,8.333333333333334,8.333333333333334,12.884942465949488,26.676335087939993,27.605927701564315,-0.01874762663101781,0.0,-0.5,-0.5,8.333333333333334,8.333333333333334
45,0.6000000000000001,False,0,4.0,0.7414599323804631,0.0,True,8.409014205891717,11.262468692300697,16.329655357419053,-1.7327668559408065,-1.8599999999999959,0.0,0.0,8.333333333333334,8.333333333333334,13.88888888888889,29.828875963465396,30.000000000000018,-0.19442999479172873,-0.019999999999999574,-0.6000000000000001,-0.6000000000000001,8.333333333333334,8.333333333333334
45,0.7000000000000001,False,0,4.0,0.7797499158967003,0.0,True,8.358331079763301,13.627761980592577,16.175716997874684,-1.868822966424543,-1.899999999999999,0.0,0.0,8.333333333333334,8.333333333333334,13.88888888888889,30.46248189866738,32.22222222222222,0.24101748720094474,-0.009999999999999343,-0.7000000000000001,-0.7000000000000001,8.333333333333334,8.333333333333334
45,0.8,False,0,4.0,0.7207469271747384,0.0,True,8.403137591290015,12.945264679630053,16.2782529675935,-1.6870266285665203,-1.8799999999999994,0.0,0.0,8.333333333333334,8.333333333333334,13.88888888888889,31.38997706657339,33.888888888888886,0.09973470221923808,-2.220446049250313e-16,-0.8,-0.8,8.333333333333334,8.333333333333334
45,0.9,False,0,4.0,0.7418237562263154,0.0,True,8.372208327757988,13.175821792744113,16.608952585866984,-1.803240604597893,-1.8900000000000028,0.0,0.0,8.333333333333334,8.333333333333334,13.88888888888889,35.020486697931005,35.0,-0.12195971339705558,-0.02000000000000024,-0.9,-0.9,8.333333333333334,8.333333333333334
45,1.0,False,0,4.0,0.8651787777267531,0.0,True,8.449096560439171,12.661619860806791,16.0203148904216,-1.7312035169926097,-1.7999999999999998,0.0,0.0,8.333333333333334,8.333333333333334,13.88888888888889,35.264610503789925,36.1111111111111,0.10988881551639862,0.0,-1.0,-1.0,8.333333333333334,8.333333333333334
45,1.1,False,0,4.0,0.713014027079235,0.0,True,8.387877247569126,13.028512153900007,16.325611575113793,-1.7619269580281023,-1.8799999999999981,0.0,0.0,8.333333333333334,8.333333333333334,13.88888888888889,36.71303283150478,36.666666666666664,0.1764770662689159,-0.0499999999999996,-1.1,-1.1,8.333333333333334,8.333333333333334
45,1.2000000000000002,False,0,4.0,0.6564112586065647,0.0,True,8.3429879260047,12.825703391030256,16.079084330331877,-1.5478039193621909,-1.7999999999999998,0.0,0.0,8.333333333333334,8.333333333333334,13.88888888888889,35.752213033473396,37.222222222222214,0.28313986232826993,-0.07999999999999963,-1.2000000000000002,-1.2000000000000002,8.333333333333334,8.333333333333334
45,1.3,False,0,4.0,0.7106082672080661,0.0,True,8.43291802190302,12.17891546969707,16.207799342081213,-1.8229861715990503,-1.8899999999999997,0.0,0.0,8.333333333333334,8.333333333333334,13.88888888888889,35.327978386012944,37.77777777777777,0.0656892004537526,-0.09000000000000008,-1.3,-1.3,8.333333333333334,8.333333333333334
45,1.4000000000000001,False,0,4.0,0.45275524040820114,0.0,True,8.338692861035927,13.767072197478608,16.378440973111406,-1.8607491316601166,-1.8999999999999986,0.0,0.0,8.333333333333334,8.333333333333334,13.88888888888889,36.585797288718425,38.33333333333333,0.437895010545823,-0.08000000000000007,-1.4000000000000001,-1.4000000000000001,8.333333333333334,8.333333333333334
45,1.5,False,0,4.0,0.7109843234000025,0.0,True,8.373020111284552,11.2190424294546,16.316057202571567,-1.6562432159905622,-1.7999999999999998,0.0,0.0,8.333333333333334,8.333333333333334,13.88888888888889,38.98268993573388,38.888888888888886,-0.23473432899352575,-0.04999999999999982,-1.5,-1.5,8.333333333333334,8.333333333333334
45,1.6,False,0,4.0,0.5456490877482204,0.0,True,8.343325083378831,13.708416376641548,16.191460873760047,-1.81204029246297,-1.879999999999999,0.0,0.0,8.333333333333334,8.333333333333334,13.88888888888889,36.91528661574017,38.888888888888886,0.05633456144458848,-0.1599999999999997,-1.6,-1.6,8.333333333333334,8.333333333333334
45,1.7000000000000002,False,0,4.0,0.5368094692211104,0.0,True,8.339523430876417,12.68968981346806,16.10780999466932,-1.7950004944333326,-1.8300000000000005,0.0,0.0,8.333333333333334,8.333333333333334,13.88888888888889,37.873782005848604,39.444444444444436,0.6414886269578823,-0.09999999999999964,-1.7000000000000002,-1.7000000000000002,8.333333333333334,8.333333333333334
46,0.0,False,0,4.0,0.0,0.0,False,13.88888888888889,-2.4619459385747318,-4.04444444444471,1.667749044734823,1.6,0.0,0.0,8.333333333333334,8.333333333333334,,,,,,,,,
46,0.1,False,0,4.0,0.0,0.0,False,13.88888888888889,-3.2102610610287625,-4.04444444444471,0.6411074527189222,0.6900000000000017,-0.1,-0.1,8.333333333333334,8.333333333333334,13.88888888888889,35.49530694106734,34.84444444444411,0.074557077753592,-0.00999999999999579,-0.1,-0.1,8.333333333333334,8.333333333333334
46,0.2,False,0,4.0,0.6963557506827062,0.0,True,8.403822559130544,13.125861321977776,16.42473283607752,-0.368824341704018,-0.45999999999999597,-0.2,-0.2,8.333333333333334,8.333333333333334,8.794970447690666,17.302191597107406,17.201758825499308,-0.14833734433717138,-0.019999999999997353,-0.2,-0.2,8.333333333333334,8.333333333333334
46,0.30000000000000004,False,0,4.0,0.7069789932787613,0.0,True,8.375758882975376,13.567441072689956,16.03567892430335,-1.8105826382406731,-1.8899999999999975,0.0,0.0,8.333333333333334,8.333333333333334,10.655638276319294,17.188899766476734,20.73174622179884,-0.2622221291141784,-0.020000000000001572,-0.30000000000000004,-0.30000000000000004,8.333333333333334,8.333333333333334
46,0.4,False,0,4.0,0.7305203206247356,0.0,True,8.335622357000426,13.85823503432665,16.304525795591285,-1.87413672129632,-1.880000000000006,0.0,0.0,8.333333333333334,8.333333333333334,12.06535773792527,24.54578500334483,25.009871036985412,0.080076602404213,-6.661338147750939e-16,-0.4,-0.4,8.333333333333334,8.333333333333334
46,0.5,False,0,4.0,0.7037185992700513,0.0,True,8.461221442240685,12.139272187766334,15.944164309672981,-1.8819380095538136,-1.85,0.0,0.0,8.333333333333334,8.333333333333334,13.397704211153311,28.28633656976186,28.315203040795243,-0.07063159988569456,0.0,-0.5,-0.5,8.333333333333334,8.333333333333334
46,0.6000000000000001,False,0,4.0,0.6280052589021387,0.0,True,8.406308365727586,12.567997938210421,15.99295563661573,-1.8757669927319176,-1.8599999999999959,0.0,0.0,8.333333333333334,8.333333333333334,13.88888888888889,29.288315665812593,31.000000000000018,0.26504014196292225,-0.019999999999999574,-0.6000000000000001,-0.6000000000000001,8.333333333333334,8.333333333333334
46,0.7000000000000001,False,0,4.0,0.7441419660012816,0.0,True,8.408188980685427,13.095037681173306,15.878801285654543,-1.7691041182563494,-1.899999999999999,0.0,0.0,8.333333333333334,8.333333333333334,13.88888888888889,33.19709422024231,33.22222222222222,0.06792448553531649,-0.009999999999999343,-0.7000000000000001,-0.7000000000000001,8.333333333333334,8.333333333333334
46,0.8,False,0,4.0,0.8214039384177184,0.0,True,8.394776911349657,12.725347821020858,16.161847949442386,-1.831711523579476,-1.8799999999999994,0.0,0.0,8.333333333333334,8.333333333333334,13.88888888888889,33.15807786308922,34.888888888888886,0.238695786746272,-2.220446049250313e-16,-0.8,-0.8,8.333333333333334,8.333333333333334
46,0.9,False,0,4.0,0.729893262763089,0.0,True,8.33910359008388,13.31098519305122,16.022319391078025,-1.8356263189619582,-1.8900000000000028,0.0,0.0,8.333333333333334,8.333333333333334,13.88888888888889,34.29134135205899,36.0,0.07549631782187394,-0.02000000000000024,-0.9,-0.9,8.333333333333334,8.333333333333334
46,1.0,False,0,4.0,0.6799732967851425,0.0,True,8.373744715857136,12.75906103502852,16.396082447330468,-1.745306852690097,-1.7999999999999998,0.0,0.0,8.333333333333334,8.333333333333334,13.88888888888889,36.037781144704354,37.1111111111111,0.19297511204085582,0.0,-1.0,-1.0,8.333333333333334,8.333333333333334
46,1.1,False,0,4.0,0.684476226004991,0.0,True,8.467348892188715,10.938482846837285,16.071263557354424,-1.825133729528377,-1.8799999999999981,0.0,0.0,8.333333333333334,8.333333333333334,13.88888888888889,36.7246993643014,37.666666666666664,-0.003782017547517391,-0.0499999999999996,-1.1,-1.1,8.333333333333334,8.333333333333334
46,1.2000000000000002,False,0,4.0,0.7122487470594236,0.0,True,8.336514802132092,13.751905187048404,16.341718359547396,-1.7879243082360108,-1.7999999999999998,0.0,0.0,8.333333333333334,8.333333333333334,13.88888888888889,36.84045417272739,38.222222222222214,0.3303944588426977,-0.07999999999999963,-1.2000000000000002,-1.2000000000000002,8.333333333333334,8.333333333333334
46,1.3,False,0,4.0,0.5483731450276711,0.0,True,8.406722493645287,12.893956471762987,16.27265755587616,-1.8128819286671634,-1.8899999999999997,0.0,0.0,8.333333333333334,8.333333333333334,13.88888888888889,38.083889339688454,38.77777777777777,-0.05152698116883747,-0.09000000000000008,-1.3,-1.3,8.333333333333334,8.333333333333334
46,1.4000000000000001,False,0,4.0,0.6799958281617494,0.0,True,8.360251618406107,13.319036133175342,16.229576628992373,-1.8996070396346436,-1.8999999999999986,0.0,0.0,8.333333333333334,8.333333333333334,13.88888888888889,39.629328495106265,39.33333333333333,0.02274606856288819,-0.08000000000000007,-1.4000000000000001,-1.4000000000000001,8.333333333333334,8.333333333333334
46,1.5,False,0,4.0,0.7718692926338458,0.0,True,8.463914182896003,10.836870875319004,15.86285142818296,-1.646334670803053,-1.7999999999999998,0.0,0.0,8.333333333333334,8.333333333333334,13.88888888888889,39.047043124019616,39.888888888888886,0.05020547716262458,-0.04999999999999982,-1.5,-1.5,8.333333333333334,8.333333333333334
46,1.6,False,0,4.0,0.5705537643097027,0.0,True,8.369061983568034,13.55732337103056,15.866232784623076,-1.8641006768334973,-1.879999999999999,0.0,0.0,8.333333333333334,8.333333333333334,13.88888888888889,39.90603326848868,39.888888888888886,-0.12050303929658712,-0.1599999999999997,-1.6,-1.6,8.333333333333334,8.333333333333334
46,1.7000000000000002,False,0,4.0,0.6077110025247802,0.0,True,8.358836985707244,13.301581860186186,15.78366035991868,-1.8984774433086589,-1.8300000000000005,0.0,0.0,8.333333333333334,8.333333333333334,13.88888888888889,40.39181786993179,40.444444444444436,-0.0029837046298664127,-0.09999999999999964,-1.7000000000000002,-1.7000000000000002,8.333333333333334,8.333333333333334
47,0.0,False,0,4.0,0.0,0.0,False,13.88888888888889,-3.5446181738322364,-4.111111111110847,1.670153771395261,1.6,0.0,0.0,8.333333333333334,8.333333333333334,,,,,,,,,
47,0.1,False,0,4.0,0.0,0.0,False,13.88888888888889,-2.9704651579862,-4.111111111110847,0.8849793584173331,0.6800000000000019,-0.1,-0.1,8.333333333333334,8.333333333333334,13.88888888888889,35.83890543843769,33.84444444444411,-0.06723275425738362,-0.00999999999999579,-0.1,-0.1,8.333333333333334,8.333333333333334
47,0.2,False,0,4.0,0.6965643825687474,0.0,True,8.333763801992305,13.580300504213437,16.074417630144335,-1.082864613039825,-0.8799999999999941,-0.2,-0.2,8.333333333333334,8.333333333333334,9.169096096383155,15.50123534373206,17.268618446115735,0.013017606924040637,-0.019999999999997353,-0.2,-0.2,8.333333333333334,8.333333333333334
47,0.30000000000000004,False,0,4.0,0.8844978919240056,0.0,True,8.35945615291229,13.126450091896697,16.462277255770186,-1.7102400513994676,-1.820000000000003,-0.30000000000000004,-0.30000000000000004,8.333333333333334,8.333333333333334,10.658526557009615,19.751365124210988,21.195076003876263,-0.0502712137803385,-0.020000000000001572,-0.30000000000000004,-0.30000000000000004,8.333333333333334,8.333333333333334
47,0.4,False,0,4.0,0.7224510502414752,0.0,True,8.353344283837725,13.483418227646307,15.895054167422483,-1.6887224681399933,-1.880000000000006,0.0,0.0,8.333333333333334,8.333333333333334,12.339509040828032,25.583105813224666,25.571687697856564,0.07514541877970804,-6.661338147750939e-16,-0.4,-0.4,8.333333333333334,8.333333333333334
47,0.5,False,0,4.0,0.7331390675964462,0.0,True,8.351462474611697,12.896062283991082,16.368229643410555,-1.5525215155175893,-1.85,0.0,0.0,8.333333333333334,8.333333333333334,13.76238888888889,26.691003123313724,29.23487222222224,-0.19761533283649313,0.0,-0.5,-0.5,8.333333333333334,8.333333333333334
47,0.6000000000000001,False,0,4.0,0.9592400165336199,0.0,True,8.358797132895411,13.476990569420916,16.822224129649566,-1.7941450463252295,-1.8599999999999959,0.0,0.0,8.333333333333334,8.333333333333334,13.88888888888889,31.063678648537223,32.00000000000002,0.021987168436999438,-0.019999999999999574,-0.6000000000000001,-0.6000000000000001,8.333333333333334,8.333333333333334
47,0.7000000000000001,False,0,4.0,0.6718461376118976,0.0,True,8.458365762064037,11.951951951830036,16.286808612848912,-1.6897313345076856,-1.899999999999999,0.0,0.0,8.333333333333334,8.333333333333334,13.88888888888889,31.693740832328007,34.22222222222222,0.36871958463969623,-0.009999999999999343,-0.7000000000000001,-0.7000000000000001,8.333333333333334,8.333333333333334
47,0.8,False,0,4.0,0.7297675317775434,0.0,True,8.334989837070365,11.972563860749982,16.491772656097975,-1.885612782729574,-1.8799999999999994,0.0,0.0,8.333333333333334,8.333333333333334,13.88888888888889,35.92609079644795,35.888888888888886,-0.04961586987427524,-2.220446049250313e-16,-0.8,-0.8,8.333333333333334,8.333333333333334
47,0.9,False,0,4.0,0.6141946307541569,0.0,True,8.379691725666671,12.51885440527779,16.017351820104334,-1.6257958767094127,-1.8900000000000028,0.0,0.0,8.333333333333334,8.333333333333334,13.88888888888889,35.43566040552298,37.0,-0.11010478305684734,-0.02000000000000024,-0.9,-0.9,8.333333333333334,8.333333333333334
47,1.0,False,0,4.0,0.8023564147594783,0.0,True,8.34602935708209,13.589181497419855,16.06517523784647,-1.4809360807355174,-1.7999999999999998,0.0,0.0,8.333333333333334,8.333333333333334,13.88888888888889,37.35664120360141,38.1111111111111,0.01592091980040644,0.0,-1.0,-1.0,8.333333333333334,8.333333333333334
47,1.1,False,0,4.0,0.6435692740080624,0.0,True,8.349702331384005,13.500893050546605,16.236600325390153,-1.770930603607449,-1.8799999999999981,0.0,0.0,8.333333333333334,8.333333333333334,13.88888888888889,35.180058939495744,38.666666666666664,0.6083881834511371,-0.0499999999999996,-1.1,-1.1,8.333333333333334,8.333333333333334
47,1.2000000000000002,False,0,4.0,0.7111046927415009,0.0,True,8.421070758996024,12.975640828843705,15.813934186242204,-1.847578356234655,-1.7999999999999998,0.0,0.0,8.333333333333334,8.333333333333334,13.88888888888889,36.794249662376714,39.222222222222214,0.1304460358800772,-0.07999999999999963,-1.2000000000000002,-1.2000000000000002,8.333333333333334,8.333333333333334
47,1.3,False,0,4.0,0.5110419190655137,0.0,True,8.348915725875598,12.59390874406564,16.180282903430236,-1.752454575591306,-1.8899999999999997,0.0,0.0,8.333333333333334,8.333333333333334,13.88888888888889,38.192377664820924,39.77777777777777,0.2698898023145273,-0.09000000000000008,-1.3,-1.3,8.333333333333334,8.333333333333334
47,1.4000000000000001,False,0,4.0,0.9539762846105789,0.0,True,8.406910304815911,13.07784641804464,16.279596126950548,-1.8752929819365995,-1.8999999999999986,0.0,0.0,8.333333333333334,8.333333333333334,13.88888888888889,39.293503970608796,40.33333333333333,-0.031818537071359065,-0.08000000000000007,-1.4000000000000001,-1.4000000000000001,8.333333333333334,8.333333333333334
47,1.5,False,0,4.0,0.7305613232945701,0.0,True,8.49708631093233,12.12331139725077,16.285022330594526,-1.8387178638879678,-1.7999999999999998,0.0,0.0,8.333333333333334,8.333333333333334,13.88888888888889,41.01378474283017,40.888888888888886,-0.08030578266685695,-0.04999999999999982,-1.5,-1.5,8.333333333333334,8.333333333333334
47,1.6,False,0,4.0,0.6873140502444729,0.0,True,8.426265514904067,12.908638084157186,16.28932283720351,-1.8911370624702963,-1.879999999999999,0.0,0.0,8.333333333333334,8.333333333333334,13.88888888888889,38.384413920383714,40.888888888888886,0.40011714593689396,-0.1599999999999997,-1.6,-1.6,8.333333333333334,8.333333333333334
47,1.7000000000000002,False,0,4.0,0.6621554820918196,0.0,True,8.469290341110627,11.054462925917417,15.985599279330213,-1.7064198582472023,-1.8300000000000005,0.0,0.0,8.333333333333334,8.333333333333334,13.88888888888889,39.688417177049345,41.444444444444436,0.3995981305070333,-0.09999999999999964,-1.7000000000000002,-1.7000000000000002,8.333333333333334,8.333333333333334
48,0.0,False,0,4.0,0.0,0.0,False,13.88888888888889,-1.0507483741133425,-4.222222222221961,1.5985273971662797,1.6,0.0,0.0,8.333333333333334,8.333333333333334,,,,,,,,,
48,0.1,False,0,4.0,0.0,0.0,False,13.88888888888889,-3.957575277479708,-4.222222222221961,0.5629598253435906,0.6600000000000019,-0.1,-0.1,8.333333333333334,8.333333333333334,13.88888888888889,32.99823250933427,32.84444444444411,0.17969666367516668,-0.00999999999999579,-0.1,-0.1,8.333333333333334,8.333333333333334
48,0.2,False,0,4.0,0.6975873884449442,0.0,True,8.393605799763591,12.138887030466162,16.370212680375214,-0.4864928565179112,-0.5799999999999952,-0.2,-0.2,8.333333333333334,8.333333333333334,9.125615996088435,16.35736193686959,17.34372476275959,-0.0635492115929035,-0.019999999999997353,-0.2,-0.2,8.333333333333334,8.333333333333334
48,0.30000000000000004,False,0,4.0,0.7147917583881794,0.0,True,8.51280696638065,11.350470008135698,16.36973425217381,-1.1790288592249645,-1.370000000000005,-0.30000000000000004,-0.30000000000000004,8.333333333333334,8.333333333333334,10.984183051201354,21.83140742648879,21.737125499999987,-0.20062609668820475,-0.020000000000001572,-0.30000000000000004,-0.30000000000000004,8.333333333333334,8.333333333333334
48,0.4,False,0,4.0,0.7491800770662153,0.0,True,8.410681530260739,10.574933356025863,16.419410743156018,-1.7245361627332327,-1.880000000000006,0.0,0.0,8.333333333333334,8.333333333333334,12.620987073625678,26.444513228800854,26.365933577890157,-0.10472603720546125,-6.661338147750939e-16,-0.4,-0.4,8.333333333333334,8.333333333333334
48,0.5,False,0,4.0,0.6926088894369432,0.0,True,8.462956773337197,11.645441336481365,15.9152630658411,-1.8311803422129573,-1.85,0.0,0.0,8.333333333333334,8.333333333333334,13.76238888888889,29.07327625079302,30.23487222222224,-0.09325910898558964,0.0,-0.5,-0.5,8.333333333333334,8.333333333333334
48,0.6000000000000001,False,0,4.0,0.995035718399643,0.0,True,8.426937832326242,12.137661889109093,16.217470565761996,-1.7466554746644314,-1.8599999999999959,0.0,0.0,8.333333333333334,8.333333333333334,13.88888888888889,32.34388082970944,33.00000000000002,0.05224792501096864,-0.019999999999999574,-0.6000000000000001,-0.6000000000000001,8.333333333333334,8.333333333333334
48,0.7000000000000001,False,0,4.0,0.5840901967457949,0.0,True,8.408140767638924,12.88141280599292,16.20793445861106,-1.8735425857703223,-1.899999999999999,0.0,0.0,8.333333333333334,8.333333333333334,13.88888888888889,33.80085749643086,35.22222222222222,0.06441531004337864,-0.009999999999999343,-0.7000000000000001,-0.7000000000000001,8.333333333333334,8.333333333333334
48,0.8,False,0,4.0,0.8927604941632529,0.0,True,8.34767761420389,13.463419919085691,15.930674570416425,-1.8933655207084092,-1.8799999999999994,0.0,0.0,8.333333333333334,8.333333333333334,13.88888888888889,34.46425574603704,36.888888888888886,0.033698806114958346,-2.220446049250313e-16,-0.8,-0.8,8.333333333333334,8.333333333333334
48,0.9,False,0,4.0,1.0,0.0,True,8.335061103255837,13.70627936825802,16.326304239779812,-1.7803132152394574,-1.8900000000000028,0.0,0.0,8.333333333333334,8.333333333333334,13.88888888888889,36.25769027856299,38.0,0.2816930425163422,-0.02000000000000024,-0.9,-0.9,8.333333333333334,8.333333333333334
48,1.0,False,0,4.0,0.822729231651246,0.0,True,8.350491370546614,13.156644527039884,15.852563845141713,-1.835629926499465,-1.7999999999999998,0.0,0.0,8.333333333333334,8.333333333333334,13.88888888888889,37.117343839976755,39.1111111111111,0.1004561816390539,0.0,-1.0,-1.0,8.333333333333334,8.333333333333334
48,1.1,False,0,4.0,0.7096004629771969,0.0,True,8.421638413379823,13.077904818316977,16.226101039629736,-1.8442580547808245,-1.8799999999999981,0.0,0.0,8.333333333333334,8.333333333333334,13.88888888888889,37.25429376927143,39.666666666666664,0.15239993229636317,-0.0499999999999996,-1.1,-1.1,8.333333333333334,8.333333333333334
48,1.2000000000000002,False,0,4.0,0.8216306878084754,0.0,True,8.347628393448723,13.791870816601186,16.44487014859008,-1.848282727294003,-1.7999999999999998,0.0,0.0,8.333333333333334,8.333333333333334,13.88888888888889,38.690608599345325,40.222222222222214,0.008600804023791708,-0.07999999999999963,-1.2000000000000002,-1.2000000000000002,8.333333333333334,8.333333333333334
48,1.3,False,0,4.0,0.73287412563347,0.0,True,8.491570116742945,11.19339648403982,16.284580271120344,-1.7047652170256187,-1.8899999999999997,0.0,0.0,8.333333333333334,8.333333333333334,13.88888888888889,40.719877690130396,40.77777777777777,0.019232908403984617,-0.09000000000000008,-1.3,-1.3,8.333333333333334,8.333333333333334
48,1.4000000000000001,False,0,4.0,0.7662727412756107,0.0,True,8.383883918009857,13.398418775447293,16.29508330251134,-1.8666054554930058,-1.8999999999999986,0.0,0.0,8.333333333333334,8.333333333333334,13.88888888888889,38.8794101441311,41.33333333333333,0.4557283636705387,-0.08000000000000007,-1.4000000000000001,-1.4000000000000001,8.333333333333334,8.333333333333334
48,1.5,False,0,4.0,0.6298851304552828,0.0,True,8.339563763555246,12.116479885973359,16.325102118259178,-1.8153383266237753,-1.7999999999999998,0.0,0.0,8.333333333333334,8.333333333333334,13.88888888888889,38.425709022968945,41.888888888888886,0.2965529597119514,-0.04999999999999982,-1.5,-1.5,8.333333333333334,8.333333333333334
48,1.6,False,0,4.0,0.7244487115163902,0.0,True,8.404062719701361,13.050461542414194,16.48193028177614,-1.6192341972010247,-1.879999999999999,0.0,0.0,8.333333333333334,8.333333333333334,13.88888888888889,41.797216888051295,41.888888888888886,0.0038155383000826326,-0.1599999999999997,-1.6,-1.6,8.333333333333334,8.333333333333334
48,1.7000000000000002,False,0,4.0,0.6907987577805252,0.0,True,8.344867046334448,13.859106941096012,16.322071683797798,-1.793085118186116,-1.8300000000000005,0.0,0.0,8.333333333333334,8.333333333333334,13.88888888888889,41.88639439216582,42.444444444444436,0.29016845893518584,-0.09999999999999964,-1.7000000000000002,-1.7000000000000002,8.333333333333334,8.333333333333334
49,0.0,False,0,4.0,0.0,0.0,False,13.88888888888889,-1.1597736362114857,-4.266666666666953,1.5758442934173615,1.6,0.0,0.0,8.333333333333334,8.333333333333334,,,,,,,,,
49,0.1,False,0,4.0,0.0,0.0,False,13.88888888888889,-2.631950209492362,-4.266666666666953,0.44677803106548897,0.6400000000000019,-0.1,-0.1,8.333333333333334,8.333333333333334,13.88888888888889,32.582485667518895,31.844444444444104,-0.06027450262931566,-0.00999999999999579,-0.1,-0.1,8.333333333333334,8.333333333333334
49,0.2,False,0,4.0,0.6322126557058583,0.0,True,8.348470947715457,13.364752738849955,16.424455271941877,-0.8189177052174097,-0.7599999999999949,-0.2,-0.2,8.333333333333334,8.333333333333334,9.385169133356243,16.542345745974867,17.573098892856915,0.09766832737744657,-0.019999999999997353,-0.2,-0.2,8.333333333333334,8.333333333333334
49,0.30000000000000004,False,0,4.0,0.6118295897078895,0.0,True,8.418627109437146,12.781574237864628,16.94913589051968,-1.1517535709287947,-1.3400000000000047,-0.30000000000000004,-0.30000000000000004,8.333333333333334,8.333333333333334,11.18911289226901,20.29578430129042,22.134409726014237,0.2048303498963886,-0.020000000000001572,-0.30000000000000004,-0.30000000000000004,8.333333333333334,8.333333333333334
49,0.4,False,0,4.0,0.7692871332652084,0.0,True,8.340638968624813,12.025763525638478,16.199856717002614,-1.8769793337941583,-1.880000000000006,0.0,0.0,8.333333333333334,8.333333333333334,12.9567995054685,26.36034966938222,27.091123504374455,0.14441180331350756,-6.661338147750939e-16,-0.4,-0.4,8.333333333333334,8.333333333333334
49,0.5,False,0,4.0,0.6154066663240397,0.0,True,8.355700014968608,13.59243871681748,16.222034893143313,-1.7860264196796722,-1.85,0.0,0.0,8.333333333333334,8.333333333333334,13.88888888888889,31.3228895990264,31.222222222222246,-0.21915687992713662,0.0,-0.5,-0.5,8.333333333333334,8.333333333333334
49,0.6000000000000001,False,0,4.0,0.6349603145540585,0.0,True,8.409734984579904,12.728615699603449,16.1167622885123,-1.8472951396949027,-1.8599999999999959,0.0,0.0,8.333333333333334,8.333333333333334,13.88888888888889,29.865196579974143,34.00000000000002,-0.06572698603955618,-0.019999999999999574,-0.6000000000000001,-0.6000000000000001,8.333333333333334,8.333333333333334
49,0.7000000000000001,False,0,4.0,0.6162224598119822,0.0,True,8.41747138932643,12.074826487971801,16.276061718796978,-1.8989837564626924,-1.899999999999999,0.0,0.0,8.333333333333334,8.333333333333334,13.88888888888889,35.33205347462518,36.22222222222222,0.04788182778576111,-0.009999999999999343,-0.7000000000000001,-0.7000000000000001,8.333333333333334,8.333333333333334
49,0.8,False,0,4.0,0.5894332219091033,0.0,True,8.400681778680527,12.923117294115183,16.2238605360785,-1.7790016155741069,-1.8799999999999994,0.0,0.0,8.333333333333334,8.333333333333334,13.88888888888889,36.24138546683467,37.888888888888886,-0.056886243466170994,-2.220446049250313e-16,-0.8,-0.8,8.333333333333334,8.333333333333334
49,0.9,False,0,4.0,0.8817718089690447,0.0,True,8.451593140194662,10.319799141295913,16.236160506162133,-1.8532826297174965,-1.8900000000000028,0.0,0.0,8.333333333333334,8.333333333333334,13.88888888888889,36.4608183292268,39.0,0.26972265461075784,-0.02000000000000024,-0.9,-0.9,8.333333333333334,8.333333333333334
49,1.0,False,0,4.0,0.6920244967962591,0.0,True,8.423987103489583,11.942305575591757,16.20492223143601,-1.7912169080076215,-1.7999999999999998,0.0,0.0,8.333333333333334,8.333333333333334,13.88888888888889,37.897812556283,40.1111111111111,0.541973342757001,0.0,-1.0,-1.0,8.333333333333334,8.333333333333334
49,1.1,False,0,4.0,0.5810068455269191,0.0,True,8.387992749656174,13.228433565148077,15.84812012645001,-1.8379335845049993,-1.8799999999999981,0.0,0.0,8.333333333333334,8.333333333333334,13.88888888888889,38.40618529648372,40.666666666666664,0.3570453448823958,-0.0499999999999996,-1.1,-1.1,8.333333333333334,8.333333333333334
49,1.2000000000000002,False,0,4.0,0.6569816332791454,0.0,True,8.354662249021674,13.582996788630606,16.10969995745428,-1.7735462706793477,-1.7999999999999998,0.0,0.0,8.333333333333334,8.333333333333334,13.88888888888889,41.28106008765168,41.22222222222223,0.11767351592438935,-0.07999999999999963,-1.2000000000000002,-1.2000000000000002,8.333333333333334,8.333333333333334
49,1.3,False,0,4.0,0.6946329331114494,0.0,True,8.46604974487361,12.239015583441653,15.949134896653714,-1.5951212194297026,-1.8899999999999997,0.0,0.0,8.333333333333334,8.333333333333334,13.88888888888889,40.07553264450069,41.77777777777777,0.09718905530848332,-0.09000000000000008,-1.3,-1.3,8.333333333333334,8.333333333333334
49,1.4000000000000001,False,0,4.0,0.7050284087748061,0.0,True,8.366787284031874,13.423318602460892,16.016066874915037,-1.6553474103255332,-1.8999999999999986,0.0,0.0,8.333333333333334,8.333333333333334,13.88888888888889,42.34523367895885,42.33333333333333,-0.2553627541425463,-0.08000000000000007,-1.4000000000000001,-1.4000000000000001,8.333333333333334,8.333333333333334
49,1.5,False,0,4.0,0.733539447884742,0.0,True,8.386269864495352,12.303452906131508,16.272245788805417,-1.8144157499854676,-1.7999999999999998,0.0,0.0,8.333333333333334,8.333333333333334,13.88888888888889,42.26238285077963,42.888888888888886,0.14842095155919388,-0.04999999999999982,-1.5,-1.5,8.333333333333334,8.333333333333334
49,1.6,False,0,4.0,0.6164303776043915,0.0,True,8.359898954620064,12.712266990777191,16.198763111788804,-1.6832621812345303,-1.879999999999999,0.0,0.0,8.333333333333334,8.333333333333334,13.88888888888889,42.399504423218104,42.888888888888886,-0.24228685221306834,-0.1599999999999997,-1.6,-1.6,8.333333333333334,8.333333333333334
49,1.7000000000000002,False,0,4.0,0.6809357141651559,0.0,True,8.335701999750206,13.465270016831152,15.884953782470614,-1.838364485823092,-1.8300000000000005,0.0,0.0,8.333333333333334,8.333333333333334,13.88888888888889,42.704035969879165,43.444444444444436,-0.049652269891748535,-0.09999999999999964,-1.7000000000000002,-1.7000000000000002,8.333333333333334,8.333333333333334
50,0.0,False,0,4.0,0.0,0.0,False,13.88888888888889,-1.463618245977318,-4.155555555555867,1.3106814746562319,1.6,0.0,0.0,8.333333333333334,8.333333333333334,,,,,,,,,
50,0.1,False,0,4.0,0.0,0.0,False,13.88888888888889,-3.3188707988509405,-4.155555555555867,0.565935647583597,0.6200000000000019,-0.1,-0.1,8.333333333333334,8.333333333333334,13.88888888888889,30.90055927185689,30.844444444444104,-0.3363204883118873,-0.00999999999999579,-0.1,-0.1,8.333333333333334,8.333333333333334
50,0.2,False,0,4.0,0.748264186315924,0.0,True,8.453030092497878,12.540597148420698,16.119294511254548,-0.5071856221463742,-0.6999999999999948,-0.2,-0.2,8.333333333333334,8.333333333333334,9.424699779772135,16.775919462796235,17.536075431501583,-0.0672691356009818,-0.019999999999997353,-0.2,-0.2,8.333333333333334,8.333333333333334
50,0.30000000000000004,False,0,4.0,0.8205309104731326,0.0,True,8.348520160474592,12.758503596194839,16.02603276260849,-1.7712691054073533,-1.8899999999999975,0.0,0.0,8.333333333333334,8.333333333333334,11.214992959671124,20.317903951563235,22.914396858110774,0.14525705820812274,-0.020000000000001572,-0.30000000000000004,-0.30000000000000004,8.333333333333334,8.333333333333334
50,0.4,False,0,4.0,0.5799437448744327,0.0,True,8.339354534008882,13.90301315822968,16.257609074307265,-1.8697411132065034,-1.880000000000006,0.0,0.0,8.333333333333334,8.333333333333334,13.303446650124434,27.89400536973675,27.884819751449232,0.0015382857770467329,-6.661338147750939e-16,-0.4,-0.4,8.333333333333334,8.333333333333334
50,0.5,False,0,4.0,0.8313357889982703,0.0,True,8.339122187162067,13.5607325558512,16.09313500467398,-1.8483237437754838,-1.85,0.0,0.0,8.333333333333334,8.333333333333334,13.88888888888889,31.45664578800545,32.22222222222225,0.10289952893222898,0.0,-0.5,-0.5,8.333333333333334,8.333333333333334
50,0.6000000000000001,False,0,4.0,0.5906321972059764,0.0,True,8.354934436897251,13.602740441481483,15.996640037892416,-1.8916975236517095,-1.8599999999999959,0.0,0.0,8.333333333333334,8.333333333333334,13.88888888888889,34.87771853862815,35.00000000000002,-0.03510201578756167,-0.019999999999999574,-0.6000000000000001,-0.6000000000000001,8.333333333333334,8.333333333333334
50,0.7000000000000001,False,0,4.0,0.6215445939284104,0.0,True,8.391666617364143,12.88154232312699,16.181799065870575,-1.7108822603963232,-1.899999999999999,0.0,0.0,8.333333333333334,8.333333333333334,13.88888888888889,32.96501970742772,37.22222222222222,0.04509144335351456,-0.009999999999999343,-0.7000000000000001,-0.7000000000000001,8.333333333333334,8.333333333333334
50,0.8,False,0,4.0,0.8938014988073765,0.0,True,8.441941193796856,11.887928385560809,16.087131165321107,-1.8680546535028173,-1.8799999999999994,0.0,0.0,8.333333333333334,8.333333333333334,13.88888888888889,37.282352243625425,38.888888888888886,0.34496192254741853,-2.220446049250313e-16,-0.8,-0.8,8.333333333333334,8.333333333333334
50,0.9,False,0,4.0,0.6548707392446019,0.0,True,8.379885721537082,12.797732508955374,16.21575824332508,-1.7328812840934817,-1.8900000000000028,0.0,0.0,8.333333333333334,8.333333333333334,13.88888888888889,39.03431441967473,40.0,0.21892489107359658,-0.02000000000000024,-0.9,-0.9,8.333333333333334,8.333333333333334
50,1.0,False,0,4.0,0.6881506467913253,0.0,True,8.372251784376136,12.481515475101428,15.919917188116283,-1.7238343137397605,-1.7999999999999998,0.0,0.0,8.333333333333334,8.333333333333334,13.88888888888889,40.38951968096387,41.1111111111111,-0.17307707372108805,0.0,-1.0,-1.0,8.333333333333334,8.333333333333334
50,1.1,False,0,4.0,0.7461131782550118,0.0,True,8.381463266721392,12.97121010338159,16.182666315499855,-1.8452415463163172,-1.8799999999999981,0.0,0.0,8.333333333333334,8.333333333333334,13.88888888888889,40.92359812242926,41.666666666666664,-0.1292572598542565,-0.0499999999999996,-1.1,-1.1,8.333333333333334,8.333333333333334
50,1.2000000000000002,False,0,4.0,0.6831167522596141,0.0,True,8.352137387966781,12.423166155563461,15.884169238951596,-1.8658637724132054,-1.7999999999999998,0.0,0.0,8.333333333333334,8.333333333333334,13.88888888888889,42.132150710002264,42.22222222222223,-0.16171661045101549,-0.07999999999999963,-1.2000000000000002,-1.2000000000000002,8.333333333333334,8.333333333333334
50,1.3,False,0,4.0,0.6898861280445582,0.0,True,8.35569704641828,12.256323532150713,16.42236207439755,-1.6258060246105996,-1.8899999999999997,0.0,0.0,8.333333333333334,8.333333333333334,13.88888888888889,40.30961818775113,42.77777777777777,0.3409811573404995,-0.09000000000000008,-1.3,-1.3,8.333333333333334,8.333333333333334
50,1.4000000000000001,False,0,4.0,0.7144948024579206,0.0,True,8.41583743114177,11.500805739455796,15.971305225789745,-1.8657915335539181,-1.8999999999999986,0.0,0.0,8.333333333333334,8.333333333333334,13.88888888888889,39.991442215640674,43.33333333333333,0.35789216183330286,-0.08000000000000007,-1.4000000000000001,-1.4000000000000001,8.333333333333334,8.333333333333334
50,1.5,False,0,4.0,0.5705910948649004,0.0,True,8.392103621021741,13.076559958149712,16.42109939348475,-1.7094456735071535,-1.7999999999999998,0.0,0.0,8.333333333333334,8.333333333333334,13.88888888888889,43.011040969749246,43.888888888888886,0.05134129471923221,-0.04999999999999982,-1.5,-1.5,8.333333333333334,8.333333333333334
50,1.6,False,0,4.0,0.5764371966495875,0.0,True,8.33829198236898,12.84959907919757,16.08282777789749,-1.8693341968452504,-1.879999999999999,0.0,0.0,8.333333333333334,8.333333333333334,13.88888888888889,43.0298317324009,43.888888888888886,-0.054430826616928885,-0.1599999999999997,-1.6,-1.6,8.333333333333334,8.333333333333334
50,1.7000000000000002,False,0,4.0,0.6552979077021531,0.0,True,8.48292641935489,11.467540447709393,16.39489825535828,-1.6634630117879456,-1.8300000000000005,0.0,0.0,8.333333333333334,8.333333333333334,13.88888888888889,41.96374015656255,44.444444444444436,0.6220350562150903,-0.09999999999999964,-1.7000000000000002,-1.7000000000000002,8.333333333333334,8.333333333333334
51,0.0,False,0,4.0,0.0,0.0,False,13.88888888888889,-2.3375902820568966,-4.044444444444781,1.395467709136193,1.6,0.0,0.0,8.333333333333334,8.333333333333334,,,,,,,,,
51,0.1,False,0,4.0,0.0,0.0,False,13.88888888888889,-4.1262987837850345,-4.044444444444781,0.5568395725765622,0.6000000000000019,-0.1,-0.1,8.333333333333334,8.333333333333334,13.88888888888889,29.614098844127636,29.844444444444104,0.01574116744113918,-0.00999999999999579,-0.1,-0.1,8.333333333333334,8.333333333333334
51,0.2,False,0,4.0,0.7155549263707224,0.0,True,8.432957091671078,12.869035089932748,16.370671079365575,-0.720549162940622,-0.6999999999999948,-0.2,-0.2,8.333333333333334,8.333333333333334,9.51040133605043,17.735708303237356,17.94486310711049,0.12341586372542945,-0.019999999999997353,-0.2,-0.2,8.333333333333334,8.333333333333334
51,0.30000000000000004,False,0,4.0,0.7163191450134829,0.0,True,8.401607591375104,12.3217603907548,16.43192249035823,-1.6134411779818267,-1.5800000000000054,-0.30000000000000004,-0.30000000000000004,8.333333333333334,8.333333333333334,11.520312515928326,19.89177547386721,23.200946166153923,0.1793963331639925,-0.020000000000001572,-0.30000000000000004,-0.30000000000000004,8.333333333333334,8.333333333333334
51,0.4,False,0,4.0,0.7097508911217568,0.0,True,8.339351212137506,12.63717281604205,16.10369253257262,-1.6430841483646512,-1.880000000000006,0.0,0.0,8.333333333333334,8.333333333333334,13.76238888888889,28.55560912606123,28.79042777777781,-0.1785519172626775,-6.661338147750939e-16,-0.4,-0.4,8.333333333333334,8.333333333333334
51,0.5,False,0,4.0,0.5565505141774428,0.0,True,8.379832527675257,12.174731065213148,16.325436196572365,-1.7887287921494295,-1.85,0.0,0.0,8.333333333333334,8.333333333333334,13.88888888888889,31.73183881541519,33.22222222222225,0.11005270208169415,0.0,-0.5,-0.5,8.333333333333334,8.333333333333334
51,0.6000000000000001,False,0,4.0,0.697630804267,0.0,True,8.440040222783379,12.117863101361575,15.945921673634285,-1.7753109411044121,-1.8599999999999959,0.0,0.0,8.333333333333334,8.333333333333334,13.88888888888889,36.07794268320159,36.00000000000002,-0.1550945574072431,-0.019999999999999574,-0.6000000000000001,-0.6000000000000001,8.333333333333334,8.333333333333334
51,0.7000000000000001,False,0,4.0,0.8561696149411068,0.0,True,8.446433104428317,12.835156140291655,16.25514935976174,-1.8309644084096433,-1.899999999999999,0.0,0.0,8.333333333333334,8.333333333333334,13.88888888888889,36.32947473495263,38.22222222222222,0.17639296011294325,-0.009999999999999343,-0.7000000000000001,-0.7000000000000001,8.333333333333334,8.333333333333334
51,0.8,False,0,4.0,0.6340046914157517,0.0,True,8.335479958854187,13.770170695117894,16.4367022966273,-1.5266165987780977,-1.8799999999999994,0.0,0.0,8.333333333333334,8.333333333333334,13.88888888888889,37.48049161635029,39.888888888888886,0.10727978850797593,-2.220446049250313e-16,-0.8,-0.8,8.333333333333334,8.333333333333334
51,0.9,False,0,4.0,0.8616606561807802,0.0,True,8.424274000288486,9.957671131904515,15.915615585361945,-1.624510782459247,-1.8900000000000028,0.0,0.0,8.333333333333334,8.333333333333334,13.88888888888889,39.178371326190785,41.0,0.10610844275598108,-0.02000000000000024,-0.9,-0.9,8.333333333333334,8.333333333333334
51,1.0,False,0,4.0,0.612900709782049,0.0,True,8.34077167055274,12.804426800235728,16.11600446605844,-1.6496215353194772,-1.7999999999999998,0.0,0.0,8.333333333333334,8.333333333333334,13.88888888888889,42.177639671840595,42.1111111111111,-0.03879961254559272,0.0,-1.0,-1.0,8.333333333333334,8.333333333333334
51,1.1,False,0,4.0,0.8431050950423702,0.0,True,8.46423394864275,11.641156700724945,15.864259397813964,-1.6297573070650844,-1.8799999999999981,0.0,0.0,8.333333333333334,8.333333333333334,13.88888888888889,41.62640098083825,42.666666666666664,-0.17629266436797875,-0.0499999999999996,-1.1,-1.1,8.333333333333334,8.333333333333334
51,1.2000000000000002,False,0,4.0,0.7268199142640384,0.0,True,8.370822177746227,13.139558095437987,16.54910152041273,-1.845510368564518,-1.7999999999999998,0.0,0.0,8.333333333333334,8.333333333333334,13.88888888888889,41.34756972091752,43.22222222222223,0.21254392226383523,-0.07999999999999963,-1.2000000000000002,-1.2000000000000002,8.333333333333334,8.333333333333334
51,1.3,False,0,4.0,1.0,0.0,True,8.450676325425727,12.5528562500328,16.04062671680553,-1.756507219649007,-1.8899999999999997,0.0,0.0,8.333333333333334,8.333333333333334,13.88888888888889,42.22976051657784,43.77777777777777,0.16695754928690576,-0.09000000000000008,-1.3,-1.3,8.333333333333334,8.333333333333334
51,1.4000000000000001,False,0,4.0,0.5838747286651575,0.0,True,8.41264947145202,12.772511109752951,16.15330794221971,-1.6658555608592522,-1.8999999999999986,0.0,0.0,8.333333333333334,8.333333333333334,13.88888888888889,42.82587402945316,44.33333333333333,0.2701172017400606,-0.08000000000000007,-1.4000000000000001,-1.4000000000000001,8.333333333333334,8.333333333333334
51,1.5,False,0,4.0,0.7386588646080909,0.0,True,8.499488666777596,12.1841210749493,16.231151473084676,-1.83423228516483,-1.7999999999999998,0.0,0.0,8.333333333333334,8.333333333333334,13.88888888888889,45.06913607389749,44.88888888888889,-0.12907357469399106,-0.04999999999999982,-1.5,-1.5,8.333333333333334,8.333333333333334
51,1.6,False,0,4.0,0.6872037335558234,0.0,True,8.342860696290177,13.588730580793975,16.372573121906964,-1.697330864610639,-1.879999999999999,0.0,0.0,8.333333333333334,8.333333333333334,13.88888888888889,43.32905978103003,44.88888888888889,0.26608113151393686,-0.1599999999999997,-1.6,-1.6,8.333333333333334,8.333333333333334
51,1.7000000000000002,False,0,4.0,0.6932360406306959,0.0,True,8.447095768176219,11.459238547468185,16.42139290259969,-1.8448033289572852,-1.8300000000000005,0.0,0.0,8.333333333333334,8.333333333333334,13.88888888888889,44.260687351879525,45.444444444444436,-0.005004283119147912,-0.09999999999999964,-1.7000000000000002,-1.7000000000000002,8.333333333333334,8.333333333333334
52,0.0,False,0,4.0,0.0,0.0,False,13.88888888888889,-3.6025568500248424,-4.11111111111079,1.7422638429916257,1.6,0.0,0.0,8.333333333333334,8.333333333333334,,,,,,,,,
52,0.1,False,0,4.0,0.0,0.0,False,13.88888888888889,-2.018075472105852,-4.11111111111079,0.6438834087796912,0.5900000000000021,-0.1,-0.1,8.333333333333334,8.333333333333334,13.88888888888889,29.671446647781448,28.844444444444104,0.022323860775904203,-0.00999999999999579,-0.1,-0.1,8.333333333333334,8.333333333333334
52,0.2,False,0,4.0,0.5746732195340908,0.0,True,8.44395107823793,12.445458377396914,15.90980415972042,-0.9596091332223449,-1.0399999999999938,-0.2,-0.2,8.333333333333334,8.333333333333334,9.52212712884594,17.85806475794868,18.013492775362504,-0.056677533412797354,-0.019999999999997353,-0.2,-0.2,8.333333333333334,8.333333333333334
52,0.30000000000000004,False,0,4.0,0.6737054721395838,0.0,True,8.37589723557118,13.435168050598474,15.600504010503112,-1.8477112166990899,-1.8899999999999975,0.0,0.0,8.333333333333334,8.333333333333334,11.463841142194868,21.555510869871508,23.813158317149043,0.03498802499427045,-0.020000000000001572,-0.30000000000000004,-0.30000000000000004,8.333333333333334,8.333333333333334
52,0.4,False,0,4.0,0.7299857542676705,0.0,True,8.342966986652753,12.13858149491342,16.3446887150544,-1.8086666228148964,-1.880000000000006,0.0,0.0,8.333333333333334,8.333333333333334,13.76238888888889,29.725874234743674,29.79042777777781,-0.11211959152955542,-6.661338147750939e-16,-0.4,-0.4,8.333333333333334,8.333333333333334
52,0.5,False,0,4.0,0.7087805998534097,0.0,True,8.396070400996843,12.29912751295576,16.579728124915857,-1.7768426359370242,-1.85,0.0,0.0,8.333333333333334,8.333333333333334,13.88888888888889,34.07797585320764,34.22222222222225,0.12200652634516018,0.0,-0.5,-0.5,8.333333333333334,8.333333333333334
52,0.6000000000000001,False,0,4.0,0.5517824552967509,0.0,True,8.37115470081795,12.167165872861045,16.312884451807843,-1.7898992145976045,-1.8599999999999959,0.0,0.0,8.333333333333334,8.333333333333334,13.88888888888889,37.08446554751766,37.00000000000002,-0.11294491271613372,-0.019999999999999574,-0.6000000000000001,-0.6000000000000001,8.333333333333334,8.333333333333334
52,0.7000000000000001,False,0,4.0,0.6871025683936219,0.0,True,8.347518426881901,12.8721732243941,16.026332676139116,-1.7380701228163877,-1.899999999999999,0.0,0.0,8.333333333333334,8.333333333333334,13.88888888888889,39.064516608858206,39.22222222222222,0.15799160972416626,-0.009999999999999343,-0.7000000000000001,-0.7000000000000001,8.333333333333334,8.333333333333334
52,0.8,False,0,4.0,0.8353187144463747,0.0,True,8.336760507068758,13.299010236603078,15.918114392161339,-1.8836225745466009,-1.8799999999999994,0.0,0.0,8.333333333333334,8.333333333333334,13.88888888888889,38.42985455249088,40.888888888888886,0.2419489800321939,-2.220446049250313e-16,-0.8,-0.8,8.333333333333334,8.333333333333334
52,0.9,False,0,4.0,0.6499483046823492,0.0,True,8.373224744884302,12.483761362840891,15.912107706721525,-1.7519731248051724,-1.8900000000000028,0.0,0.0,8.333333333333334,8.333333333333334,13.88888888888889,39.405417506452025,42.0,0.40421820493364535,-0.02000000000000024,-0.9,-0.9,8.333333333333334,8.333333333333334
52,1.0,False,0,4.0,0.7212681102506959,0.0,True,8.388168156358196,13.047112929587751,16.23281854863877,-1.692484228754447,-1.7999999999999998,0.0,0.0,8.333333333333334,8.333333333333334,13.88888888888889,43.11851238418659,43.1111111111111,-0.2896397357229401,0.0,-1.0,-1.0,8.333333333333334,8.333333333333334
52,1.1,False,0,4.0,0.6795876036242618,0.0,True,8.533504611705727,11.70849706386262,16.006763711829432,-1.8391051861231908,-1.8799999999999981,0.0,0.0,8.333333333333334,8.333333333333334,13.88888888888889,42.07022253080124,43.666666666666664,-0.1532250590497679,-0.0499999999999996,-1.1,-1.1,8.333333333333334,8.333333333333334
52,1.2000000000000002,False,0,4.0,0.5096128578498405,0.0,True,8.34547500963856,12.026123772395163,16.16284454708558,-1.8116978475172598,-1.7999999999999998,0.0,0.0,8.333333333333334,8.333333333333334,13.88888888888889,41.55669873221562,44.22222222222223,0.3049115037373653,-0.07999999999999963,-1.2000000000000002,-1.2000000000000002,8.333333333333334,8.333333333333334
52,1.3,False,0,4.0,0.768192782377356,0.0,True,8.3509361072462,13.30874022068566,15.801361936298587,-1.870378567893462,-1.8899999999999997,0.0,0.0,8.333333333333334,8.333333333333334,13.88888888888889,42.27448660092017,44.77777777777777,0.1418793999625909,-0.09000000000000008,-1.3,-1.3,8.333333333333334,8.333333333333334
52,1.4000000000000001,False,0,4.0,0.6282888288167225,0.0,True,8.391888081001317,12.459278083240644,16.484948073510406,-1.864503480434673,-1.8999999999999986,0.0,0.0,8.333333333333334,8.333333333333334,13.88888888888889,43.58760635479537,45.33333333333333,0.001924816145904673,-0.08000000000000007,-1.4000000000000001,-1.4000000000000001,8.333333333333334,8.333333333333334
52,1.5,False,0,4.0,0.7501787246152761,0.0,True,8.345252578827765,13.224087608723249,16.391338005494713,-1.8885460297285102,-1.7999999999999998,0.0,0.0,8.333333333333334,8.333333333333334,13.88888888888889,45.89397731916332,45.88888888888889,-0.10135944407877107,-0.04999999999999982,-1.5,-1.5,8.333333333333334,8.333333333333334
52,1.6,False,0,4.0,0.5757229166356267,0.0,True,8.367002140857545,11.23497575684284,16.285852124458142,-1.8303371063036722,-1.879999999999999,0.0,0.0,8.333333333333334,8.333333333333334,13.88888888888889,45.85642766097852,45.88888888888889,-0.20228572425201152,-0.1599999999999997,-1.6,-1.6,8.333333333333334,8.333333333333334
52,1.7000000000000002,False,0,4.0,0.9014278890075493,0.0,True,8.36997012541353,12.738623352689569,16.41633153932609,-1.7242918065200374,-1.8300000000000005,0.0,0.0,8.333333333333334,8.333333333333334,13.88888888888889,46.67757811248709,46.444444444444436,-0.07269931422878106,-0.09999999999999964,-1.7000000000000002,-1.7000000000000002,8.333333333333334,8.333333333333334
53,0.0,False,0,4.0,0.0,0.0,False,13.88888888888889,-3.4053078777398467,-4.222222222221876,1.7940114811867494,1.6,0.0,0.0,8.333333333333334,8.333333333333334,,,,,,,,,
53,0.1,False,0,4.0,0.0,0.0,False,13.88888888888889,-1.8353893196379714,-4.222222222221876,0.5864029751519668,0.5700000000000021,-0.1,-0.1,8.333333333333334,8.333333333333334,13.88888888888889,28.54786400220571,27.844444444444104,-0.08489543446257963,-0.00999999999999579,-0.1,-0.1,8.333333333333334,8.333333333333334
53,0.2,False,0,4.0,0.7498565358968428,0.0,True,8.340254053963479,13.025460013975145,16.369862328991655,-0.5323413855431212,-0.7599999999999949,-0.2,-0.2,8.333333333333334,8.333333333333334,9.680239411292034,18.053682389285836,18.321556003121213,-0.39196120803315804,-0.019999999999997353,-0.2,-0.2,8.333333333333334,8.333333333333334
53,0.30000000000000004,False,0,4.0,0.7605699931000809,0.0,True,8.345387781620065,13.607965832226153,15.830050005664855,-1.831138048494282,-1.8899999999999975,0.0,0.0,8.333333333333334,8.333333333333334,11.90387024973526,24.51750006040137,24.474927067826254,0.12251663476098651,-0.020000000000001572,-0.30000000000000004,-0.30000000000000004,8.333333333333334,8.333333333333334
53,0.4,False,0,4.0,0.6317139131216972,0.0,True,8.378694671437763,13.445780758498113,15.962611190748259,-1.8821366012340486,-1.880000000000006,0.0,0.0,8.333333333333334,8.333333333333334,13.88888888888889,30.58768328971526,30.777777777777818,0.21569163538140224,-6.661338147750939e-16,-0.4,-0.4,8.333333333333334,8.333333333333334
53,0.5,False,0,4.0,0.5085191799407002,0.0,True,8.368611682502575,11.95112484852977,16.107521549591365,-1.647241878476426,-1.85,0.0,0.0,8.333333333333334,8.333333333333334,13.88888888888889,32.954827273976456,35.22222222222225,0.2584193990860202,0.0,-0.5,-0.5,8.333333333333334,8.333333333333334
53,0.6000000000000001,False,0,4.0,0.5565693070212837,0.0,True,8.448530820954753,12.356304832885382,16.36477131867441,-1.8754069707484962,-1.8599999999999959,0.0,0.0,8.333333333333334,8.333333333333334,13.88888888888889,37.21302597957227,38.00000000000002,0.04535398714655425,-0.019999999999999574,-0.6000000000000001,-0.6000000000000001,8.333333333333334,8.333333333333334
53,0.7000000000000001,False,0,4.0,0.7625673838777334,0.0,True,8.374083056213125,13.060705215186129,15.89299257271237,-1.6491093352919552,-1.899999999999999,0.0,0.0,8.333333333333334,8.333333333333334,13.88888888888889,39.42499205534748,40.22222222222222,-0.08010521261705716,-0.009999999999999343,-0.7000000000000001,-0.7000000000000001,8.333333333333334,8.333333333333334
53,0.8,False,0,4.0,0.6502739380809341,0.0,True,8.437301696334867,11.7413113567744,15.994845601891551,-1.886249948422109,-1.8799999999999994,0.0,0.0,8.333333333333334,8.333333333333334,13.88888888888889,41.2047736064482,41.888888888888886,0.10598820304500522,-2.220446049250313e-16,-0.8,-0.8,8.333333333333334,8.333333333333334
53,0.9,False,0,4.0,0.6817923669998714,0.0,True,8.36447902551939,13.509495225082429,16.118848707763515,-1.6739517812266878,-1.8900000000000028,0.0,0.0,8.333333333333334,8.333333333333334,13.88888888888889,43.01695579022639,43.0,0.07506270442342045,-0.02000000000000024,-0.9,-0.9,8.333333333333334,8.333333333333334
53,1.0,False,0,4.0,0.8102159897995277,0.0,True,8.35079624037551,13.530096117405702,16.19429169599179,-1.8079416492602125,-1.7999999999999998,0.0,0.0,8.333333333333334,8.333333333333334,13.88888888888889,39.88288230874086,44.1111111111111,0.7465343004602971,0.0,-1.0,-1.0,8.333333333333334,8.333333333333334
53,1.1,False,0,4.0,0.6802759959499153,0.0,True,8.359818491317096,13.185277877566204,16.554905643208155,-1.7286682931317194,-1.8799999999999981,0.0,0.0,8.333333333333334,8.333333333333334,13.88888888888889,38.859662418997104,44.666666666666664,0.7298250617957742,-0.0499999999999996,-1.1,-1.1,8.333333333333334,8.333333333333334
53,1.2000000000000002,False,0,4.0,0.6583911583898182,0.0,True,8.355009447840017,13.236765060385476,15.95225444912695,-1.689560936315432,-1.7999999999999998,0.0,0.0,8.333333333333334,8.333333333333334,13.88888888888889,45.142469725137175,45.22222222222223,0.03389678878956426,-0.07999999999999963,-1.2000000000000002,-1.2000000000000002,8.333333333333334,8.333333333333334
53,1.3,False,0,4.0,0.6779693600793137,0.0,True,8.369485264925505,11.956417986794872,16.18976745139373,-1.814561210201047,-1.8899999999999997,0.0,0.0,8.333333333333334,8.333333333333334,13.88888888888889,43.82852261619094,45.77777777777777,0.21069945969301695,-0.09000000000000008,-1.3,-1.3,8.333333333333334,8.333333333333334
53,1.4000000000000001,False,0,4.0,0.6677692780520679,0.0,True,8.363124001087277,13.545349577332455,15.905122342523821,-1.7410706301403942,-1.8999999999999986,0.0,0.0,8.333333333333334,8.333333333333334,13.88888888888889,46.231150220414875,46.33333333333333,0.031515604822623056,-0.08000000000000007,-1.4000000000000001,-1.4000000000000001,8.333333333333334,8.333333333333334
53,1.5,False,0,4.0,0.6988854104649004,0.0,True,8.382976238500257,13.279059021882869,16.06446118483917,-1.5367961463358715,-1.7999999999999998,0.0,0.0,8.333333333333334,8.333333333333334,13.88888888888889,46.844611517110415,46.88888888888889,-0.06639015172279383,-0.04999999999999982,-1.5,-1.5,8.333333333333334,8.333333333333334
53,1.6,False,0,4.0,0.7015280126667965,0.0,True,8.343589642216605,13.45124893268827,16.068747515833063,-1.8909464137846583,-1.879999999999999,0.0,0.0,8.333333333333334,8.333333333333334,13.88888888888889,46.94998527234363,46.88888888888889,-0.09180221624036,-0.1599999999999997,-1.6,-1.6,8.333333333333334,8.333333333333334
53,1.7000000000000002,False,0,4.0,0.622815733908173,0.0,True,8.461781509161165,12.596500192493817,15.928712292636913,-1.7390731222618372,-1.8300000000000005,0.0,0.0,8.333333333333334,8.333333333333334,13.88888888888889,45.82808628336665,47.444444444444436,0.16747459253908348,-0.09999999999999964,-1.7000000000000002,-1.7000000000000002,8.333333333333334,8.333333333333334
54,0.0,False,0,4.0,0.0,0.0,False,13.88888888888889,-3.0741916859278033,-4.266666666667038,2.0414040909749387,1.6,0.0,0.0,8.333333333333334,8.333333333333334,,,,,,,,,
54,0.1,False,0,4.0,0.0,0.0,False,13.88888888888889,-3.477804336652002,-4.266666666667038,0.5697603206988142,0.550000000000002,-0.1,-0.1,8.333333333333334,8.333333333333334,13.88888888888889,26.888384820592716,26.844444444444104,-0.22553470930589303,-0.00999999999999579,-0.1,-0.1,8.333333333333334,8.333333333333334
54,0.2,False,0,4.0,0.6063258240429144,0.0,True,8.436966895025055,12.610918558191837,16.128407625268135,-0.7686894058812188,-0.8599999999999945,-0.2,-0.2,8.333333333333334,8.333333333333334,9.716220333874235,18.61061896992612,18.709588502769446,0.140188498091113,-0.019999999999997353,-0.2,-0.2,8.333333333333334,8.333333333333334
54,0.30000000000000004,False,0,4.0,0.7249006498235915,0.0,True,8.352236260161584,12.685001644626322,16.16399443167735,-1.8147470139121191,-1.8899999999999975,0.0,0.0,8.333333333333334,8.333333333333334,12.129874695466961,24.1237562100775,25.004917500372567,-0.506000864067464,-0.020000000000001572,-0.30000000000000004,-0.30000000000000004,8.333333333333334,8.333333333333334
54,0.4,False,0,4.0,0.6841710837554491,0.0,True,8.396624289593683,12.527010672563375,15.952332501542212,-1.7712789556467834,-1.880000000000006,0.0,0.0,8.333333333333334,8.333333333333334,13.88888888888889,31.81442959412529,31.777777777777818,-0.013805825486089773,-6.661338147750939e-16,-0.4,-0.4,8.333333333333334,8.333333333333334
54,0.5,False,0,4.0,0.737595113882514,0.0,True,8.376748952649233,13.079727065796117,15.657800152798739,-1.848407087801979,-1.85,0.0,0.0,8.333333333333334,8.333333333333334,13.88888888888889,36.087107658370094,36.22222222222225,-0.009558434241330627,0.0,-0.5,-0.5,8.333333333333334,8.333333333333334
54,0.6000000000000001,False,0,4.0,0.6684206013204167,0.0,True,8.430605888940121,12.757105252091701,16.122678643711946,-1.867706313113625,-1.8599999999999959,0.0,0.0,8.333333333333334,8.333333333333334,13.88888888888889,38.11934832499998,39.00000000000002,0.0015064956316119815,-0.019999999999999574,-0.6000000000000001,-0.6000000000000001,8.333333333333334,8.333333333333334
54,0.7000000000000001,False,0,4.0,0.7942817246169366,0.0,True,8.33814630033176,13.64102107251777,16.30034924464685,-1.839511272090611,-1.899999999999999,0.0,0.0,8.333333333333334,8.333333333333334,13.88888888888889,40.17939574337952,41.22222222222222,0.15553123526291346,-0.009999999999999343,-0.7000000000000001,-0.7000000000000001,8.333333333333334,8.333333333333334
54,0.8,False,0,4.0,0.7968378118223768,0.0,True,8.336162275932365,13.242164899830083,16.402604387147715,-1.638625244842018,-1.8799999999999994,0.0,0.0,8.333333333333334,8.333333333333334,13.88888888888889,43.03726150563185,42.888888888888886,0.016134578458931292,-2.220446049250313e-16,-0.8,-0.8,8.333333333333334,8.333333333333334
54,0.9,False,0,4.0,0.6188092423455747,0.0,True,8.354743430967524,13.044003456204262,16.36664464482983,-1.6609017200104526,-1.8900000000000028,0.0,0.0,8.333333333333334,8.333333333333334,13.88888888888889,43.17199848171222,44.0,-0.019041181996968026,-0.02000000000000024,-0.9,-0.9,8.333333333333334,8.333333333333334
54,1.0,False,0,4.0,0.5555744005204009,0.0,True,8.366657594811777,13.251164450184756,16.447062372724798,-1.8422125519311396,-1.7999999999999998,0.0,0.0,8.333333333333334,8.333333333333334,13.88888888888889,44.99010648487028,45.1111111111111,0.330176337789847,0.0,-1.0,-1.0,8.333333333333334,8.333333333333334
54,1.1,False,0,4.0,0.601290136574806,0.0,True,8.442117409771607,12.509370202688427,15.777720511972557,-1.5787486584781645,-1.8799999999999981,0.0,0.0,8.333333333333334,8.333333333333334,13.88888888888889,43.4484129516462,45.666666666666664,0.2810063902347597,-0.0499999999999996,-1.1,-1.1,8.333333333333334,8.333333333333334
54,1.2000000000000002,False,0,4.0,0.5798402582398907,0.0,True,8.365394354434407,13.541469952667239,15.917269009855044,-1.7643773844385529,-1.7999999999999998,0.0,0.0,8.333333333333334,8.333333333333334,13.88888888888889,44.50101179132062,46.22222222222223,-0.07161980332629447,-0.07999999999999963,-1.2000000000000002,-1.2000000000000002,8.333333333333334,8.333333333333334
54,1.3,False,0,4.0,0.6663145244063846,0.0,True,8.367307147923498,13.06825436952725,16.410476767121633,-1.7555642851531303,-1.8899999999999997,0.0,0.0,8.333333333333334,8.333333333333334,13.88888888888889,44.28085292797937,46.77777777777777,0.37408303716778857,-0.09000000000000008,-1.3,-1.3,8.333333333333334,8.333333333333334
54,1.4000000000000001,False,0,4.0,0.5970733089678757,0.0,True,8.367106871019136,12.982121509748804,16.270431473737897,-1.8454967778409517,-1.8999999999999986,0.0,0.0,8.333333333333334,8.333333333333334,13.88888888888889,46.39866962040915,47.33333333333333,0.005939984265835863,-0.08000000000000007,-1.4000000000000001,-1.4000000000000001,8.333333333333334,8.333333333333334
54,1.5,False,0,4.0,0.6396175403012071,0.0,True,8.347305507784123,13.328922496960399,16.062499022069698,-1.8802923023804055,-1.7999999999999998,0.0,0.0,8.333333333333334,8.333333333333334,13.88888888888889,47.888435668723496,47.88888888888889,0.08592616013676091,-0.04999999999999982,-1.5,-1.5,8.333333333333334,8.333333333333334
54,1.6,False,0,4.0,0.6024316218268558,0.0,True,8.427654443601304,13.03556383198487,16.181989866829138,-1.8547120447846415,-1.879999999999999,0.0,0.0,8.333333333333334,8.333333333333334,13.88888888888889,47.41094361904522,47.88888888888889,-0.07408547336961258,-0.1599999999999997,-1.6,-1.6,8.333333333333334,8.333333333333334
54,1.7000000000000002,False,0,4.0,0.7615431592373298,0.0,True,8.339465549177334,13.719312151290335,16.15723071063415,-1.8029095938611641,-1.8300000000000005,0.0,0.0,8.333333333333334,8.333333333333334,13.88888888888889,47.485157088391,48.444444444444436,0.06013510762343355,-0.09999999999999964,-1.7000000000000002,-1.7000000000000002,8.333333333333334,8.333333333333334
55,0.0,False,0,4.0,0.0,0.0,False,13.88888888888889,-3.313517452744054,-4.155555555555924,1.6379981087908142,1.6,0.0,0.0,8.333333333333334,8.333333333333334,,,,,,,,,
55,0.1,False,0,4.0,0.0,0.0,False,13.88888888888889,-3.5682017895349984,-4.155555555555924,0.6369064136048412,0.5300000000000025,-0.1,-0.1,8.333333333333334,8.333333333333334,13.88888888888889,26.71983547240215,25.844444444444104,0.11551139059729332,-0.00999999999999579,-0.1,-0.1,8.333333333333334,8.333333333333334
55,0.2,False,0,4.0,0.7095165836101106,0.0,True,8.405399130964593,12.09331977077984,16.176422148664198,-0.8133124355538728,-0.9999999999999938,-0.2,-0.2,8.333333333333334,8.333333333333334,9.867645153908589,15.624025104570745,18.899961981285525,0.19258741346107255,-0.019999999999997353,-0.2,-0.2,8.333333333333334,8.333333333333334
55,0.30000000000000004,False,0,4.0,0.8648435985431656,0.0,True,8.374001821087983,12.463421499897162,15.938753716276505,-1.7918768579274198,-1.8899999999999975,0.0,0.0,8.333333333333334,8.333333333333334,12.388766573807995,25.66352867419918,25.81427321441738,0.03826547926606505,-0.020000000000001572,-0.30000000000000004,-0.30000000000000004,8.333333333333334,8.333333333333334
55,0.4,False,0,4.0,0.7329011682966624,0.0,True,8.354824597586152,13.388882649021053,16.06544983377388,-1.794926255093905,-1.880000000000006,0.0,0.0,8.333333333333334,8.333333333333334,13.88888888888889,32.50210183458565,32.77777777777782,0.05450234508711316,-6.661338147750939e-16,-0.4,-0.4,8.333333333333334,8.333333333333334
55,0.5,False,0,4.0,0.6492037850903577,0.0,True,8.357505014834965,13.317739606242906,16.45761438498148,-1.8889621072076985,-1.85,0.0,0.0,8.333333333333334,8.333333333333334,13.88888888888889,33.93803968263193,37.22222222222225,0.1553446017336899,0.0,-0.5,-0.5,8.333333333333334,8.333333333333334
55,0.6000000000000001,False,0,4.0,0.8167359697644854,0.0,True,8.353441624569328,13.626404742119728,16.135657240855732,-1.8695057476292667,-1.8599999999999959,0.0,0.0,8.333333333333334,8.333333333333334,13.88888888888889,38.97977410545004,40.00000000000002,0.3526512082709874,-0.019999999999999574,-0.6000000000000001,-0.6000000000000001,8.333333333333334,8.333333333333334
55,0.7000000000000001,False,0,4.0,0.6123350852778902,0.0,True,8.39521208526213,13.209031718401985,16.61967597324094,-1.642006790691983,-1.899999999999999,0.0,0.0,8.333333333333334,8.333333333333334,13.88888888888889,41.42491801047746,42.22222222222222,0.16299011182266065,-0.009999999999999343,-0.7000000000000001,-0.7000000000000001,8.333333333333334,8.333333333333334
55,0.8,False,0,4.0,0.8555191752074393,0.0,True,8.35423692932408,13.580806573977622,16.874800710043456,-1.7777777065839868,-1.8799999999999994,0.0,0.0,8.333333333333334,8.333333333333334,13.88888888888889,41.462595893224744,43.888888888888886,0.46226135172451555,-2.220446049250313e-16,-0.8,-0.8,8.333333333333334,8.333333333333334
55,0.9,False,0,4.0,0.554510407105676,0.0,True,8.349009850794351,12.768442976983447,16.455336755484705,-1.889364505774901,-1.8900000000000028,0.0,0.0,8.333333333333334,8.333333333333334,13.88888888888889,44.25056816868414,45.0,0.056339206978553324,-0.02000000000000024,-0.9,-0.9,8.333333333333334,8.333333333333334
55,1.0,False,0,4.0,0.703475237195299,0.0,True,8.357217618483343,13.045286096074914,16.028423903990255,-1.6281054354193607,-1.7999999999999998,0.0,0.0,8.333333333333334,8.333333333333334,13.88888888888889,46.24341924761052,46.1111111111111,-0.14041457454360828,0.0,-1.0,-1.0,8.333333333333334,8.333333333333334
55,1.1,False,0,4.0,0.7280085835902297,0.0,True,8.368774352076635,13.533901708475053,16.15745675597945,-1.8831770086915072,-1.8799999999999981,0.0,0.0,8.333333333333334,8.333333333333334,13.88888888888889,45.06434977995125,46.666666666666664,0.11502093584906259,-0.0499999999999996,-1.1,-1.1,8.333333333333334,8.333333333333334
55,1.2000000000000002,False,0,4.0,0.7114482652131794,0.0,True,8.37439393633467,11.598903905034387,15.887947063408074,-1.564403268573265,-1.7999999999999998,0.0,0.0,8.333333333333334,8.333333333333334,13.88888888888889,47.32728924462637,47.22222222222223,0.028213911145480663,-0.07999999999999963,-1.2000000000000002,-1.2000000000000002,8.333333333333334,8.333333333333334
55,1.3,False,0,4.0,0.8550158888041398,0.0,True,8.41683272923474,11.125648165120605,16.10057689976814,-1.763815525521761,-1.8899999999999997,0.0,0.0,8.333333333333334,8.333333333333334,13.88888888888889,47.7414770410455,47.77777777777777,0.06942386915881049,-0.09000000000000008,-1.3,-1.3,8.333333333333334,8.333333333333334
55,1.4000000000000001,False,0,4.0,0.6546073060812646,0.0,True,8.489245154651616,11.69966404634199,15.995601440719366,-1.7314952752980304,-1.8999999999999986,0.0,0.0,8.333333333333334,8.333333333333334,13.88888888888889,47.122245142945204,48.33333333333333,0.10690568638357023,-0.08000000000000007,-1.4000000000000001,-1.4000000000000001,8.333333333333334,8.333333333333334
55,1.5,False,0,4.0,0.6195747566119693,0.0,True,8.409860478199176,13.14352470818714,15.772942312213313,-1.7251056670310752,-1.7999999999999998,0.0,0.0,8.333333333333334,8.333333333333334,13.88888888888889,46.63983212996984,48.88888888888889,0.6588371989204465,-0.04999999999999982,-1.5,-1.5,8.333333333333334,8.333333333333334
55,1.6,False,0,4.0,0.7008396102820899,0.0,True,8.39468223996224,12.272462919854956,16.30569410016768,-1.8996799579147199,-1.879999999999999,0.0,0.0,8.333333333333334,8.333333333333334,13.88888888888889,47.356667831356724,48.88888888888889,0.09497900746349042,-0.1599999999999997,-1.6,-1.6,8.333333333333334,8.333333333333334
55,1.7000000000000002,False,0,4.0,0.692980612563788,0.0,True,8.495767931223844,11.571643080217694,16.4044654592068,-1.8740085026755045,-1.8300000000000005,0.0,0.0,8.333333333333334,8.333333333333334,13.88888888888889,48.571810217870116,49.444444444444436,0.1344345338279478,-0.09999999999999964,-1.7000000000000002,-1.7000000000000002,8.333333333333334,8.333333333333334
56,0.0,False,0,4.0,0.0,0.0,False,13.88888888888889,-4.130025077664885,-4.044444444444809,1.6090880069345683,1.6,0.0,0.0,8.333333333333334,8.333333333333334,,,,,,,,,
56,0.1,False,0,4.0,0.0,0.0,False,13.88888888888889,-3.2450244670262007,-4.044444444444809,0.5986011692038087,0.5100000000000025,-0.1,-0.1,8.333333333333334,8.333333333333334,13.88888888888889,25.378997258351017,24.844444444444104,0.08069737453864256,-0.00999999999999579,-0.1,-0.1,8.333333333333334,8.333333333333334
56,0.2,False,0,4.0,0.7601104219280035,0.0,True,8.344595196952627,13.561433923234727,16.041288994314566,-1.0704306596436763,-0.9599999999999942,-0.2,-0.2,8.333333333333334,8.333333333333334,9.9411628207351,18.08537333723798,18.87304864586005,-0.048561156417968876,-0.019999999999997353,-0.2,-0.2,8.333333333333334,8.333333333333334
56,0.30000000000000004,False,0,4.0,0.6201364195145774,0.0,True,8.398345593062002,12.974489665558092,16.011505358937892,-1.8781346368480187,-1.8899999999999975,0.0,0.0,8.333333333333334,8.333333333333334,12.616929826860371,26.65366921702839,26.600287764775626,-0.08167126913348066,-0.020000000000001572,-0.30000000000000004,-0.30000000000000004,8.333333333333334,8.333333333333334
56,0.4,False,0,4.0,0.6477963567717,0.0,True,8.334529971013046,13.570326786755839,16.18451896503522,-1.830865950282537,-1.880000000000006,0.0,0.0,8.333333333333334,8.333333333333334,13.88888888888889,31.378331706476775,33.77777777777782,0.1489862832890041,-6.661338147750939e-16,-0.4,-0.4,8.333333333333334,8.333333333333334
56,0.5,False,0,4.0,0.6911669292511404,0.0,True,8.343746603202892,13.17048534183969,15.835701523907215,-1.662608833893301,-1.85,0.0,0.0,8.333333333333334,8.333333333333334,13.88888888888889,37.3176606798364,38.22222222222225,0.24795342683219168,0.0,-0.5,-0.5,8.333333333333334,8.333333333333334
56,0.6000000000000001,False,0,4.0,0.7610440013484536,0.0,True,8.335482563046606,13.445153153962348,16.738277503481992,-1.7753246798518918,-1.8599999999999959,0.0,0.0,8.333333333333334,8.333333333333334,13.88888888888889,40.82772741827936,41.00000000000002,-0.25153864237727985,-0.019999999999999574,-0.6000000000000001,-0.6000000000000001,8.333333333333334,8.333333333333334
56,0.7000000000000001,False,0,4.0,0.633645700379071,0.0,True,8.423966624713689,12.991247426364719,16.200318697142546,-1.7416912946593373,-1.899999999999999,0.0,0.0,8.333333333333334,8.333333333333334,13.88888888888889,41.53322851867075,43.22222222222222,0.27844616766514996,-0.009999999999999343,-0.7000000000000001,-0.7000000000000001,8.333333333333334,8.333333333333334
56,0.8,False,0,4.0,0.7193522148782028,0.0,True,8.340582736098996,13.669774766607286,16.1915719993069,-1.7728374387553356,-1.8799999999999994,0.0,0.0,8.333333333333334,8.333333333333334,13.88888888888889,42.15190959526518,44.888888888888886,0.5433511261100712,-2.220446049250313e-16,-0.8,-0.8,8.333333333333334,8.333333333333334
56,0.9,False,0,4.0,0.7401128376624128,0.0,True,8.349641797256236,13.005771101586884,16.448093959459595,-1.5158373131503562,-1.8900000000000028,0.0,0.0,8.333333333333334,8.333333333333334,13.88888888888889,44.45917606757472,46.0,0.3367366534818008,-0.02000000000000024,-0.9,-0.9,8.333333333333334,8.333333333333334
56,1.0,False,0,4.0,0.6800673008955535,0.0,True,8.352088490853907,13.635009575515266,16.46343623634227,-1.847969726332972,-1.7999999999999998,0.0,0.0,8.333333333333334,8.333333333333334,13.88888888888889,46.96459169111729,47.1111111111111,-0.15240666451151608,0.0,-1.0,-1.0,8.333333333333334,8.333333333333334
56,1.1,False,0,4.0,0.6762993202306407,0.0,True,8.38333003880378,12.560094594521399,16.16561772442854,-1.8499531135331526,-1.8799999999999981,0.0,0.0,8.333333333333334,8.333333333333334,13.88888888888889,46.81669394304074,47.666666666666664,0.007918884042964258,-0.0499999999999996,-1.1,-1.1,8.333333333333334,8.333333333333334
56,1.2000000000000002,False,0,4.0,0.6571302241753605,0.0,True,8.386803588979271,13.224783177578825,15.860201755428658,-1.5243999843855982,-1.7999999999999998,0.0,0.0,8.333333333333334,8.333333333333334,13.88888888888889,48.10118414338278,48.22222222222223,0.10419744304058565,-0.07999999999999963,-1.2000000000000002,-1.2000000000000002,8.333333333333334,8.333333333333334
56,1.3,False,0,4.0,0.7422613156545967,0.0,True,8.377821010231346,13.524948892417864,16.23983919592059,-1.8810668166947222,-1.8899999999999997,0.0,0.0,8.333333333333334,8.333333333333334,13.88888888888889,46.901232355858525,48.77777777777777,-0.06360129605180664,-0.09000000000000008,-1.3,-1.3,8.333333333333334,8.333333333333334
56,1.4000000000000001,False,0,4.0,0.6828857147220834,0.0,True,8.35752247439044,13.62029777397002,16.22546407702178,-1.681901161549169,-1.8999999999999986,0.0,0.0,8.333333333333334,8.333333333333334,13.88888888888889,47.775749666956486,49.33333333333333,0.1847602868494138,-0.08000000000000007,-1.4000000000000001,-1.4000000000000001,8.333333333333334,8.333333333333334
56,1.5,False,0,4.0,0.6736193861161581,0.0,True,8.35938042613236,13.294280037351438,16.413760846948247,-1.5764751898334017,-1.7999999999999998,0.0,0.0,8.333333333333334,8.333333333333334,13.88888888888889,49.10163135499878,49.88888888888889,0.41121333555812445,-0.04999999999999982,-1.5,-1.5,8.333333333333334,8.333333333333334
56,1.6,False,0,4.0,0.6615428073131111,0.0,True,8.374072985898813,12.61312464634663,15.919617741555424,-1.7494178968973642,-1.879999999999999,0.0,0.0,8.333333333333334,8.333333333333334,13.88888888888889,49.90796381790775,49.88888888888889,-0.19816247535259301,-0.1599999999999997,-1.6,-1.6,8.333333333333334,8.333333333333334
56,1.7000000000000002,False,0,4.0,0.5022911435179396,0.0,True,8.372188691474646,12.112718156782176,16.44021984430149,-1.8245053329617558,-1.8300000000000005,0.0,0.0,8.333333333333334,8.333333333333334,13.88888888888889,49.57471111600207,50.444444444444436,-0.22394416339388545,-0.09999999999999964,-1.7000000000000002,-1.7000000000000002,8.333333333333334,8.333333333333334
57,0.0,False,0,4.0,0.0,0.0,False,13.88888888888889,-2.8012448908647682,-4.111111111110705,1.7345647407919143,1.6,0.0,0.0,8.333333333333334,8.333333333333334,,,,,,,,,
57,0.1,False,0,4.0,1.0,0.5961578534192543,True,13.88888888888889,-2.98663663097783,-4.111111111110705,0.30219812756104547,0.5000000000000022,-0.1,-0.1,8.333333333333334,8.333333333333334,13.88888888888889,25.669020686188713,23.844444444444104,0.15265716439341181,-0.00999999999999579,-0.1,-0.1,8.333333333333334,8.333333333333334
57,0.2,False,0,4.0,0.5919766065634409,0.0,True,8.357952093034694,12.255070417001274,16.053724671798147,-0.9967335093918379,-0.9399999999999942,-0.2,-0.2,8.333333333333334,8.333333333333334,9.917304685516493,19.4848609337818,19.436695164913413,0.07562351562061154,-0.019999999999997353,-0.2,-0.2,8.333333333333334,8.333333333333334
57,0.30000000000000004,False,0,4.0,0.7550293889192431,0.0,True,8.360470920937482,12.559892281258254,16.11981748968888,-1.757686312811616,-1.8899999999999975,0.0,0.0,8.333333333333334,8.333333333333334,13.202008803084178,26.115292850724554,27.17289340121314,0.0955106438299631,-0.020000000000001572,-0.30000000000000004,-0.30000000000000004,8.333333333333334,8.333333333333334
57,0.4,False,0,4.0,0.6321598564220363,0.0,True,8.365483260097323,11.720097978009601,15.827211937218618,-1.824540879353929,-1.880000000000006,0.0,0.0,8.333333333333334,8.333333333333334,13.88888888888889,33.915150436693985,34.77777777777782,0.20321245567517554,-6.661338147750939e-16,-0.4,-0.4,8.333333333333334,8.333333333333334
57,0.5,False,0,4.0,0.625228812929319,0.0,True,8.418836537708843,13.035701780644853,16.229289436237888,-1.726128710692777,-1.85,0.0,0.0,8.333333333333334,8.333333333333334,13.88888888888889,38.66832733592248,39.22222222222225,0.15849568296109195,0.0,-0.5,-0.5,8.333333333333334,8.333333333333334
57,0.6000000000000001,False,0,4.0,0.8763746482242445,0.0,True,8.34379173045113,13.746796407945833,16.06085840910215,-1.853241789046971,-1.8599999999999959,0.0,0.0,8.333333333333334,8.333333333333334,13.88888888888889,40.36102084716011,42.00000000000002,-0.08466260435795103,-0.019999999999999574,-0.6000000000000001,-0.6000000000000001,8.333333333333334,8.333333333333334
57,0.7000000000000001,False,0,4.0,0.8016052144801332,0.0,True,8.39439718345999,11.902454608127027,16.238795893759356,-1.7503308103926596,-1.899999999999999,0.0,0.0,8.333333333333334,8.333333333333334,13.88888888888889,42.38608181919181,44.22222222222222,0.33406729320444617,-0.009999999999999343,-0.7000000000000001,-0.7000000000000001,8.333333333333334,8.333333333333334
57,0.8,False,0,4.0,0.736866030677534,0.0,True,8.353880057333248,12.907487490709752,16.220540605172754,-1.8035881363824116,-1.8799999999999994,0.0,0.0,8.333333333333334,8.333333333333334,13.88888888888889,45.06793068413165,45.888888888888886,0.1014602303369676,-2.220446049250313e-16,-0.8,-0.8,8.333333333333334,8.333333333333334
57,0.9,False,0,4.0,0.6946702359244953,0.0,True,8.351995620573469,13.553211118398234,16.19401078453394,-1.8168644494039052,-1.8900000000000028,0.0,0.0,8.333333333333334,8.333333333333334,13.88888888888889,46.98294715975038,47.0,-0.245070084266092,-0.02000000000000024,-0.9,-0.9,8.333333333333334,8.333333333333334
57,1.0,False,0,4.0,0.8181856640686214,0.0,True,8.394997201956581,12.591718608629929,16.049674386290956,-1.8000506584137907,-1.7999999999999998,0.0,0.0,8.333333333333334,8.333333333333334,13.88888888888889,47.40148247025465,48.1111111111111,0.16129273362761953,0.0,-1.0,-1.0,8.333333333333334,8.333333333333334
57,1.1,False,0,4.0,0.5969680441325633,0.0,True,8.3400968833792,12.81148169381218,16.16994474588979,-1.6844533752330975,-1.8799999999999981,0.0,0.0,8.333333333333334,8.333333333333334,13.88888888888889,45.92385456754767,48.666666666666664,0.09230880912951434,-0.0499999999999996,-1.1,-1.1,8.333333333333334,8.333333333333334
57,1.2000000000000002,False,0,4.0,0.7659952996362454,0.0,True,8.44587831420395,12.61325015168337,16.106548120594606,-1.8834103461570695,-1.7999999999999998,0.0,0.0,8.333333333333334,8.333333333333334,13.88888888888889,47.36942124365727,49.22222222222223,0.2911681996011084,-0.07999999999999963,-1.2000000000000002,-1.2000000000000002,8.333333333333334,8.333333333333334
57,1.3,False,0,4.0,0.7027072836124211,0.0,True,8.3563364382377,12.884737252128229,16.075691718451207,-1.7874421483748124,-1.8899999999999997,0.0,0.0,8.333333333333334,8.333333333333334,13.88888888888889,48.97535835259913,49.77777777777777,0.07091128776636357,-0.09000000000000008,-1.3,-1.3,8.333333333333334,8.333333333333334
57,1.4000000000000001,False,0,4.0,0.5960663306312567,0.0,True,8.339770163441077,13.782616860954118,15.731970722235115,-1.7776457361116407,-1.8999999999999986,0.0,0.0,8.333333333333334,8.333333333333334,13.88888888888889,46.95982977749544,50.33333333333333,0.3356027391746168,-0.08000000000000007,-1.4000000000000001,-1.4000000000000001,8.333333333333334,8.333333333333334
57,1.5,False,0,4.0,0.6526685533959149,0.0,True,8.34709736655112,13.400742659948559,15.85875540378721,-1.872456841279083,-1.7999999999999998,0.0,0.0,8.333333333333334,8.333333333333334,13.88888888888889,50.86122306267266,50.88888888888889,-0.2618557571862592,-0.04999999999999982,-1.5,-1.5,8.333333333333334,8.333333333333334
57,1.6,False,0,4.0,0.703254740308123,0.0,True,8.374917737964676,12.444633509895606,16.370002060311077,-1.70245808871589,-1.879999999999999,0.0,0.0,8.333333333333334,8.333333333333334,13.88888888888889,50.90951652300368,50.88888888888889,-0.36062533402970853,-0.1599999999999997,-1.6,-1.6,8.333333333333334,8.333333333333334
57,1.7000000000000002,False,0,4.0,0.6095276872793165,0.0,True,8.367110685211326,12.712803246111559,16.000287752097204,-1.7655720939680677,-1.8300000000000005,0.0,0.0,8.333333333333334,8.333333333333334,13.88888888888889,49.68402131678835,51.444444444444436,0.2380965520731939,-0.09999999999999964,-1.7000000000000002,-1.7000000000000002,8.333333333333334,8.333333333333334
58,0.0,False,0,4.0,0.0,0.0,False,13.88888888888889,-4.157639491419661,-4.222222222221819,1.5256172443478335,1.6,0.0,0.0,8.333333333333334,8.333333333333334,,,,,,,,,
58,0.1,False,0,4.0,0.0,0.0,False,13.88888888888889,-3.5780409684631307,-4.222222222221819,0.27455759835245175,0.48000000000000265,-0.1,-0.1,8.333333333333334,8.333333333333334,13.88888888888889,23.49005384140433,22.844444444444104,0.12978657915883707,-0.00999999999999579,-0.1,-0.1,8.333333333333334,8.333333333333334
58,0.2,False,0,4.0,0.8684237210927717,0.0,True,8.334256891024886,13.56666536528392,16.18704244364117,-0.5899835222663348,-0.8799999999999941,-0.2,-0.2,8.333333333333334,8.333333333333334,10.229271066125193,18.354289060464264,19.79832693171708,0.2547421594875505,-0.019999999999997353,-0.2,-0.2,8.333333333333334,8.333333333333334
58,0.30000000000000004,False,0,4.0,0.5731197037694787,0.0,True,8.361537966688845,11.234434342187154,16.030769744483546,-1.7947937255581787,-1.8899999999999975,0.0,0.0,8.333333333333334,8.333333333333334,13.346286077304478,28.125047253229805,28.13438301445444,0.02974353899324056,-0.020000000000001572,-0.30000000000000004,-0.30000000000000004,8.333333333333334,8.333333333333334
58,0.4,False,0,4.0,0.7347706134020947,0.0,True,8.343034469192062,13.56279424357221,16.08985761753196,-1.886641379383952,-1.880000000000006,0.0,0.0,8.333333333333334,8.333333333333334,13.88888888888889,34.629446616390474,35.77777777777782,0.19859376527575945,-6.661338147750939e-16,-0.4,-0.4,8.333333333333334,8.333333333333334
58,0.5,False,0,4.0,0.737902572690836,0.0,True,8.42382724584802,13.100568823816769,16.35753800952703,-1.8102504305007474,-1.85,0.0,0.0,8.333333333333334,8.333333333333334,13.88888888888889,39.08599384937501,40.22222222222225,-0.024025657745362805,0.0,-0.5,-0.5,8.333333333333334,8.333333333333334
58,0.6000000000000001,False,0,4.0,0.6021667075597079,0.0,True,8.438712115484508,12.832084760669357,16.47314228654177,-1.854217637057726,-1.8599999999999959,0.0,0.0,8.333333333333334,8.333333333333334,13.88888888888889,40.39732089918923,43.00000000000002,0.04190822865794619,-0.019999999999999574,-0.6000000000000001,-0.6000000000000001,8.333333333333334,8.333333333333334
58,0.7000000000000001,False,0,4.0,0.6966604626156158,0.0,True,8.395483675143302,12.881013515036823,16.23403954245772,-1.7847914052333806,-1.899999999999999,0.0,0.0,8.333333333333334,8.333333333333334,13.88888888888889,44.32805250574078,45.22222222222222,0.09086637836836164,-0.009999999999999343,-0.7000000000000001,-0.7000000000000001,8.333333333333334,8.333333333333334
58,0.8,False,0,4.0,0.6363977423679004,0.0,True,8.379494262433417,11.850372578919814,15.997675163386486,-1.8862809141231585,-1.8799999999999994,0.0,0.0,8.333333333333334,8.333333333333334,13.88888888888889,45.010609381578206,46.888888888888886,0.21104197926679413,-2.220446049250313e-16,-0.8,-0.8,8.333333333333334,8.333333333333334
58,0.9,False,0,4.0,0.7286566157258451,0.0,True,8.401047828540886,12.997515195052,16.23415848536437,-1.85183964044316,-1.8900000000000028,0.0,0.0,8.333333333333334,8.333333333333334,13.88888888888889,46.65859205350023,48.0,0.37641008910947527,-0.02000000000000024,-0.9,-0.9,8.333333333333334,8.333333333333334
58,1.0,False,0,4.0,0.6832556994784619,0.0,True,8.346175048532025,13.587015496638156,16.023322115326135,-1.6785655683764096,-1.7999999999999998,0.0,0.0,8.333333333333334,8.333333333333334,13.88888888888889,48.189942772205484,49.1111111111111,0.2844438979093362,0.0,-1.0,-1.0,8.333333333333334,8.333333333333334
58,1.1,False,0,4.0,0.7377861351801748,0.0,True,8.3814530850864,12.29996997644842,16.506067024599542,-1.8916164287020065,-1.8799999999999981,0.0,0.0,8.333333333333334,8.333333333333334,13.88888888888889,48.92671211322028,49.666666666666664,0.18979060091831146,-0.0499999999999996,-1.1,-1.1,8.333333333333334,8.333333333333334
58,1.2000000000000002,False,0,4.0,0.6926382370352497,0.0,True,8.379540407904019,12.418506063906232,16.5473289115814,-1.7518495611880773,-1.7999999999999998,0.0,0.0,8.333333333333334,8.333333333333334,13.88888888888889,48.66137843783703,50.22222222222223,0.23836292280257565,-0.07999999999999963,-1.2000000000000002,-1.2000000000000002,8.333333333333334,8.333333333333334
58,1.3,False,0,4.0,0.7679166337315966,0.0,True,8.383614599010981,12.13837406804846,16.170415150262624,-1.884617810191107,-1.8899999999999997,0.0,0.0,8.333333333333334,8.333333333333334,13.88888888888889,50.92667704225374,50.77777777777777,-0.10400915398785604,-0.09000000000000008,-1.3,-1.3,8.333333333333334,8.333333333333334
58,1.4000000000000001,False,0,4.0,0.865309230180544,0.0,True,8.335722660088992,12.924796318510129,16.300232354977663,-1.676769409729675,-1.8999999999999986,0.0,0.0,8.333333333333334,8.333333333333334,13.88888888888889,49.53139847431349,51.33333333333333,0.2940472884103018,-0.08000000000000007,-1.4000000000000001,-1.4000000000000001,8.333333333333334,8.333333333333334
58,1.5,False,0,4.0,1.0,0.0,True,8.339612305619513,13.601297877329255,16.06790701712553,-1.845275763847801,-1.7999999999999998,0.0,0.0,8.333333333333334,8.333333333333334,13.88888888888889,51.62162695491076,51.88888888888889,-0.07874263969996442,-0.04999999999999982,-1.5,-1.5,8.333333333333334,8.333333333333334
58,1.6,False,0,4.0,0.8185452973146213,0.0,True,8.391620922494004,13.186489291979296,15.720216380180528,-1.8084353641462336,-1.879999999999999,0.0,0.0,8.333333333333334,8.333333333333334,13.88888888888889,50.51242001753139,51.88888888888889,-0.20259201184638664,-0.1599999999999997,-1.6,-1.6,8.333333333333334,8.333333333333334
58,1.7000000000000002,False,0,4.0,0.8042549449758336,0.0,True,8.423107056808126,12.909083363770588,16.183461993106317,-1.8618212465547184,-1.8300000000000005,0.0,0.0,8.333333333333334,8.333333333333334,13.88888888888889,52.39913195864364,52.444444444444436,0.03151776990895727,-0.09999999999999964,-1.7000000000000002,-1.7000000000000002,8.333333333333334,8.333333333333334
59,0.0,False,0,4.0,0.0,0.0,False,13.88888888888889,-2.0218156548167654,-4.266666666667066,1.5185687216009862,1.6,0.0,0.0,8.333333333333334,8.333333333333334,,,,,,,,,
59,0.1,False,0,3.900000000000028,0.0,0.0,False,13.88888888888889,-4.191243997387022,-4.266666666667066,0.291559228344874,0.46000000000000263,-0.1,-0.1,8.333333333333334,8.333333333333334,13.88888888888889,23.600070262919626,21.844444444444104,0.03457300126292373,-0.00999999999999579,-0.1,-0.1,8.333333333333334,8.333333333333334
59,0.2,False,0,4.0,0.79312578261805,0.0,True,8.362742167217373,13.567501298622016,16.070815025465702,-1.141321597357222,-1.2599999999999931,-0.2,-0.2,8.333333333333334,8.333333333333334,10.166962257895106,18.399057346367552,19.80807586204679,-0.04411851582928916,-0.019999999999997353,-0.2,-0.2,8.333333333333334,8.333333333333334
59,0.30000000000000004,False,0,4.0,0.5637843607263681,0.0,True,8.436169448790416,12.896827253000207,16.192162800859006,-1.7960937535266,-1.8899999999999975,0.0,0.0,8.333333333333334,8.333333333333334,13.610384929716838,29.106957519608695,29.04050039591723,-0.08542863347342489,-0.020000000000001572,-0.30000000000000004,-0.30000000000000004,8.333333333333334,8.333333333333334
59,0.4,False,0,4.0,0.8292248343464469,0.0,True,8.352456262738858,13.752680987975975,16.3160785192981,-1.7493901729102894,-1.880000000000006,0.0,0.0,8.333333333333334,8.333333333333334,13.88888888888889,35.22637902903289,36.77777777777782,0.11174734599648906,-6.661338147750939e-16,-0.4,-0.4,8.333333333333334,8.333333333333334
59,0.5,False,0,4.0,0.668885707940204,0.0,True,8.335669653888262,13.705389900058929,16.109243344000685,-1.6819341165674595,-1.85,0.0,0.0,8.333333333333334,8.333333333333334,13.88888888888889,40.48397720576738,41.22222222222225,-0.16589514124177818,0.0,-0.5,-0.5,8.333333333333334,8.333333333333334
59,0.6000000000000001,False,0,4.0,0.6350211665862151,0.0,True,8.41173700039839,12.920774445383909,16.496296011245658,-1.8449535463274218,-1.8599999999999959,0.0,0.0,8.333333333333334,8.333333333333334,13.88888888888889,43.72924083762479,44.00000000000002,-0.34123233240559436,-0.019999999999999574,-0.6000000000000001,-0.6000000000000001,8.333333333333334,8.333333333333334
59,0.7000000000000001,False,0,4.0,0.6019200614412733,0.0,True,8.430236194924671,12.990878468123622,16.192574709647385,-1.7007501231048032,-1.899999999999999,0.0,0.0,8.333333333333334,8.333333333333334,13.88888888888889,45.28933292202593,46.22222222222222,-0.01695045286993091,-0.009999999999999343,-0.7000000000000001,-0.7000000000000001,8.333333333333334,8.333333333333334
59,0.8,False,0,4.0,0.7620960071189544,0.0,True,8.446473385439376,12.483372124109888,16.533321373212157,-1.6811672463256269,-1.8799999999999994,0.0,0.0,8.333333333333334,8.333333333333334,13.88888888888889,47.13450658285207,47.888888888888886,0.22374879791291002,-2.220446049250313e-16,-0.8,-0.8,8.333333333333334,8.333333333333334
59,0.9,False,0,4.0,0.7488877340171289,0.0,True,8.336258519297118,13.870022762097687,16.180595786469677,-1.8527500715486331,-1.8900000000000028,0.0,0.0,8.333333333333334,8.333333333333334,13.88888888888889,47.198474224767665,49.0,0.0743701343069163,-0.02000000000000024,-0.9,-0.9,8.333333333333334,8.333333333333334
59,1.0,False,0,4.0,0.7246168711726164,0.0,True,8.420297775298238,12.98598470676826,16.362266789065796,-1.5297689632764713,-1.7999999999999998,0.0,0.0,8.333333333333334,8.333333333333334,13.88888888888889,50.06545942288707,50.1111111111111,0.23172132717508687,0.0,-1.0,-1.0,8.333333333333334,8.333333333333334
59,1.1,False,0,4.0,0.6692394407937543,0.0,True,8.35857196060302,12.35445182986528,15.815297796515164,-1.8331106269334996,-1.8799999999999981,0.0,0.0,8.333333333333334,8.333333333333334,13.88888888888889,49.33785326012262,50.666666666666664,0.15334766028209934,-0.0499999999999996,-1.1,-1.1,8.333333333333334,8.333333333333334
59,1.2000000000000002,False,0,4.0,0.7862492086096889,0.0,True,8.558114853065312,10.6415224244255,16.438890664032254,-1.8397433081537575,-1.7999999999999998,0.0,0.0,8.333333333333334,8.333333333333334,13.88888888888889,50.24669573930477,51.22222222222223,0.4339387251504263,-0.07999999999999963,-1.2000000000000002,-1.2000000000000002,8.333333333333334,8.333333333333334
59,1.3,False,0,4.0,0.6781930402265429,0.0,True,8.344187086699444,13.395068759734311,16.22614102443792,-1.8450762149991473,-1.8899999999999997,0.0,0.0,8.333333333333334,8.333333333333334,13.88888888888889,50.30124060255581,51.77777777777777,0.19442717079745409,-0.09000000000000008,-1.3,-1.3,8.333333333333334,8.333333333333334
59,1.4000000000000001,False,0,4.0,0.6777225424146313,0.0,True,8.400201041484479,12.67207272122128,16.171002575184257,-1.677248199433929,-1.8999999999999986,0.0,0.0,8.333333333333334,8.333333333333334,13.88888888888889,50.0407678665195,52.33333333333333,0.2848301988092614,-0.08000000000000007,-1.4000000000000001,-1.4000000000000001,8.333333333333334,8.333333333333334
59,1.5,False,0,4.0,0.6050623224895653,0.0,True,8.352032926132527,13.756455723881327,16.14957893948441,-1.4756473611991554,-1.7999999999999998,0.0,0.0,8.333333333333334,8.333333333333334,13.88888888888889,52.50359879955672,52.88888888888889,-0.38066651148060915,-0.04999999999999982,-1.5,-1.5,8.333333333333334,8.333333333333334
59,1.6,False,0,4.0,0.8125610692974436,0.0,True,8.355160371858565,12.772099678773838,16.25979648818001,-1.830484997537953,-1.879999999999999,0.0,0.0,8.333333333333334,8.333333333333334,13.88888888888889,51.00325344819007,52.88888888888889,0.3561802125888427,-0.1599999999999997,-1.6,-1.6,8.333333333333334,8.333333333333334
59,1.7000000000000002,False,0,4.0,0.6983708670380427,0.0,True,8.348947513683324,13.001403666089413,16.88153716529764,-1.7787848916624793,-1.8300000000000005,0.0,0.0,8.333333333333334,8.333333333333334,13.88888888888889,53.59230610578971,53.444444444444436,-0.023995991419940577,-0.09999999999999964,-1.7000000000000002,-1.7000000000000002,8.333333333333334,8.333333333333334
