long_dist,lat_vel,Crash,Crash type,minTTC,reacted,ego_speed,perceived_gap,true_gap,perceived_lat_gap,true_lat_gap,perceived_lat_speed,true_lat_speed,perceived_speed,true_speed,entry_ego_speed,entry_perceived_gap,entry_true_gap,entry_perceived_lat_gap,entry_true_lat_gap,entry_perceived_lat_speed,entry_true_lat_speed,entry_perceived_speed,entry_true_speed
1,0.0,False,0,4.0,False,30.555555555555554,-3.4292127957645064,-4.044444444444444,1.7436386451524193,1.6,0.0,0.0,2.7777777777777777,2.7777777777777777,,,,,,,,,
1,0.1,False,0,4.0,False,30.555555555555554,-3.260129242746692,-4.044444444444444,1.8005265759092888,1.58,0.0,-0.1,2.7777777777777777,2.7777777777777777,30.555555555555554,437.8050293305345,437.62222222222084,-0.0971788967113838,-0.00999999999999579,-0.1,-0.1,2.7777777777777777,2.7777777777777777
1,0.2,False,0,4.0,False,30.555555555555554,-3.3071719420898393,-4.044444444444444,1.5146969778519876,1.56,-0.15,-0.2,2.7777777777777777,2.7777777777777777,30.555555555555554,217.2538224400106,215.39999999999958,-0.020911281606665222,-0.019999999999997353,-0.2,-0.2,2.7777777777777777,2.7777777777777777
1,0.30000000000000004,False,0,4.0,False,30.555555555555554,-3.3844377022414784,-4.044444444444444,1.599622191586659,1.54,-0.3,-0.30000000000000004,2.7777777777777777,2.7777777777777777,30.555555555555554,140.45858964259568,140.3999999999999,0.010480619138872882,-0.020000000000001572,-0.30000000000000004,-0.30000000000000004,2.7777777777777777,2.7777777777777777
1,0.4,False,0,3.6999999999999993,False,30.555555555555554,-3.291953461265324,-4.044444444444444,1.5316332909843688,1.52,-0.3,-0.4,2.7777777777777777,2.7777777777777777,30.555555555555554,102.19809419362431,101.51111111111118,0.16970355571883955,-6.661338147750939e-16,-0.4,-0.4,2.7777777777777777,2.7777777777777777
1,0.5,False,0,2.900000000000001,False,30.555555555555554,-3.8340264949374845,-4.044444444444444,1.4960229648894696,1.5,-0.5,-0.5,2.7777777777777777,2.7777777777777777,30.555555555555554,80.08557061314463,79.28888888888893,-0.11670294441076168,0.0,-0.5,-0.5,2.7777777777777777,2.7777777777777777
1,0.6000000000000001,False,0,2.3666666666666667,False,30.555555555555554,-4.052517205878424,-4.044444444444444,1.57123678755968,1.48,-0.6000000000000001,-0.6000000000000001,2.7777777777777777,2.7777777777777777,30.555555555555554,65.8718308012852,65.40000000000003,-0.007176300266039215,-0.019999999999999574,-0.6000000000000001,-0.6000000000000001,2.7777777777777777,2.7777777777777777
1,0.7000000000000001,False,0,1.9857142857142853,False,30.555555555555554,-4.261857636794139,-4.044444444444444,1.3761226976638783,1.46,-0.7000000000000001,-0.7000000000000001,2.7777777777777777,2.7777777777777777,30.555555555555554,54.57731303753596,54.28888888888891,-0.024762887883056806,-0.009999999999999343,-0.7000000000000001,-0.7000000000000001,2.7777777777777777,2.7777777777777777
1,0.8,False,0,1.6999999999999995,False,30.555555555555554,-3.129111884331886,-4.044444444444444,1.4527521571532902,1.44,-0.75,-0.8,2.7777777777777777,2.7777777777777777,30.555555555555554,46.562855404923354,45.95555555555558,0.24915256817476727,-2.220446049250313e-16,-0.8,-0.8,2.7777777777777777,2.7777777777777777
1,0.9,False,0,1.477777777777778,False,30.555555555555554,-4.226220133996828,-4.044444444444444,1.4578401602205746,1.42,-0.9,-0.9,2.7777777777777777,2.7777777777777777,30.555555555555554,40.53916214624787,40.40000000000002,0.01991943744834912,-0.02000000000000024,-0.9,-0.9,2.7777777777777777,2.7777777777777777
1,1.0,False,0,1.3,False,30.555555555555554,-3.825395236291688,-4.044444444444441,1.5627378830139795,1.4,-1.0,-1.0,2.7777777777777777,2.7777777777777777,30.555555555555554,35.80295202280227,34.84444444444446,0.0815308822758507,0.0,-1.0,-1.0,2.7777777777777777,2.7777777777777777
1,1.1,False,0,1.1545454545454543,False,30.555555555555554,-3.993609574694273,-4.044444444444441,1.5311019786233793,1.38,-1.1,-1.1,2.7777777777777777,2.7777777777777777,30.555555555555554,32.2348209219031,32.066666666666684,0.23714062177695805,-0.0499999999999996,-1.1,-1.1,2.7777777777777777,2.7777777777777777
1,1.2000000000000002,False,0,1.0333333333333334,False,30.555555555555554,-3.41304010928702,-4.044444444444441,1.759612359896253,1.3599999999999999,-1.2000000000000002,-1.2000000000000002,2.7777777777777777,2.7777777777777777,30.555555555555554,30.131809335651237,29.288888888888902,0.03468196931084866,-0.07999999999999963,-1.2000000000000002,-1.2000000000000002,2.7777777777777777,2.7777777777777777
1,1.3,False,0,0.9307692307692309,False,30.555555555555554,-4.112702842372552,-4.044444444444441,1.2663268023838925,1.3400000000000003,-1.3,-1.3,2.7777777777777777,2.7777777777777777,30.555555555555554,27.438193305008337,26.511111111111124,0.4222622808777263,-0.09000000000000008,-1.3,-1.3,2.7777777777777777,2.7777777777777777
1,1.4000000000000001,False,0,0.8428571428571427,False,30.555555555555554,-3.165079029192011,-4.044444444444441,1.3710226054631058,1.3199999999999998,-1.4000000000000001,-1.4000000000000001,2.7777777777777777,2.7777777777777777,30.555555555555554,23.978758950021575,23.733333333333345,0.05274022143639168,-0.08000000000000007,-1.4000000000000001,-1.4000000000000001,2.7777777777777777,2.7777777777777777
1,1.5,False,0,0.7666666666666665,False,30.555555555555554,-3.601340689624773,-4.044444444444441,1.6377917318106943,1.3000000000000003,-1.5,-1.5,2.7777777777777777,2.7777777777777777,30.555555555555554,21.038908379590982,20.955555555555566,0.0895548618654789,-0.04999999999999982,-1.5,-1.5,2.7777777777777777,2.7777777777777777
1,1.6,False,0,0.7000000000000002,False,30.555555555555554,-2.961067871949126,-4.044444444444441,1.9348093947439096,1.2800000000000002,-1.5,-1.6,2.7777777777777777,2.7777777777777777,30.555555555555554,22.092470812378426,20.955555555555566,0.48700806219737913,-0.1599999999999997,-1.6,-1.6,2.7777777777777777,2.7777777777777777
1,1.7000000000000002,False,0,0.6411764705882352,False,30.555555555555554,-3.302227180688904,-4.044444444444441,1.681550556938436,1.2600000000000002,-1.7000000000000002,-1.7000000000000002,2.7777777777777777,2.7777777777777777,30.555555555555554,18.175823428365117,18.177777777777788,0.11632028002765837,-0.09999999999999964,-1.7000000000000002,-1.7000000000000002,2.7777777777777777,2.7777777777777777
3,0.0,False,0,4.0,False,30.555555555555554,-3.305577957114834,-3.2666666666666666,1.3464992869290087,1.6,0.0,0.0,2.7777777777777777,2.7777777777777777,,,,,,,,,
3,0.1,False,0,4.0,False,30.555555555555554,-2.9713461709335602,-3.2666666666666666,1.50070138772114,1.5700000000000003,-0.1,-0.1,2.7777777777777777,2.7777777777777777,30.555555555555554,436.4752223167148,435.62222222222084,0.07207156406947224,-0.00999999999999579,-0.1,-0.1,2.7777777777777777,2.7777777777777777
3,0.2,False,0,4.0,False,30.555555555555554,-2.9987167534631256,-3.2666666666666666,1.6123737230137398,1.54,-0.2,-0.2,2.7777777777777777,2.7777777777777777,30.555555555555554,214.51127599852646,213.39999999999958,0.16154166030524308,-0.019999999999997353,-0.2,-0.2,2.7777777777777777,2.7777777777777777
3,0.30000000000000004,False,0,4.0,False,30.555555555555554,-2.53566220078101,-3.2666666666666666,1.7542481973413517,1.5100000000000002,-0.30000000000000004,-0.30000000000000004,2.7777777777777777,2.7777777777777777,30.555555555555554,139.15229298478548,138.3999999999999,0.06293175112220895,-0.020000000000001572,-0.30000000000000004,-0.30000000000000004,2.7777777777777777,2.7777777777777777
3,0.4,False,0,3.599999999999999,False,30.555555555555554,-3.130521658685062,-3.2666666666666666,1.7678705061640243,1.48,-0.4,-0.4,2.7777777777777777,2.7777777777777777,30.555555555555554,99.77419231430504,99.51111111111118,-0.09276372515255438,-6.661338147750939e-16,-0.4,-0.4,2.7777777777777777,2.7777777777777777
3,0.5,False,0,2.7999999999999994,False,30.555555555555554,-3.0087745772235497,-3.2666666666666666,1.5367208996229693,1.4500000000000002,-0.5,-0.5,2.7777777777777777,2.7777777777777777,30.555555555555554,77.23630796876877,77.28888888888893,0.1581540507833119,0.0,-0.5,-0.5,2.7777777777777777,2.7777777777777777
3,0.6000000000000001,False,0,2.2666666666666657,False,30.555555555555554,-2.8174924811649733,-3.2666666666666666,1.5849370433790844,1.42,-0.6000000000000001,-0.6000000000000001,2.7777777777777777,2.7777777777777777,30.555555555555554,63.74317226634918,63.400000000000034,-0.2899543964068845,-0.019999999999999574,-0.6000000000000001,-0.6000000000000001,2.7777777777777777,2.7777777777777777
3,0.7000000000000001,False,0,1.885714285714285,False,30.555555555555554,-3.0260034668584304,-3.2666666666666666,1.670199808469667,1.3900000000000001,-0.7000000000000001,-0.7000000000000001,2.7777777777777777,2.7777777777777777,30.555555555555554,53.451873658990976,52.28888888888891,0.3641962896345272,-0.009999999999999343,-0.7000000000000001,-0.7000000000000001,2.7777777777777777,2.7777777777777777
3,0.8,False,0,1.6000000000000005,False,30.555555555555554,-3.473268152854698,-3.2666666666666666,1.324444236404036,1.3599999999999999,-0.8,-0.8,2.7777777777777777,2.7777777777777777,30.555555555555554,43.78853392300147,43.95555555555558,-0.005287668817232749,-2.220446049250313e-16,-0.8,-0.8,2.7777777777777777,2.7777777777777777
3,0.9,False,0,1.3777777777777782,False,30.555555555555554,-3.2080630953323928,-3.2666666666666666,1.131990486726845,1.33,-0.9,-0.9,2.7777777777777777,2.7777777777777777,30.555555555555554,38.53067183463335,38.40000000000002,-0.0006646373417953377,-0.02000000000000024,-0.9,-0.9,2.7777777777777777,2.7777777777777777
3,1.0,False,0,1.2000000000000004,False,30.555555555555554,-3.5567793881173158,-3.266666666666663,1.1646794717810618,1.3000000000000003,-1.0,-1.0,2.7777777777777777,2.7777777777777777,30.555555555555554,32.73674247774001,32.84444444444446,-0.08271477037456654,0.0,-1.0,-1.0,2.7777777777777777,2.7777777777777777
3,1.1,False,0,1.054545454545455,False,30.555555555555554,-2.2914828106163805,-3.266666666666663,1.5902219240445374,1.27,-1.1,-1.1,2.7777777777777777,2.7777777777777777,30.555555555555554,30.065854613742797,30.06666666666668,0.09755845929659879,-0.0499999999999996,-1.1,-1.1,2.7777777777777777,2.7777777777777777
3,1.2000000000000002,False,0,0.9333333333333335,False,30.555555555555554,-2.7986066473626687,-3.266666666666663,1.0936278436453808,1.2400000000000002,-1.2000000000000002,-1.2000000000000002,2.7777777777777777,2.7777777777777777,30.555555555555554,27.626501213672856,27.288888888888902,0.04134398928442584,-0.07999999999999963,-1.2000000000000002,-1.2000000000000002,2.7777777777777777,2.7777777777777777
3,1.3,False,0,0.8307692307692309,False,30.555555555555554,-2.3148839189231136,-3.266666666666663,1.6346968678378353,1.21,-1.3,-1.3,2.7777777777777777,2.7777777777777777,30.555555555555554,24.674756230540428,24.511111111111124,-0.03602567109452348,-0.09000000000000008,-1.3,-1.3,2.7777777777777777,2.7777777777777777
3,1.4000000000000001,False,0,0.7428571428571428,False,30.555555555555554,-3.456381108052713,-3.266666666666663,1.2036753010585013,1.1800000000000002,-1.4000000000000001,-1.4000000000000001,2.7777777777777777,2.7777777777777777,30.555555555555554,22.127988346139897,21.733333333333345,0.09012595812083224,-0.08000000000000007,-1.4000000000000001,-1.4000000000000001,2.7777777777777777,2.7777777777777777
3,1.5,False,0,0.6666666666666666,False,30.555555555555554,-2.4469329114808938,-3.266666666666663,1.476412595887791,1.15,-1.5,-1.5,2.7777777777777777,2.7777777777777777,30.555555555555554,19.565436904757398,18.955555555555566,0.1968020458132047,-0.04999999999999982,-1.5,-1.5,2.7777777777777777,2.7777777777777777
3,1.6,False,0,0.6,False,30.555555555555554,-2.7641407460983674,-3.266666666666663,1.3769434143732582,1.12,-1.6,-1.6,2.7777777777777777,2.7777777777777777,30.555555555555554,19.619589453306045,18.955555555555566,0.33539247320488963,-0.1599999999999997,-1.6,-1.6,2.7777777777777777,2.7777777777777777
3,1.7000000000000002,False,0,0.5411764705882351,False,30.555555555555554,-1.9297650834224989,-3.266666666666663,1.8246566809067692,1.0900000000000003,-1.65,-1.7000000000000002,2.7777777777777777,2.7777777777777777,30.555555555555554,16.372062071711785,16.177777777777788,-0.15802879480770193,-0.09999999999999964,-1.7000000000000002,-1.7000000000000002,2.7777777777777777,2.7777777777777777
5,0.0,False,0,4.0,False,30.555555555555554,-3.667456269968276,-3.3333333333333313,1.530512365297743,1.6,0.0,0.0,2.7777777777777777,2.7777777777777777,,,,,,,,,
5,0.1,False,0,4.0,False,30.555555555555554,-3.9073653762231784,-3.3333333333333313,1.4699183812745154,1.5700000000000003,-0.1,-0.1,2.7777777777777777,2.7777777777777777,30.555555555555554,433.4543209310851,433.62222222222084,-0.1733545078499501,-0.00999999999999579,-0.1,-0.1,2.7777777777777777,2.7777777777777777
5,0.2,False,0,4.0,False,30.555555555555554,-3.676773977286296,-3.3333333333333313,1.6814163819954295,1.54,-0.2,-0.2,2.7777777777777777,2.7777777777777777,30.555555555555554,212.45256301677426,211.39999999999958,-0.26644947146993614,-0.019999999999997353,-0.2,-0.2,2.7777777777777777,2.7777777777777777
5,0.30000000000000004,False,0,4.0,False,30.555555555555554,-4.232856064953947,-3.3333333333333313,1.7196817057240028,1.5100000000000002,-0.3,-0.30000000000000004,2.7777777777777777,2.7777777777777777,30.555555555555554,136.66516574186184,136.3999999999999,0.0346195868822059,-0.020000000000001572,-0.30000000000000004,-0.30000000000000004,2.7777777777777777,2.7777777777777777
5,0.4,False,0,3.599999999999999,False,30.555555555555554,-3.4033332769975173,-3.3333333333333313,1.928666115556294,1.48,-0.4,-0.4,2.7777777777777777,2.7777777777777777,30.555555555555554,97.5160859617662,97.51111111111116,0.053554861916996765,-6.661338147750939e-16,-0.4,-0.4,2.7777777777777777,2.7777777777777777
5,0.5,False,0,2.7999999999999994,False,30.555555555555554,-3.5913443850966944,-3.3333333333333313,1.378370120734524,1.4500000000000002,-0.5,-0.5,2.7777777777777777,2.7777777777777777,30.555555555555554,75.95857396705483,75.28888888888893,0.11562227278831605,0.0,-0.5,-0.5,2.7777777777777777,2.7777777777777777
5,0.6000000000000001,False,0,2.2666666666666657,False,30.555555555555554,-3.3321230899857914,-3.3333333333333313,1.7861844340000497,1.42,-0.3,-0.6000000000000001,2.7777777777777777,2.7777777777777777,30.555555555555554,61.856747640825645,61.400000000000034,0.1840104765724635,-0.019999999999999574,-0.6000000000000001,-0.6000000000000001,2.7777777777777777,2.7777777777777777
5,0.7000000000000001,False,0,1.885714285714285,False,30.555555555555554,-4.267183650401132,-3.3333333333333313,1.5904651798215363,1.3900000000000001,-0.7000000000000001,-0.7000000000000001,2.7777777777777777,2.7777777777777777,30.555555555555554,50.2938363431569,50.28888888888891,-0.2808873924892854,-0.009999999999999343,-0.7000000000000001,-0.7000000000000001,2.7777777777777777,2.7777777777777777
5,0.8,False,0,1.6000000000000005,False,30.555555555555554,-3.4727312032210227,-3.3333333333333313,1.3095660359990107,1.3599999999999999,-0.8,-0.8,2.7777777777777777,2.7777777777777777,30.555555555555554,42.4739989198703,41.95555555555558,0.24872131059898184,-2.220446049250313e-16,-0.8,-0.8,2.7777777777777777,2.7777777777777777
5,0.9,False,0,1.3777777777777782,False,30.555555555555554,-3.402580598521822,-3.3333333333333313,1.4335631125060972,1.33,-0.9,-0.9,2.7777777777777777,2.7777777777777777,30.555555555555554,36.79278230068645,36.40000000000002,-0.19235109526740302,-0.02000000000000024,-0.9,-0.9,2.7777777777777777,2.7777777777777777
5,1.0,False,0,1.2000000000000004,False,30.555555555555554,-3.6130771610765597,-3.333333333333335,1.554862715369258,1.3000000000000003,-1.0,-1.0,2.7777777777777777,2.7777777777777777,30.555555555555554,30.815153382375836,30.84444444444446,0.21885058590346773,0.0,-1.0,-1.0,2.7777777777777777,2.7777777777777777
5,1.1,False,0,1.054545454545455,False,30.555555555555554,-3.1943733132455465,-3.333333333333335,1.187276215705248,1.27,-1.1,-1.1,2.7777777777777777,2.7777777777777777,30.555555555555554,28.281608905984346,28.06666666666668,0.4704870332528226,-0.0499999999999996,-1.1,-1.1,2.7777777777777777,2.7777777777777777
5,1.2000000000000002,False,0,0.9333333333333335,False,30.555555555555554,-3.6567392259088445,-3.333333333333335,1.4870931793783742,1.2400000000000002,-1.2000000000000002,-1.2000000000000002,2.7777777777777777,2.7777777777777777,30.555555555555554,26.538735219173567,25.288888888888902,0.17546747158703857,-0.07999999999999963,-1.2000000000000002,-1.2000000000000002,2.7777777777777777,2.7777777777777777
5,1.3,False,0,0.8307692307692309,False,30.555555555555554,-3.959834681248469,-3.333333333333335,1.463268529671352,1.21,-1.3,-1.3,2.7777777777777777,2.7777777777777777,30.555555555555554,22.857911507364644,22.511111111111124,-0.10852582739515815,-0.09000000000000008,-1.3,-1.3,2.7777777777777777,2.7777777777777777
5,1.4000000000000001,False,0,0.7428571428571428,False,30.555555555555554,-3.3394123601368273,-3.333333333333335,1.3546675995651807,1.1800000000000002,-1.4000000000000001,-1.4000000000000001,2.7777777777777777,2.7777777777777777,30.555555555555554,20.190015174462935,19.733333333333345,0.18423141762063544,-0.08000000000000007,-1.4000000000000001,-1.4000000000000001,2.7777777777777777,2.7777777777777777
5,1.5,False,0,0.6666666666666666,False,30.555555555555554,-3.7997939127033975,-3.333333333333335,1.1592359644948682,1.15,-1.5,-1.5,2.7777777777777777,2.7777777777777777,30.555555555555554,18.162168288857895,16.955555555555563,0.4349821710773947,-0.04999999999999982,-1.5,-1.5,2.7777777777777777,2.7777777777777777
5,1.6,False,0,0.6,False,30.555555555555554,-4.059041361558159,-3.333333333333335,1.4828768864652933,1.12,-1.6,-1.6,2.7777777777777777,2.7777777777777777,30.555555555555554,17.879502894352523,16.955555555555563,0.36064719911025733,-0.1599999999999997,-1.6,-1.6,2.7777777777777777,2.7777777777777777
5,1.7000000000000002,False,0,0.5411764705882351,False,30.555555555555554,-3.592008367393581,-3.333333333333335,1.1210752887208106,1.0900000000000003,-1.7000000000000002,-1.7000000000000002,2.7777777777777777,2.7777777777777777,30.555555555555554,14.29673904364899,14.177777777777784,-0.0755675037989616,-0.09999999999999964,-1.7000000000000002,-1.7000000000000002,2.7777777777777777,2.7777777777777777
7,0.0,False,0,4.0,False,30.555555555555554,-4.016222841423223,-4.11111111111111,1.3720700138727722,1.6,0.0,0.0,2.7777777777777777,2.7777777777777777,,,,,,,,,
7,0.1,False,0,4.0,False,30.555555555555554,-4.145524496041673,-4.11111111111111,1.464300220614143,1.56,-0.1,-0.1,2.7777777777777777,2.7777777777777777,30.555555555555554,432.25290650489353,431.62222222222084,0.028663488016113847,-0.00999999999999579,-0.1,-0.1,2.7777777777777777,2.7777777777777777
7,0.2,False,0,4.0,False,30.555555555555554,-4.087272236524638,-4.11111111111111,1.6956655569448915,1.52,-0.2,-0.2,2.7777777777777777,2.7777777777777777,30.555555555555554,209.4052229522879,209.39999999999958,-0.20298237871078273,-0.019999999999997353,-0.2,-0.2,2.7777777777777777,2.7777777777777777
7,0.30000000000000004,False,0,4.0,False,30.555555555555554,-4.197091049350223,-4.11111111111111,1.6110937087775348,1.48,-0.30000000000000004,-0.30000000000000004,2.7777777777777777,2.7777777777777777,30.555555555555554,134.48063615963457,134.3999999999999,-0.058279931858432166,-0.020000000000001572,-0.30000000000000004,-0.30000000000000004,2.7777777777777777,2.7777777777777777
7,0.4,False,0,3.499999999999999,False,30.555555555555554,-3.697286509109497,-4.11111111111111,1.5049775608620273,1.44,-0.4,-0.4,2.7777777777777777,2.7777777777777777,30.555555555555554,95.53713375948732,95.51111111111116,-0.31873888368740766,-6.661338147750939e-16,-0.4,-0.4,2.7777777777777777,2.7777777777777777
7,0.5,False,0,2.6999999999999997,False,30.555555555555554,-3.290393664997638,-4.11111111111111,1.6509216311988815,1.4,-0.5,-0.5,2.7777777777777777,2.7777777777777777,30.555555555555554,73.92602206433806,73.28888888888893,0.18175932740848477,0.0,-0.5,-0.5,2.7777777777777777,2.7777777777777777
7,0.6000000000000001,False,0,2.1666666666666665,False,30.555555555555554,-4.235698452407038,-4.11111111111111,1.5597914239732993,1.3599999999999999,-0.6000000000000001,-0.6000000000000001,2.7777777777777777,2.7777777777777777,30.555555555555554,59.9535271667837,59.400000000000034,-0.02338453632816706,-0.019999999999999574,-0.6000000000000001,-0.6000000000000001,2.7777777777777777,2.7777777777777777
7,0.7000000000000001,False,0,1.7857142857142858,False,30.555555555555554,-4.222225847621668,-4.11111111111111,1.078992604078635,1.3199999999999998,-0.7000000000000001,-0.7000000000000001,2.7777777777777777,2.7777777777777777,30.555555555555554,48.47034235232451,48.28888888888891,0.13542266514082701,-0.009999999999999343,-0.7000000000000001,-0.7000000000000001,2.7777777777777777,2.7777777777777777
7,0.8,False,0,1.5000000000000004,False,30.555555555555554,-3.5945911492871803,-4.11111111111111,1.3878411891157296,1.2800000000000002,-0.8,-0.8,2.7777777777777777,2.7777777777777777,30.555555555555554,40.700928214638125,39.95555555555558,0.18512531247353214,-2.220446049250313e-16,-0.8,-0.8,2.7777777777777777,2.7777777777777777
7,0.9,False,0,1.2777777777777775,False,30.555555555555554,-3.963098592789886,-4.11111111111111,1.084787622574519,1.2400000000000002,-0.9,-0.9,2.7777777777777777,2.7777777777777777,30.555555555555554,34.39983970742609,34.40000000000002,-0.10669064998476241,-0.02000000000000024,-0.9,-0.9,2.7777777777777777,2.7777777777777777
7,1.0,False,0,1.0999999999999999,False,30.555555555555554,-3.8430996396211805,-4.111111111111113,1.5553232592146746,1.2000000000000002,-1.0,-1.0,2.7777777777777777,2.7777777777777777,30.555555555555554,28.858463662240336,28.84444444444446,0.09517689668736606,0.0,-1.0,-1.0,2.7777777777777777,2.7777777777777777
7,1.1,False,0,0.9545454545454545,False,30.555555555555554,-4.081560662288816,-4.111111111111113,1.0696793622154677,1.1600000000000001,-1.1,-1.1,2.7777777777777777,2.7777777777777777,30.555555555555554,26.815731562412825,26.06666666666668,0.35456972613624815,-0.0499999999999996,-1.1,-1.1,2.7777777777777777,2.7777777777777777
7,1.2000000000000002,False,0,0.8333333333333333,False,30.555555555555554,-4.256536776622782,-4.111111111111113,1.3057784277759614,1.12,-1.2000000000000002,-1.2000000000000002,2.7777777777777777,2.7777777777777777,30.555555555555554,23.2210460031688,23.288888888888902,-0.21596037006004454,-0.07999999999999963,-1.2000000000000002,-1.2000000000000002,2.7777777777777777,2.7777777777777777
7,1.3,False,0,0.7307692307692308,False,30.555555555555554,-4.1345890696595875,-4.111111111111113,1.0162614582766674,1.08,-1.3,-1.3,2.7777777777777777,2.7777777777777777,30.555555555555554,20.746914707007097,20.511111111111124,0.16511616133811602,-0.09000000000000008,-1.3,-1.3,2.7777777777777777,2.7777777777777777
7,1.4000000000000001,False,0,0.6428571428571427,False,30.555555555555554,-4.275044478379338,-4.111111111111113,1.2998334549939097,1.04,-1.4000000000000001,-1.4000000000000001,2.7777777777777777,2.7777777777777777,30.555555555555554,17.947525925680694,17.733333333333345,-0.0053441001554477285,-0.08000000000000007,-1.4000000000000001,-1.4000000000000001,2.7777777777777777,2.7777777777777777
7,1.5,False,0,0.5666666666666668,False,30.555555555555554,-3.9986164334959318,-4.111111111111113,1.167821422345464,1.0,-1.5,-1.5,2.7777777777777777,2.7777777777777777,30.555555555555554,15.848311377468065,14.955555555555563,0.2514569448837727,-0.04999999999999982,-1.5,-1.5,2.7777777777777777,2.7777777777777777
7,1.6,False,0,0.5000000000000001,False,30.555555555555554,-4.086912175260346,-4.111111111111113,1.1197499587758153,0.96,-1.6,-1.6,2.7777777777777777,2.7777777777777777,30.555555555555554,15.497333681397436,14.955555555555563,0.07283562315430148,-0.1599999999999997,-1.6,-1.6,2.7777777777777777,2.7777777777777777
7,1.7000000000000002,False,0,0.4411764705882352,False,30.555555555555554,-3.8481859993896093,-4.111111111111113,1.0402704047780476,0.9199999999999999,-1.7000000000000002,-1.7000000000000002,2.7777777777777777,2.7777777777777777,30.555555555555554,13.185729306330344,12.177777777777784,0.6923431956457313,-0.09999999999999964,-1.7000000000000002,-1.7000000000000002,2.7777777777777777,2.7777777777777777
9,0.0,False,0,4.0,False,30.555555555555554,-3.6842703054634045,-3.711111111111113,1.6417766765117445,1.6,0.0,0.0,2.7777777777777777,2.7777777777777777,,,,,,,,,
9,0.1,False,0,4.0,False,30.555555555555554,-3.146495203043,-3.711111111111113,1.7074181388442216,1.5500000000000003,-0.1,-0.1,2.7777777777777777,2.7777777777777777,30.555555555555554,430.4998281583014,429.62222222222084,0.13493683338029117,-0.00999999999999579,-0.1,-0.1,2.7777777777777777,2.7777777777777777
9,0.2,False,0,4.0,False,30.555555555555554,-3.489638394976688,-3.711111111111113,1.3212030916166655,1.5,-0.2,-0.2,2.7777777777777777,2.7777777777777777,30.555555555555554,208.30760116357658,207.39999999999958,-0.04254635689765229,-0.019999999999997353,-0.2,-0.2,2.7777777777777777,2.7777777777777777
9,0.30000000000000004,False,0,4.0,False,30.555555555555554,-3.4225306419903285,-3.711111111111113,1.4971172499236083,1.4500000000000002,-0.30000000000000004,-0.30000000000000004,2.7777777777777777,2.7777777777777777,30.555555555555554,132.43867429457782,132.3999999999999,-0.14100369594875062,-0.020000000000001572,-0.30000000000000004,-0.30000000000000004,2.7777777777777777,2.7777777777777777
9,0.4,False,0,3.399999999999999,False,30.555555555555554,-3.7880130687066105,-3.711111111111113,1.3866486759070438,1.4,-0.4,-0.4,2.7777777777777777,2.7777777777777777,30.555555555555554,93.99155723419204,93.51111111111116,0.07168569359089716,-6.661338147750939e-16,-0.4,-0.4,2.7777777777777777,2.7777777777777777
9,0.5,False,0,2.6,False,30.555555555555554,-3.4006639030087458,-3.711111111111113,1.2528593021401582,1.35,-0.5,-0.5,2.7777777777777777,2.7777777777777777,30.555555555555554,71.94629479262143,71.28888888888893,-0.058214121727220514,0.0,-0.5,-0.5,2.7777777777777777,2.7777777777777777
9,0.6000000000000001,False,0,2.066666666666667,False,30.555555555555554,-3.0142406371230583,-3.711111111111113,1.4006885803156899,1.3000000000000003,-0.6000000000000001,-0.6000000000000001,2.7777777777777777,2.7777777777777777,30.555555555555554,58.122377564764044,57.400000000000034,-0.13530872827786466,-0.019999999999999574,-0.6000000000000001,-0.6000000000000001,2.7777777777777777,2.7777777777777777
9,0.7000000000000001,False,0,1.6857142857142855,False,30.555555555555554,-3.4465856170304976,-3.711111111111113,1.1430664570256996,1.25,-0.7000000000000001,-0.7000000000000001,2.7777777777777777,2.7777777777777777,30.555555555555554,46.550599844906685,46.28888888888891,0.12279470645356216,-0.009999999999999343,-0.7000000000000001,-0.7000000000000001,2.7777777777777777,2.7777777777777777
9,0.8,False,0,1.4000000000000004,False,30.555555555555554,-2.851578984642786,-3.711111111111113,1.5910339901091999,1.2000000000000002,-0.8,-0.8,2.7777777777777777,2.7777777777777777,30.555555555555554,38.79713627344604,37.95555555555558,0.1489546670698756,-2.220446049250313e-16,-0.8,-0.8,2.7777777777777777,2.7777777777777777
9,0.9,False,0,1.1777777777777776,False,30.555555555555554,-3.317550377849236,-3.711111111111113,1.161173691104766,1.15,-0.9,-0.9,2.7777777777777777,2.7777777777777777,30.555555555555554,33.33773502753604,32.40000000000002,0.2754788927429783,-0.02000000000000024,-0.9,-0.9,2.7777777777777777,2.7777777777777777
9,1.0,False,0,1.0,False,30.555555555555554,-3.7596534420999417,-3.7111111111111095,1.1184851784480854,1.1,-1.0,-1.0,2.7777777777777777,2.7777777777777777,30.555555555555554,28.264638627931678,26.84444444444446,0.39493355273339636,0.0,-1.0,-1.0,2.7777777777777777,2.7777777777777777
9,1.1,False,0,0.8545454545454544,False,30.555555555555554,-3.447574717837033,-3.7111111111111095,1.24777754404984,1.0500000000000003,-1.1,-1.1,2.7777777777777777,2.7777777777777777,30.555555555555554,23.919925967446087,24.06666666666668,-0.11596496471016149,-0.0499999999999996,-1.1,-1.1,2.7777777777777777,2.7777777777777777
9,1.2000000000000002,False,0,0.7333333333333332,False,30.555555555555554,-2.8885007868948014,-3.7111111111111095,1.4942075492689728,1.0,-1.2000000000000002,-1.2000000000000002,2.7777777777777777,2.7777777777777777,30.555555555555554,21.262643400121185,21.288888888888902,-0.26968440281119643,-0.07999999999999963,-1.2000000000000002,-1.2000000000000002,2.7777777777777777,2.7777777777777777
9,1.3,False,0,0.6307692307692306,False,30.555555555555554,-3.2485953439691437,-3.7111111111111095,0.928931960039602,0.9500000000000002,-1.3,-1.3,2.7777777777777777,2.7777777777777777,30.555555555555554,18.829103426570434,18.511111111111124,0.519547482728469,-0.09000000000000008,-1.3,-1.3,2.7777777777777777,2.7777777777777777
9,1.4000000000000001,False,0,0.5428571428571429,False,30.555555555555554,-2.8108938893954294,-3.7111111111111095,1.1514034781426519,0.8999999999999999,-1.4000000000000001,-1.4000000000000001,2.7777777777777777,2.7777777777777777,30.555555555555554,16.25606533400887,15.733333333333345,0.319968044373828,-0.08000000000000007,-1.4000000000000001,-1.4000000000000001,2.7777777777777777,2.7777777777777777
9,1.5,False,0,0.4666666666666668,False,30.555555555555554,-3.871054265371412,-3.7111111111111095,0.9737547048288184,0.8500000000000001,-1.5,-1.5,2.7777777777777777,2.7777777777777777,30.555555555555554,13.222781986588462,12.955555555555563,-0.22441068720203416,-0.04999999999999982,-1.5,-1.5,2.7777777777777777,2.7777777777777777
9,1.6,False,0,0.4000000000000001,False,30.555555555555554,-3.330079999354205,-3.7111111111111095,1.2802238596229008,0.8000000000000003,-1.6,-1.6,2.7777777777777777,2.7777777777777777,30.555555555555554,12.925062164297877,12.955555555555563,-0.3172261585292955,-0.1599999999999997,-1.6,-1.6,2.7777777777777777,2.7777777777777777
9,1.7000000000000002,False,0,0.3411764705882353,False,30.555555555555554,-3.27408372287561,-3.7111111111111095,0.7389078993657909,0.75,-1.7000000000000002,-1.7000000000000002,2.7777777777777777,2.7777777777777777,30.555555555555554,11.171598994445851,10.177777777777784,0.5864451456567874,-0.09999999999999964,-1.7000000000000002,-1.7000000000000002,2.7777777777777777,2.7777777777777777
11,0.0,False,0,4.0,False,30.555555555555554,-2.391289181934712,-2.9333333333333362,1.7429548378869302,1.6,0.0,0.0,2.7777777777777777,2.7777777777777777,,,,,,,,,
11,0.1,False,0,4.0,False,30.555555555555554,-2.47275474327214,-2.9333333333333362,1.5161824410500495,1.54,-0.1,-0.1,2.7777777777777777,2.7777777777777777,30.555555555555554,428.266039511463,427.62222222222084,0.10034400452701542,-0.00999999999999579,-0.1,-0.1,2.7777777777777777,2.7777777777777777
11,0.2,False,0,4.0,False,30.555555555555554,-2.329976209358459,-2.9333333333333362,1.7104927807782713,1.48,-0.2,-0.2,2.7777777777777777,2.7777777777777777,30.555555555555554,206.46954222689328,205.39999999999958,-0.21531835148373135,-0.019999999999997353,-0.2,-0.2,2.7777777777777777,2.7777777777777777
11,0.30000000000000004,False,0,4.0,False,30.555555555555554,-2.7657789392834244,-2.9333333333333362,1.2941594339085483,1.42,-0.30000000000000004,-0.30000000000000004,2.7777777777777777,2.7777777777777777,30.555555555555554,131.18937735112732,130.3999999999999,-0.12284172605020571,-0.020000000000001572,-0.30000000000000004,-0.30000000000000004,2.7777777777777777,2.7777777777777777
11,0.4,False,0,3.300000000000001,False,30.555555555555554,-2.5905583860191213,-2.9333333333333362,1.3487252668565382,1.3599999999999999,-0.4,-0.4,2.7777777777777777,2.7777777777777777,30.555555555555554,91.98040838256982,91.51111111111116,0.06332367809674122,-6.661338147750939e-16,-0.4,-0.4,2.7777777777777777,2.7777777777777777
11,0.5,False,0,2.5000000000000004,False,30.555555555555554,-3.1316478199773554,-2.9333333333333362,1.3647698403602928,1.3000000000000003,-0.5,-0.5,2.7777777777777777,2.7777777777777777,30.555555555555554,70.17385632174528,69.28888888888893,-0.02559299450821051,0.0,-0.5,-0.5,2.7777777777777777,2.7777777777777777
11,0.6000000000000001,False,0,1.9666666666666663,False,30.555555555555554,-2.768836915602466,-2.9333333333333362,1.3798971306862176,1.2400000000000002,-0.6000000000000001,-0.6000000000000001,2.7777777777777777,2.7777777777777777,30.555555555555554,55.35718150489666,55.400000000000034,-0.27600538390075346,-0.019999999999999574,-0.6000000000000001,-0.6000000000000001,2.7777777777777777,2.7777777777777777
11,0.7000000000000001,False,0,1.585714285714285,False,30.555555555555554,-2.8322273464669356,-2.9333333333333362,1.0501853607873608,1.1800000000000002,-0.7000000000000001,-0.7000000000000001,2.7777777777777777,2.7777777777777777,30.555555555555554,45.145043590727745,44.28888888888891,-0.017918464188029892,-0.009999999999999343,-0.7000000000000001,-0.7000000000000001,2.7777777777777777,2.7777777777777777
11,0.8,False,0,1.3,False,30.555555555555554,-2.647152009830285,-2.9333333333333362,0.8984967944625475,1.12,-0.8,-0.8,2.7777777777777777,2.7777777777777777,30.555555555555554,36.03069034640458,35.95555555555558,-0.06525344858025006,-2.220446049250313e-16,-0.8,-0.8,2.7777777777777777,2.7777777777777777
11,0.9,False,0,1.077777777777778,False,30.555555555555554,-2.341865699254245,-2.9333333333333362,1.2383139188937027,1.06,-0.9,-0.9,2.7777777777777777,2.7777777777777777,30.555555555555554,30.933527853150782,30.400000000000016,0.12123571774588138,-0.02000000000000024,-0.9,-0.9,2.7777777777777777,2.7777777777777777
11,1.0,False,0,0.8999999999999999,False,30.555555555555554,-2.3719426077166004,-2.9333333333333327,1.2380745642136293,1.0,-1.0,-1.0,2.7777777777777777,2.7777777777777777,30.555555555555554,25.086483365766718,24.84444444444446,-0.09260098498873903,0.0,-1.0,-1.0,2.7777777777777777,2.7777777777777777
11,1.1,False,0,0.7545454545454545,False,30.555555555555554,-2.9605228117606393,-2.9333333333333327,0.9040714623211259,0.94,-1.1,-1.1,2.7777777777777777,2.7777777777777777,30.555555555555554,22.55612426230165,22.06666666666668,-0.011295668447199203,-0.0499999999999996,-1.1,-1.1,2.7777777777777777,2.7777777777777777
11,1.2000000000000002,False,0,0.6333333333333331,False,30.555555555555554,-3.1205913223106334,-2.9333333333333327,0.7836336094917429,0.8799999999999999,-1.2000000000000002,-1.2000000000000002,2.7777777777777777,2.7777777777777777,30.555555555555554,19.06612504198971,19.288888888888902,-0.1594761323522087,-0.07999999999999963,-1.2000000000000002,-1.2000000000000002,2.7777777777777777,2.7777777777777777
11,1.3,False,0,0.5307692307692307,False,30.555555555555554,-2.117212967374921,-2.9333333333333327,0.9467703670038654,0.8199999999999998,-1.3,-1.3,2.7777777777777777,2.7777777777777777,30.555555555555554,17.20956658283757,16.511111111111124,0.11459619256837605,-0.09000000000000008,-1.3,-1.3,2.7777777777777777,2.7777777777777777
11,1.4000000000000001,False,0,0.4428571428571429,False,30.555555555555554,-2.593602178991346,-2.9333333333333327,0.8846669017723232,0.7600000000000002,-1.4000000000000001,-1.4000000000000001,2.7777777777777777,2.7777777777777777,30.555555555555554,14.403067253937817,13.733333333333345,0.07755577391275259,-0.08000000000000007,-1.4000000000000001,-1.4000000000000001,2.7777777777777777,2.7777777777777777
11,1.5,False,0,0.36666666666666686,False,30.555555555555554,-2.745099404193126,-2.9333333333333327,0.7456964734360874,0.7000000000000002,-1.5,-1.5,2.7777777777777777,2.7777777777777777,30.555555555555554,11.344215037691828,10.955555555555563,0.03813411300979652,-0.04999999999999982,-1.5,-1.5,2.7777777777777777,2.7777777777777777
11,1.6,False,0,0.3,False,30.555555555555554,-2.4664478043565117,-2.9333333333333327,0.9032349738217014,0.6400000000000001,-1.6,-1.6,2.7777777777777777,2.7777777777777777,30.555555555555554,11.433911539248182,10.955555555555563,0.051000610749552644,-0.1599999999999997,-1.6,-1.6,2.7777777777777777,2.7777777777777777
11,1.7000000000000002,False,0,0.24117647058823535,False,30.555555555555554,-2.528405651087751,-2.9333333333333327,0.615888049035314,0.5800000000000001,-1.7000000000000002,-1.7000000000000002,2.7777777777777777,2.7777777777777777,30.555555555555554,8.473296714407528,8.177777777777784,0.21115038766292926,-0.09999999999999964,-1.7000000000000002,-1.7000000000000002,2.7777777777777777,2.7777777777777777
13,0.0,False,0,4.0,False,30.555555555555554,-3.938934030922062,-3.6666666666666634,1.7190674987006829,1.6,0.0,0.0,2.7777777777777777,2.7777777777777777,,,,,,,,,
13,0.1,False,0,4.0,False,30.555555555555554,-4.003761389708752,-3.6666666666666634,1.4749336981766423,1.54,-0.1,-0.1,2.7777777777777777,2.7777777777777777,30.555555555555554,425.76452498334663,425.62222222222084,-0.22514501003634302,-0.00999999999999579,-0.1,-0.1,2.7777777777777777,2.7777777777777777
13,0.2,False,0,4.0,False,30.555555555555554,-4.221139780179974,-3.6666666666666634,1.198846806966014,1.48,-0.2,-0.2,2.7777777777777777,2.7777777777777777,30.555555555555554,203.50773272183338,203.39999999999958,0.09915957926238894,-0.019999999999997353,-0.2,-0.2,2.7777777777777777,2.7777777777777777
13,0.30000000000000004,False,0,4.0,False,30.555555555555554,-4.016273902185794,-3.6666666666666634,1.3591657661257233,1.42,-0.30000000000000004,-0.30000000000000004,2.7777777777777777,2.7777777777777777,30.555555555555554,128.5223241950157,128.3999999999999,0.43609288002482716,-0.020000000000001572,-0.30000000000000004,-0.30000000000000004,2.7777777777777777,2.7777777777777777
13,0.4,False,0,3.300000000000001,False,30.555555555555554,-4.297383605032549,-3.6666666666666634,1.3216874810626917,1.3599999999999999,-0.4,-0.4,2.7777777777777777,2.7777777777777777,30.555555555555554,90.56376142145744,89.51111111111116,0.3061365128081617,-6.661338147750939e-16,-0.4,-0.4,2.7777777777777777,2.7777777777777777
13,0.5,False,0,2.5000000000000004,False,30.555555555555554,-4.0109095324889585,-3.6666666666666634,1.5618917325972719,1.3000000000000003,-0.5,-0.5,2.7777777777777777,2.7777777777777777,30.555555555555554,67.20817744254192,67.28888888888893,-0.11403853203493308,0.0,-0.5,-0.5,2.7777777777777777,2.7777777777777777
13,0.6000000000000001,False,0,1.9666666666666663,False,30.555555555555554,-3.5112098875301063,-3.6666666666666634,1.2783279195433552,1.2400000000000002,-0.6000000000000001,-0.6000000000000001,2.7777777777777777,2.7777777777777777,30.555555555555554,53.8098658222373,53.400000000000034,0.02204384653591962,-0.019999999999999574,-0.6000000000000001,-0.6000000000000001,2.7777777777777777,2.7777777777777777
13,0.7000000000000001,False,0,1.585714285714285,False,30.555555555555554,-3.6239331694095887,-3.6666666666666634,1.152828098422947,1.1800000000000002,-0.7000000000000001,-0.7000000000000001,2.7777777777777777,2.7777777777777777,30.555555555555554,42.718497209124294,42.28888888888891,0.006926152452965351,-0.009999999999999343,-0.7000000000000001,-0.7000000000000001,2.7777777777777777,2.7777777777777777
13,0.8,False,0,1.3,False,30.555555555555554,-4.248611730318504,-3.6666666666666634,1.0950945733589448,1.12,-0.8,-0.8,2.7777777777777777,2.7777777777777777,30.555555555555554,34.777394166371465,33.95555555555558,0.27316550515948634,-2.220446049250313e-16,-0.8,-0.8,2.7777777777777777,2.7777777777777777
13,0.9,False,0,1.077777777777778,False,30.555555555555554,-3.847107636394198,-3.6666666666666634,0.7972668585281917,1.06,-0.9,-0.9,2.7777777777777777,2.7777777777777777,30.555555555555554,28.463330302646053,28.400000000000016,-0.007375451819858769,-0.02000000000000024,-0.9,-0.9,2.7777777777777777,2.7777777777777777
13,1.0,False,0,0.8999999999999999,False,30.555555555555554,-3.419784132074567,-3.666666666666667,1.404739977581106,1.0,-1.0,-1.0,2.7777777777777777,2.7777777777777777,30.555555555555554,23.03238072161259,22.84444444444446,0.04007972642731561,0.0,-1.0,-1.0,2.7777777777777777,2.7777777777777777
13,1.1,False,0,0.7545454545454545,False,30.555555555555554,-4.095545787917319,-3.666666666666667,1.5952611667574454,0.94,-1.1,-1.1,2.7777777777777777,2.7777777777777777,30.555555555555554,19.97916287234122,20.06666666666668,0.4041980792851225,-0.0499999999999996,-1.1,-1.1,2.7777777777777777,2.7777777777777777
13,1.2000000000000002,False,0,0.6333333333333331,False,30.555555555555554,-3.8568335409734145,-3.666666666666667,0.7844750943036605,0.8799999999999999,-1.2000000000000002,-1.2000000000000002,2.7777777777777777,2.7777777777777777,30.555555555555554,17.300803438598958,17.288888888888902,0.035733818451070265,-0.07999999999999963,-1.2000000000000002,-1.2000000000000002,2.7777777777777777,2.7777777777777777
13,1.3,False,0,0.5307692307692307,False,30.555555555555554,-3.9536039131897764,-3.666666666666667,0.9592436011285779,0.8199999999999998,-1.3,-1.3,2.7777777777777777,2.7777777777777777,30.555555555555554,14.981459657561235,14.511111111111124,-0.03553860404760045,-0.09000000000000008,-1.3,-1.3,2.7777777777777777,2.7777777777777777
13,1.4000000000000001,False,0,0.4428571428571429,False,30.555555555555554,-3.8838835087138746,-3.666666666666667,0.8362463234180542,0.7600000000000002,-1.4000000000000001,-1.4000000000000001,2.7777777777777777,2.7777777777777777,30.555555555555554,12.697211006030027,11.733333333333345,0.4677557464817048,-0.08000000000000007,-1.4000000000000001,-1.4000000000000001,2.7777777777777777,2.7777777777777777
13,1.5,False,0,0.36666666666666686,False,30.555555555555554,-3.676258971416728,-3.666666666666667,0.8318088083245816,0.7000000000000002,-1.5,-1.5,2.7777777777777777,2.7777777777777777,30.555555555555554,9.142207400125127,8.955555555555563,0.1485992926941826,-0.04999999999999982,-1.5,-1.5,2.7777777777777777,2.7777777777777777
13,1.6,False,0,0.3,False,30.555555555555554,-4.26643312185931,-3.666666666666667,0.96283141000746,0.6400000000000001,-1.6,-1.6,2.7777777777777777,2.7777777777777777,30.555555555555554,9.96572279127307,8.955555555555563,0.47298648870354354,-0.1599999999999997,-1.6,-1.6,2.7777777777777777,2.7777777777777777
13,1.7000000000000002,False,0,0.24117647058823535,False,30.555555555555554,-4.132755150611778,-3.666666666666667,1.143237203616287,0.5800000000000001,-1.7000000000000002,-1.7000000000000002,2.7777777777777777,2.7777777777777777,30.555555555555554,6.51415650884545,6.177777777777785,0.008717621607226222,-0.09999999999999964,-1.7000000000000002,-1.7000000000000002,2.7777777777777777,2.7777777777777777
15,0.0,False,0,4.0,False,30.555555555555554,-4.275393498863713,-4.155555555555561,1.5892284866638846,1.6,0.0,0.0,2.7777777777777777,2.7777777777777777,,,,,,,,,
15,0.1,False,0,4.0,False,30.555555555555554,-3.4798820272483644,-4.155555555555561,1.6552294211329666,1.5300000000000002,-0.1,-0.1,2.7777777777777777,2.7777777777777777,30.555555555555554,424.34986992462456,423.62222222222084,-0.2854613885156003,-0.00999999999999579,-0.1,-0.1,2.7777777777777777,2.7777777777777777
15,0.2,False,0,4.0,False,30.555555555555554,-4.269371649453858,-4.155555555555561,1.5022087201935852,1.46,-0.2,-0.2,2.7777777777777777,2.7777777777777777,30.555555555555554,201.94516069940406,201.39999999999958,0.09465962043065601,-0.019999999999997353,-0.2,-0.2,2.7777777777777777,2.7777777777777777
15,0.30000000000000004,False,0,4.0,False,30.555555555555554,-3.8584583357607363,-4.155555555555561,1.519758813124104,1.3900000000000001,-0.30000000000000004,-0.30000000000000004,2.7777777777777777,2.7777777777777777,30.555555555555554,127.10110431147642,126.3999999999999,0.06713402797062651,-0.020000000000001572,-0.30000000000000004,-0.30000000000000004,2.7777777777777777,2.7777777777777777
15,0.4,False,0,3.200000000000001,False,30.555555555555554,-3.748699162521034,-4.155555555555561,1.344291752915891,1.3200000000000003,-0.4,-0.4,2.7777777777777777,2.7777777777777777,30.555555555555554,88.484484660215,87.51111111111116,0.09803091682844944,-6.661338147750939e-16,-0.4,-0.4,2.7777777777777777,2.7777777777777777
15,0.5,False,0,2.400000000000001,False,30.555555555555554,-3.1799503861086142,-4.155555555555561,1.5350215018975484,1.25,-0.5,-0.5,2.7777777777777777,2.7777777777777777,30.555555555555554,65.5514699465569,65.28888888888893,-0.09919542603793086,0.0,-0.5,-0.5,2.7777777777777777,2.7777777777777777
15,0.6000000000000001,False,0,1.866666666666667,False,30.555555555555554,-3.816227878964109,-4.155555555555561,1.31670802855345,1.1800000000000002,-0.6000000000000001,-0.6000000000000001,2.7777777777777777,2.7777777777777777,30.555555555555554,51.46088251758391,51.400000000000034,0.0829413152116254,-0.019999999999999574,-0.6000000000000001,-0.6000000000000001,2.7777777777777777,2.7777777777777777
15,0.7000000000000001,False,0,1.4857142857142855,False,30.555555555555554,-2.924660542635748,-4.155555555555561,1.5545852851210142,1.1099999999999999,-0.7000000000000001,-0.7000000000000001,2.7777777777777777,2.7777777777777777,30.555555555555554,40.27915908884976,40.28888888888891,0.22823106491557166,-0.009999999999999343,-0.7000000000000001,-0.7000000000000001,2.7777777777777777,2.7777777777777777
15,0.8,False,0,1.2000000000000004,False,30.555555555555554,-3.5801316327736634,-4.155555555555561,1.2211333550534302,1.04,-0.8,-0.8,2.7777777777777777,2.7777777777777777,30.555555555555554,32.40095005233194,31.955555555555573,0.4933176507333683,-2.220446049250313e-16,-0.8,-0.8,2.7777777777777777,2.7777777777777777
15,0.9,False,0,0.9777777777777776,False,30.555555555555554,-3.6698310511816343,-4.155555555555561,1.3011037404092183,0.9700000000000002,-0.9,-0.9,2.7777777777777777,2.7777777777777777,30.555555555555554,27.117553783296444,26.400000000000013,0.09403225324194375,-0.02000000000000024,-0.9,-0.9,2.7777777777777777,2.7777777777777777
15,1.0,False,0,0.8000000000000003,False,30.555555555555554,-4.170596963572769,-4.155555555555554,1.256870391083858,0.8999999999999999,-1.0,-1.0,2.7777777777777777,2.7777777777777777,30.555555555555554,20.854935935620187,20.84444444444446,0.058886875607431,0.0,-1.0,-1.0,2.7777777777777777,2.7777777777777777
15,1.1,False,0,0.6545454545454547,False,30.555555555555554,-3.9378596787391364,-4.155555555555554,0.9974346533143827,0.8300000000000001,-1.1,-1.1,2.7777777777777777,2.7777777777777777,30.555555555555554,18.156659683711077,18.06666666666668,0.27170971363645435,-0.0499999999999996,-1.1,-1.1,2.7777777777777777,2.7777777777777777
15,1.2000000000000002,False,0,0.5333333333333333,False,30.555555555555554,-3.5955057536800856,-4.155555555555554,1.1465247102748326,0.7599999999999998,-1.2000000000000002,-1.2000000000000002,2.7777777777777777,2.7777777777777777,30.555555555555554,15.388007189329034,15.288888888888902,-0.06949828914418243,-0.07999999999999963,-1.2000000000000002,-1.2000000000000002,2.7777777777777777,2.7777777777777777
15,1.3,False,0,0.4307692307692308,False,30.555555555555554,-4.193347734347145,-4.155555555555554,0.5979953608440169,0.69,-1.3,-1.3,2.7777777777777777,2.7777777777777777,30.555555555555554,13.031091688333333,12.511111111111124,0.22747137043578203,-0.09000000000000008,-1.3,-1.3,2.7777777777777777,2.7777777777777777
15,1.4000000000000001,False,0,0.3428571428571428,False,30.555555555555554,-4.155914092306953,-4.155555555555554,0.5400941837795705,0.6200000000000001,-1.4000000000000001,-1.4000000000000001,2.7777777777777777,2.7777777777777777,30.555555555555554,10.642225426884135,9.733333333333345,0.4967036563501632,-0.08000000000000007,-1.4000000000000001,-1.4000000000000001,2.7777777777777777,2.7777777777777777
15,1.5,False,0,0.2666666666666666,False,30.555555555555554,-3.911439653104696,-4.155555555555554,0.7527968235737523,0.5500000000000003,-1.5,-1.5,2.7777777777777777,2.7777777777777777,30.555555555555554,8.242342903908565,6.955555555555564,1.0567138495033195,-0.04999999999999982,-1.5,-1.5,2.7777777777777777,2.7777777777777777
15,1.6,False,0,0.20000000000000018,False,30.555555555555554,-3.513215229344179,-4.155555555555554,0.8984875992465979,0.48,-1.6,-1.6,2.7777777777777777,2.7777777777777777,30.555555555555554,7.828077564752506,6.955555555555564,0.5195059078903475,-0.1599999999999997,-1.6,-1.6,2.7777777777777777,2.7777777777777777
15,1.7000000000000002,False,0,0.1411764705882354,False,30.555555555555554,-3.859006774036323,-4.155555555555554,0.7430769278575973,0.41000000000000014,-1.7000000000000002,-1.7000000000000002,2.7777777777777777,2.7777777777777777,30.555555555555554,4.872873069953472,4.177777777777785,0.3730887176515627,-0.09999999999999964,-1.7000000000000002,-1.7000000000000002,2.7777777777777777,2.7777777777777777
17,0.0,False,0,4.0,False,30.555555555555554,-3.5188679919879275,-3.377777777777779,1.7321390049518084,1.6,0.0,0.0,2.7777777777777777,2.7777777777777777,,,,,,,,,
17,0.1,False,0,4.0,False,30.555555555555554,-2.1663633517809826,-3.377777777777779,1.7033459742576063,1.52,-0.1,-0.1,2.7777777777777777,2.7777777777777777,30.555555555555554,421.8813615020471,421.62222222222084,0.039681761429087414,-0.00999999999999579,-0.1,-0.1,2.7777777777777777,2.7777777777777777
17,0.2,False,0,4.0,False,30.555555555555554,-2.9688547919479893,-3.377777777777779,1.415620330345357,1.44,-0.2,-0.2,2.7777777777777777,2.7777777777777777,30.555555555555554,199.72528856795535,199.39999999999958,0.18250271434113863,-0.019999999999997353,-0.2,-0.2,2.7777777777777777,2.7777777777777777
17,0.30000000000000004,False,0,4.0,False,30.555555555555554,-3.050030018285905,-3.377777777777779,1.1036426693810282,1.3599999999999999,-0.30000000000000004,-0.30000000000000004,2.7777777777777777,2.7777777777777777,30.555555555555554,124.69917969560562,124.3999999999999,-0.07607158671978587,-0.020000000000001572,-0.30000000000000004,-0.30000000000000004,2.7777777777777777,2.7777777777777777
17,0.4,False,0,3.100000000000001,False,30.555555555555554,-3.3271756279544986,-3.377777777777779,1.1629299181664723,1.2800000000000002,-0.4,-0.4,2.7777777777777777,2.7777777777777777,30.555555555555554,85.39092331264608,85.51111111111116,-0.017852638007984645,-6.661338147750939e-16,-0.4,-0.4,2.7777777777777777,2.7777777777777777
17,0.5,False,0,2.2999999999999994,False,30.555555555555554,-3.1524115171305445,-3.377777777777779,1.2337318382765803,1.2000000000000002,-0.5,-0.5,2.7777777777777777,2.7777777777777777,30.555555555555554,63.310533661037155,63.288888888888934,0.2736589761831376,0.0,-0.5,-0.5,2.7777777777777777,2.7777777777777777
17,0.6000000000000001,False,0,1.7666666666666662,False,30.555555555555554,-2.739393232231545,-3.377777777777779,1.1792651708791837,1.12,-0.6000000000000001,-0.6000000000000001,2.7777777777777777,2.7777777777777777,30.555555555555554,50.31673123617025,49.400000000000034,0.1550748575321177,-0.019999999999999574,-0.6000000000000001,-0.6000000000000001,2.7777777777777777,2.7777777777777777
17,0.7000000000000001,False,0,1.385714285714286,False,30.555555555555554,-2.518612812500602,-3.377777777777779,1.1102028633765313,1.04,-0.7000000000000001,-0.7000000000000001,2.7777777777777777,2.7777777777777777,30.555555555555554,38.8950169937741,38.28888888888891,0.2517030907379847,-0.009999999999999343,-0.7000000000000001,-0.7000000000000001,2.7777777777777777,2.7777777777777777
17,0.8,False,0,1.1000000000000003,False,30.555555555555554,-3.4725925518483924,-3.377777777777779,0.9329150652905627,0.9600000000000004,-0.8,-0.8,2.7777777777777777,2.7777777777777777,30.555555555555554,30.593875059026157,29.955555555555573,-0.08540484182849117,-2.220446049250313e-16,-0.8,-0.8,2.7777777777777777,2.7777777777777777
17,0.9,False,0,0.8777777777777778,False,30.555555555555554,-1.7798093836372741,-3.377777777777779,1.2195260205569092,0.8799999999999999,-0.9,-0.9,2.7777777777777777,2.7777777777777777,30.555555555555554,25.074778576562622,24.400000000000013,0.2573250224543622,-0.02000000000000024,-0.9,-0.9,2.7777777777777777,2.7777777777777777
17,1.0,False,0,0.7000000000000002,False,30.555555555555554,-3.1827051820007375,-3.377777777777772,0.9098160157467219,0.8000000000000003,-1.0,-1.0,2.7777777777777777,2.7777777777777777,30.555555555555554,18.910417171345088,18.84444444444446,-0.020491104494198442,0.0,-1.0,-1.0,2.7777777777777777,2.7777777777777777
17,1.1,False,0,0.5545454545454548,False,30.555555555555554,-3.044907068027576,-3.377777777777772,0.7246731201849079,0.7200000000000002,-1.1,-1.1,2.7777777777777777,2.7777777777777777,30.555555555555554,17.695114825804268,16.06666666666668,0.5305394390270335,-0.0499999999999996,-1.1,-1.1,2.7777777777777777,2.7777777777777777
17,1.2000000000000002,False,0,0.4333333333333333,False,30.555555555555554,-2.9999451661807255,-3.377777777777772,0.6454114849749502,0.6400000000000001,-1.2000000000000002,-1.2000000000000002,2.7777777777777777,2.7777777777777777,30.555555555555554,13.56422903654358,13.288888888888902,0.09124429253725141,-0.07999999999999963,-1.2000000000000002,-1.2000000000000002,2.7777777777777777,2.7777777777777777
17,1.3,False,0,0.33076923076923087,False,30.555555555555554,-3.307107926570196,-3.377777777777772,0.30003167928290564,0.56,-1.3,-1.3,2.7777777777777777,2.7777777777777777,30.555555555555554,10.34388149779966,10.511111111111124,-0.3226777093915876,-0.09000000000000008,-1.3,-1.3,2.7777777777777777,2.7777777777777777
17,1.4000000000000001,False,0,0.24285714285714274,False,30.555555555555554,-2.7635824560228555,-3.377777777777772,0.8164754716217479,0.48,-1.4000000000000001,-1.4000000000000001,2.7777777777777777,2.7777777777777777,30.555555555555554,8.611314006530705,7.733333333333346,0.6715474581399992,-0.08000000000000007,-1.4000000000000001,-1.4000000000000001,2.7777777777777777,2.7777777777777777
17,1.5,False,0,0.16666666666666666,False,30.555555555555554,-3.168120270170749,-3.377777777777772,0.5201233892624861,0.3999999999999999,-1.5,-1.5,2.7777777777777777,2.7777777777777777,30.555555555555554,5.9333510095434265,4.955555555555564,0.6039621055009499,-0.04999999999999982,-1.5,-1.5,2.7777777777777777,2.7777777777777777
17,1.6,False,0,0.10000000000000009,False,30.555555555555554,-3.0984461551618585,-3.377777777777772,0.4340723804927178,0.3200000000000003,-1.6,-1.6,2.7777777777777777,2.7777777777777777,30.555555555555554,6.013675166972608,4.955555555555564,0.590863509976268,-0.1599999999999997,-1.6,-1.6,2.7777777777777777,2.7777777777777777
17,1.7000000000000002,False,0,0.04117647058823546,False,30.555555555555554,-2.083579605318042,-3.377777777777772,0.7026798829918293,0.2400000000000002,-1.7000000000000002,-1.7000000000000002,2.7777777777777777,2.7777777777777777,30.555555555555554,2.731573154503381,2.177777777777785,0.18472088401673492,-0.09999999999999964,-1.7000000000000002,-1.7000000000000002,2.7777777777777777,2.7777777777777777
19,0.0,False,0,4.0,False,30.555555555555554,-3.512622408758147,-3.2222222222222205,1.4541093075037814,1.6,0.0,0.0,2.7777777777777777,2.7777777777777777,,,,,,,,,
19,0.1,False,0,4.0,False,30.555555555555554,-3.5951824729030006,-3.2222222222222205,1.5114102131758598,1.52,-0.1,-0.1,2.7777777777777777,2.7777777777777777,30.555555555555554,419.433456163062,419.62222222222084,-0.2417290594517123,-0.00999999999999579,-0.1,-0.1,2.7777777777777777,2.7777777777777777
19,0.2,False,0,4.0,False,30.555555555555554,-3.463567391167529,-3.2222222222222205,1.5244893044670405,1.44,-0.2,-0.2,2.7777777777777777,2.7777777777777777,30.555555555555554,197.809929423939,197.39999999999958,0.10199759375791251,-0.019999999999997353,-0.2,-0.2,2.7777777777777777,2.7777777777777777
19,0.30000000000000004,False,0,4.0,False,30.555555555555554,-4.029262333097182,-3.2222222222222205,1.5552982015969197,1.3599999999999999,-0.30000000000000004,-0.30000000000000004,2.7777777777777777,2.7777777777777777,30.555555555555554,122.79615535460435,122.3999999999999,-0.1562029566842864,-0.020000000000001572,-0.30000000000000004,-0.30000000000000004,2.7777777777777777,2.7777777777777777
19,0.4,False,0,3.100000000000001,False,30.555555555555554,-3.430699004138371,-3.2222222222222205,1.32818700493061,1.2800000000000002,-0.4,-0.4,2.7777777777777777,2.7777777777777777,30.555555555555554,83.41873728548569,83.51111111111116,-0.08914094188789035,-6.661338147750939e-16,-0.4,-0.4,2.7777777777777777,2.7777777777777777
19,0.5,False,0,2.2999999999999994,False,30.555555555555554,-3.495016621841571,-3.2222222222222205,1.038295762022723,1.2000000000000002,-0.5,-0.5,2.7777777777777777,2.7777777777777777,30.555555555555554,61.862966765400444,61.288888888888934,0.09003558307602022,0.0,-0.5,-0.5,2.7777777777777777,2.7777777777777777
19,0.6000000000000001,False,0,1.7666666666666662,False,30.555555555555554,-3.9182676129698804,-3.2222222222222205,1.2634682273411073,1.12,-0.6000000000000001,-0.6000000000000001,2.7777777777777777,2.7777777777777777,30.555555555555554,47.81991629130204,47.400000000000034,0.0353666990658108,-0.019999999999999574,-0.6000000000000001,-0.6000000000000001,2.7777777777777777,2.7777777777777777
19,0.7000000000000001,False,0,1.385714285714286,False,30.555555555555554,-3.125074469476931,-3.2222222222222205,0.6926637812643084,1.04,-0.7000000000000001,-0.7000000000000001,2.7777777777777777,2.7777777777777777,30.555555555555554,36.18158557887536,36.28888888888891,-0.09430238791973777,-0.009999999999999343,-0.7000000000000001,-0.7000000000000001,2.7777777777777777,2.7777777777777777
19,0.8,False,0,1.1000000000000003,False,30.555555555555554,-3.9949308567687494,-3.2222222222222205,1.0785483459673628,0.9600000000000004,-0.8,-0.8,2.7777777777777777,2.7777777777777777,30.555555555555554,28.16910809445289,27.955555555555573,0.023889060568027976,-2.220446049250313e-16,-0.8,-0.8,2.7777777777777777,2.7777777777777777
19,0.9,False,0,0.8777777777777778,False,30.555555555555554,-3.0121181220169957,-3.2222222222222205,1.0395285812917106,0.8799999999999999,-0.9,-0.9,2.7777777777777777,2.7777777777777777,30.555555555555554,22.458583379922022,22.400000000000013,0.2175609512506198,-0.02000000000000024,-0.9,-0.9,2.7777777777777777,2.7777777777777777
19,1.0,False,0,0.7000000000000002,False,30.555555555555554,-2.889353255214231,-3.2222222222222276,0.6995540154878901,0.8000000000000003,-1.0,-1.0,2.7777777777777777,2.7777777777777777,30.555555555555554,16.75925781424626,16.84444444444446,-0.10681734454393199,0.0,-1.0,-1.0,2.7777777777777777,2.7777777777777777
19,1.1,False,0,0.5545454545454548,False,30.555555555555554,-3.705531529757116,-3.2222222222222276,0.914213920951827,0.7200000000000002,-1.1,-1.1,2.7777777777777777,2.7777777777777777,30.555555555555554,14.075385237807083,14.06666666666668,-0.20670669406819187,-0.0499999999999996,-1.1,-1.1,2.7777777777777777,2.7777777777777777
19,1.2000000000000002,False,0,0.4333333333333333,False,30.555555555555554,-3.903607009850986,-3.2222222222222276,0.7742119945151931,0.6400000000000001,-1.2000000000000002,-1.2000000000000002,2.7777777777777777,2.7777777777777777,30.555555555555554,11.615461815040817,11.288888888888902,-0.09401680258864831,-0.07999999999999963,-1.2000000000000002,-1.2000000000000002,2.7777777777777777,2.7777777777777777
19,1.3,False,0,0.33076923076923087,False,30.555555555555554,-3.9243099822096665,-3.2222222222222276,1.0719839926346406,0.56,-1.3,-1.3,2.7777777777777777,2.7777777777777777,30.555555555555554,8.380127132024572,8.511111111111124,-0.2453828808771472,-0.09000000000000008,-1.3,-1.3,2.7777777777777777,2.7777777777777777
19,1.4000000000000001,False,0,0.24285714285714274,False,30.555555555555554,-3.4837338917907656,-3.2222222222222276,0.35361599414733513,0.48,-1.4000000000000001,-1.4000000000000001,2.7777777777777777,2.7777777777777777,30.555555555555554,5.9498776067372825,5.733333333333346,0.003348450838178252,-0.08000000000000007,-1.4000000000000001,-1.4000000000000001,2.7777777777777777,2.7777777777777777
19,1.5,False,0,0.16666666666666666,False,30.555555555555554,-4.145853787905813,-3.2222222222222276,0.5637806269626005,0.3999999999999999,-1.5,-1.5,2.7777777777777777,2.7777777777777777,30.555555555555554,3.5770233499666846,2.9555555555555637,0.32071096520371833,-0.04999999999999982,-1.5,-1.5,2.7777777777777777,2.7777777777777777
19,1.6,False,0,0.10000000000000009,False,30.555555555555554,-3.6228571026616576,-3.2222222222222276,0.7100593324249802,0.3200000000000003,-1.6,-1.6,2.7777777777777777,2.7777777777777777,30.555555555555554,3.1061887668935464,2.9555555555555637,-0.1916870393030874,-0.1599999999999997,-1.6,-1.6,2.7777777777777777,2.7777777777777777
19,1.7000000000000002,False,0,0.04117647058823546,False,30.555555555555554,-4.110752933465657,-3.2222222222222276,0.9262829247095019,0.2400000000000002,-1.7000000000000002,-1.7000000000000002,2.7777777777777777,2.7777777777777777,30.555555555555554,0.9419418528648196,0.17777777777778514,0.49716480428423937,-0.09999999999999964,-1.7000000000000002,-1.7000000000000002,2.7777777777777777,2.7777777777777777
21,0.0,False,0,4.0,False,30.555555555555554,-3.9543900879023353,-3.999999999999999,1.5383799726914935,1.6,0.0,0.0,2.7777777777777777,2.7777777777777777,,,,,,,,,
21,0.1,False,0,4.0,False,30.555555555555554,-3.6464671943444626,-3.999999999999999,1.603371597625903,1.5100000000000002,-0.1,-0.1,2.7777777777777777,2.7777777777777777,30.555555555555554,417.59757928404764,417.62222222222084,0.10774124841525756,-0.00999999999999579,-0.1,-0.1,2.7777777777777777,2.7777777777777777
21,0.2,False,0,4.0,False,30.555555555555554,-3.7742610976414204,-3.999999999999999,1.5249386593604077,1.42,-0.2,-0.2,2.7777777777777777,2.7777777777777777,30.555555555555554,195.23160838769215,195.39999999999958,-0.24811309785131952,-0.019999999999997353,-0.2,-0.2,2.7777777777777777,2.7777777777777777
21,0.30000000000000004,False,0,4.0,False,30.555555555555554,-4.1033805568591815,-3.999999999999999,1.3124215837384385,1.33,-0.30000000000000004,-0.30000000000000004,2.7777777777777777,2.7777777777777777,30.555555555555554,120.60563544211662,120.3999999999999,-0.055551609655785095,-0.020000000000001572,-0.30000000000000004,-0.30000000000000004,2.7777777777777777,2.7777777777777777
21,0.4,False,0,3.000000000000001,False,30.555555555555554,-4.102363935055606,-3.999999999999999,1.4501730867114033,1.2400000000000002,-0.4,-0.4,2.7777777777777777,2.7777777777777777,30.555555555555554,82.31725439462083,81.51111111111116,0.13230759292174943,-6.661338147750939e-16,-0.4,-0.4,2.7777777777777777,2.7777777777777777
21,0.5,False,0,2.1999999999999997,False,30.555555555555554,-3.9865036955174054,-3.999999999999999,1.19587834995037,1.15,-0.5,-0.5,2.7777777777777777,2.7777777777777777,30.555555555555554,59.409351636545374,59.288888888888934,0.008874878249607754,0.0,-0.5,-0.5,2.7777777777777777,2.7777777777777777
21,0.6000000000000001,False,0,1.6666666666666665,False,30.555555555555554,-4.211600438040629,-3.999999999999999,1.1862080632705685,1.06,-0.6000000000000001,-0.6000000000000001,2.7777777777777777,2.7777777777777777,30.555555555555554,45.9435925554638,45.400000000000034,-0.046899191986163435,-0.019999999999999574,-0.6000000000000001,-0.6000000000000001,2.7777777777777777,2.7777777777777777
21,0.7000000000000001,False,0,1.2857142857142854,False,30.555555555555554,-3.719804939911419,-3.999999999999999,1.4388494721431262,0.9700000000000002,-0.7000000000000001,-0.7000000000000001,2.7777777777777777,2.7777777777777777,30.555555555555554,34.5378178796323,34.28888888888891,0.015658271394453083,-0.009999999999999343,-0.7000000000000001,-0.7000000000000001,2.7777777777777777,2.7777777777777777
21,0.8,False,0,1.0000000000000002,False,30.555555555555554,-3.8901586789787634,-3.999999999999999,1.2655521110433634,0.8800000000000003,-0.8,-0.8,2.7777777777777777,2.7777777777777777,30.555555555555554,26.978197336593517,25.95555555555557,0.4185700868642628,-2.220446049250313e-16,-0.8,-0.8,2.7777777777777777,2.7777777777777777
21,0.9,False,0,0.7777777777777775,False,30.555555555555554,-4.18601136759511,-3.999999999999999,1.0638676206582036,0.79,-0.9,-0.9,2.7777777777777777,2.7777777777777777,30.555555555555554,21.010638772952944,20.400000000000013,0.2379613791865256,-0.02000000000000024,-0.9,-0.9,2.7777777777777777,2.7777777777777777
21,1.0,False,0,0.6000000000000001,False,30.555555555555554,-4.026255301036502,-4.000000000000006,0.5727732787620439,0.7000000000000002,-1.0,-1.0,2.7777777777777777,2.7777777777777777,30.555555555555554,14.985854096147566,14.84444444444446,0.04944443025223211,0.0,-1.0,-1.0,2.7777777777777777,2.7777777777777777
21,1.1,False,0,0.4545454545454549,False,30.555555555555554,-4.013359840905216,-4.000000000000006,0.8188393549983943,0.6100000000000003,-1.1,-1.1,2.7777777777777777,2.7777777777777777,30.555555555555554,12.545741562189978,12.06666666666668,0.06715157760734214,-0.0499999999999996,-1.1,-1.1,2.7777777777777777,2.7777777777777777
21,1.2000000000000002,False,0,0.3333333333333332,False,30.555555555555554,-3.8777481662021414,-4.000000000000006,1.0879763033280803,0.52,-1.2000000000000002,-1.2000000000000002,2.7777777777777777,2.7777777777777777,30.555555555555554,10.138409776170597,9.288888888888902,0.21884473928127068,-0.07999999999999963,-1.2000000000000002,-1.2000000000000002,2.7777777777777777,2.7777777777777777
21,1.3,False,0,0.23076923076923062,False,30.555555555555554,-4.229314163403532,-4.000000000000006,0.5573943114018922,0.43000000000000016,-1.3,-1.3,2.7777777777777777,2.7777777777777777,30.555555555555554,7.251929150480515,6.511111111111124,0.4201269447013738,-0.09000000000000008,-1.3,-1.3,2.7777777777777777,2.7777777777777777
21,1.4000000000000001,False,0,0.14285714285714265,False,30.555555555555554,-4.181042153218946,-4.000000000000006,0.42612591611867234,0.33999999999999986,-1.4000000000000001,-1.4000000000000001,2.7777777777777777,2.7777777777777777,30.555555555555554,4.194971649601983,3.733333333333346,0.1170937417572726,-0.08000000000000007,-1.4000000000000001,-1.4000000000000001,2.7777777777777777,2.7777777777777777
21,1.5,False,0,0.06666666666666672,False,30.555555555555554,-3.8204927094303356,-4.000000000000006,0.2427009643331881,0.25,-1.5,-1.5,2.7777777777777777,2.7777777777777777,30.555555555555554,1.6369838947640902,0.9555555555555637,0.40342843219132885,-0.04999999999999982,-1.5,-1.5,2.7777777777777777,2.7777777777777777
21,1.6,False,0,1.3877787807814457e-16,False,30.555555555555554,-4.10498803469008,-4.000000000000006,0.5351962429643851,0.16000000000000014,-1.6,-1.6,2.7777777777777777,2.7777777777777777,30.555555555555554,2.040789638019352,0.9555555555555637,0.18911892035511135,-0.1599999999999997,-1.6,-1.6,2.7777777777777777,2.7777777777777777
21,1.7000000000000002,True,1,0.0,False,30.555555555555554,-4.252793597092128,-4.000000000000006,0.1958013932014877,0.07000000000000028,-1.7000000000000002,-1.7000000000000002,2.7777777777777777,2.7777777777777777,30.555555555555554,-1.7066317402825026,-1.8222222222222149,-0.32406722019757406,-0.09999999999999964,-1.7000000000000002,-1.7000000000000002,2.7777777777777777,2.7777777777777777
23,0.0,False,0,4.0,False,30.555555555555554,-2.9219576888885532,-3.822222222222222,1.7831838699312854,1.6,0.0,0.0,2.7777777777777777,2.7777777777777777,,,,,,,,,
23,0.1,False,0,4.0,False,30.555555555555554,-2.890505444317699,-3.822222222222222,1.32170650822402,1.5,-0.1,-0.1,2.7777777777777777,2.7777777777777777,30.555555555555554,416.2525153589498,415.62222222222084,-0.1298919078508416,-0.00999999999999579,-0.1,-0.1,2.7777777777777777,2.7777777777777777
23,0.2,False,0,4.0,False,30.555555555555554,-3.3262557435748255,-3.822222222222222,1.4184539955603248,1.4,-0.2,-0.2,2.7777777777777777,2.7777777777777777,30.555555555555554,194.0376965625799,193.39999999999958,-0.16012076429154498,-0.019999999999997353,-0.2,-0.2,2.7777777777777777,2.7777777777777777
23,0.30000000000000004,False,0,4.0,False,30.555555555555554,-3.8658141782318145,-3.822222222222222,1.5220003250528804,1.3000000000000003,-0.30000000000000004,-0.30000000000000004,2.7777777777777777,2.7777777777777777,30.555555555555554,119.06528075457848,118.3999999999999,-0.10009576543760534,-0.020000000000001572,-0.30000000000000004,-0.30000000000000004,2.7777777777777777,2.7777777777777777
23,0.4,False,0,2.900000000000001,False,30.555555555555554,-3.4761316404297515,-3.822222222222222,1.2614607189612466,1.2000000000000002,-0.4,-0.4,2.7777777777777777,2.7777777777777777,30.555555555555554,79.98121622945273,79.51111111111116,-0.09203867386695141,-6.661338147750939e-16,-0.4,-0.4,2.7777777777777777,2.7777777777777777
23,0.5,False,0,2.1,False,30.555555555555554,-3.7381704058461116,-3.822222222222222,1.1544441095174776,1.1,-0.5,-0.5,2.7777777777777777,2.7777777777777777,30.555555555555554,58.83343409244358,57.288888888888934,0.12197175526389525,0.0,-0.5,-0.5,2.7777777777777777,2.7777777777777777
23,0.6000000000000001,False,0,1.5666666666666664,False,30.555555555555554,-3.6401366736439966,-3.822222222222222,0.7995027702109927,1.0,-0.6000000000000001,-0.6000000000000001,2.7777777777777777,2.7777777777777777,30.555555555555554,43.90926266620803,43.400000000000034,0.05309966967965085,-0.019999999999999574,-0.6000000000000001,-0.6000000000000001,2.7777777777777777,2.7777777777777777
23,0.7000000000000001,False,0,1.1857142857142857,False,30.555555555555554,-3.3086322335618226,-3.822222222222222,0.8896001151121187,0.8999999999999999,-0.7000000000000001,-0.7000000000000001,2.7777777777777777,2.7777777777777777,30.555555555555554,33.09999253241283,32.28888888888891,0.22648306813912633,-0.009999999999999343,-0.7000000000000001,-0.7000000000000001,2.7777777777777777,2.7777777777777777
23,0.8,False,0,0.9000000000000002,False,30.555555555555554,-3.2128109812223107,-3.822222222222222,1.0540500161272437,0.8000000000000003,-0.8,-0.8,2.7777777777777777,2.7777777777777777,30.555555555555554,24.932447346203904,23.955555555555573,0.1895047840553068,-2.220446049250313e-16,-0.8,-0.8,2.7777777777777777,2.7777777777777777
23,0.9,False,0,0.6777777777777776,False,30.555555555555554,-3.3490806728072,-3.822222222222222,0.9418727914262348,0.6999999999999997,-0.9,-0.9,2.7777777777777777,2.7777777777777777,30.555555555555554,18.921072057308372,18.40000000000001,-0.06337858597678969,-0.02000000000000024,-0.9,-0.9,2.7777777777777777,2.7777777777777777
23,1.0,False,0,0.5,False,30.555555555555554,-3.1048495252992607,-3.822222222222215,0.9447116086798371,0.6000000000000001,-1.0,-1.0,2.7777777777777777,2.7777777777777777,30.555555555555554,13.29946023307344,12.84444444444446,0.2366263597557361,0.0,-1.0,-1.0,2.7777777777777777,2.7777777777777777
23,1.1,False,0,0.3545454545454546,False,30.555555555555554,-3.189292212022436,-3.822222222222215,0.772052265868945,0.5000000000000004,-1.1,-1.1,2.7777777777777777,2.7777777777777777,30.555555555555554,10.74173564720341,10.06666666666668,0.17843688803914848,-0.0499999999999996,-1.1,-1.1,2.7777777777777777,2.7777777777777777
23,1.2000000000000002,False,0,0.2333333333333335,False,30.555555555555554,-3.3745556785273,-3.822222222222215,0.4558638977478249,0.3999999999999999,-1.2000000000000002,-1.2000000000000002,2.7777777777777777,2.7777777777777777,30.555555555555554,8.242080012163068,7.288888888888903,-0.02023228781653441,-0.07999999999999963,-1.2000000000000002,-1.2000000000000002,2.7777777777777777,2.7777777777777777
23,1.3,False,0,0.13076923076923072,False,30.555555555555554,-3.5617819643091257,-3.822222222222215,0.5615384366688221,0.2999999999999998,-1.3,-1.3,2.7777777777777777,2.7777777777777777,30.555555555555554,5.118911506763806,4.511111111111124,0.4883826990876594,-0.09000000000000008,-1.3,-1.3,2.7777777777777777,2.7777777777777777
23,1.4000000000000001,False,0,0.04285714285714273,False,30.555555555555554,-2.9246629348516278,-3.822222222222215,0.5569850261858322,0.19999999999999973,-1.4000000000000001,-1.4000000000000001,2.7777777777777777,2.7777777777777777,30.555555555555554,1.749867624769931,1.7333333333333458,0.07736802848303226,-0.08000000000000007,-1.4000000000000001,-1.4000000000000001,2.7777777777777777,2.7777777777777777
23,1.5,True,1,0.0,False,30.555555555555554,-3.836654697734125,-3.822222222222215,0.007991908127286562,0.10000000000000009,-1.5,-1.5,2.7777777777777777,2.7777777777777777,30.555555555555554,-0.7506716248462117,-1.0444444444444363,0.1157771774598948,-0.04999999999999982,-1.5,-1.5,2.7777777777777777,2.7777777777777777
23,1.6,True,1,0.0,False,30.555555555555554,-3.2012445925269146,-3.822222222222215,0.13308673118938952,2.220446049250313e-16,-1.6,-1.6,2.7777777777777777,2.7777777777777777,30.555555555555554,-0.9119603724014231,-1.0444444444444363,-0.060768448230664296,-0.1599999999999997,-1.6,-1.6,2.7777777777777777,2.7777777777777777
23,1.7000000000000002,True,1,0.0,True,30.515555555555554,-3.7557948800723677,-3.8302222222222175,-0.11533669900736676,-0.09999999999999964,-1.7000000000000002,-1.7000000000000002,2.7777777777777777,2.7777777777777777,30.515555555555554,-3.7557948800723677,-3.8302222222222175,-0.11533669900736676,-0.09999999999999964,-1.7000000000000002,-1.7000000000000002,2.7777777777777777,2.7777777777777777
25,0.0,False,0,4.0,False,30.555555555555554,-2.175117660967344,-3.04444444444444,2.0634700305381592,1.6,0.0,0.0,2.7777777777777777,2.7777777777777777,,,,,,,,,
25,0.1,False,0,4.0,False,30.555555555555554,-2.830773083836088,-3.04444444444444,1.502477801637307,1.4900000000000002,-0.1,-0.1,2.7777777777777777,2.7777777777777777,30.555555555555554,413.58649083505077,413.62222222222084,-0.03434144002194506,-0.00999999999999579,-0.1,-0.1,2.7777777777777777,2.7777777777777777
25,0.2,False,0,4.0,False,30.555555555555554,-3.264954966531131,-3.04444444444444,1.4442388792595997,1.3800000000000003,-0.2,-0.2,2.7777777777777777,2.7777777777777777,30.555555555555554,192.12764073831022,191.39999999999958,-0.28588156197598313,-0.019999999999997353,-0.2,-0.2,2.7777777777777777,2.7777777777777777
25,0.30000000000000004,False,0,4.0,False,30.555555555555554,-3.117483908349004,-3.04444444444444,1.12379950720298,1.27,-0.30000000000000004,-0.30000000000000004,2.7777777777777777,2.7777777777777777,30.555555555555554,116.43293514690096,116.3999999999999,0.23533852647509423,-0.020000000000001572,-0.30000000000000004,-0.30000000000000004,2.7777777777777777,2.7777777777777777
25,0.4,False,0,2.8000000000000007,False,30.555555555555554,-2.680901261248297,-3.04444444444444,1.1044523864394273,1.1600000000000001,-0.4,-0.4,2.7777777777777777,2.7777777777777777,30.555555555555554,77.899629787195,77.51111111111116,-0.041963045988472336,-6.661338147750939e-16,-0.4,-0.4,2.7777777777777777,2.7777777777777777
25,0.5,False,0,2.0,False,30.555555555555554,-2.43669002279099,-3.04444444444444,1.0965701775044039,1.0500000000000003,-0.5,-0.5,2.7777777777777777,2.7777777777777777,30.555555555555554,55.480612787328205,55.288888888888934,-0.05580667821545493,0.0,-0.5,-0.5,2.7777777777777777,2.7777777777777777
25,0.6000000000000001,False,0,1.466666666666667,False,30.555555555555554,-2.573866994808827,-3.04444444444444,1.1701843539968646,0.94,-0.6000000000000001,-0.6000000000000001,2.7777777777777777,2.7777777777777777,30.555555555555554,41.82246264828403,41.400000000000034,0.21140648087474334,-0.019999999999999574,-0.6000000000000001,-0.6000000000000001,2.7777777777777777,2.7777777777777777
25,0.7000000000000001,False,0,1.0857142857142859,False,30.555555555555554,-2.483261005134124,-3.04444444444444,0.9348466054735192,0.8300000000000001,-0.7000000000000001,-0.7000000000000001,2.7777777777777777,2.7777777777777777,30.555555555555554,30.794163286974648,30.28888888888891,0.19190693839059358,-0.009999999999999343,-0.7000000000000001,-0.7000000000000001,2.7777777777777777,2.7777777777777777
25,0.8,False,0,0.8000000000000002,False,30.555555555555554,-2.8418544763256746,-3.04444444444444,0.9091127806540151,0.7200000000000002,-0.8,-0.8,2.7777777777777777,2.7777777777777777,30.555555555555554,22.46946639790009,21.955555555555573,0.020739572973263787,-2.220446049250313e-16,-0.8,-0.8,2.7777777777777777,2.7777777777777777
25,0.9,False,0,0.5777777777777778,False,30.555555555555554,-2.9448754530110177,-3.04444444444444,0.6384516742405806,0.6099999999999999,-0.9,-0.9,2.7777777777777777,2.7777777777777777,30.555555555555554,16.559158409458473,16.40000000000001,-0.1310651533924312,-0.02000000000000024,-0.9,-0.9,2.7777777777777777,2.7777777777777777
25,1.0,False,0,0.3999999999999999,False,30.555555555555554,-2.628658282175272,-3.0444444444444327,0.7500927502877777,0.5,-1.0,-1.0,2.7777777777777777,2.7777777777777777,30.555555555555554,10.803889579460094,10.84444444444446,0.05347358842883265,0.0,-1.0,-1.0,2.7777777777777777,2.7777777777777777
25,1.1,False,0,0.25454545454545474,False,30.555555555555554,-2.290402027744281,-3.0444444444444327,0.7342285424906718,0.3900000000000001,-1.1,-1.1,2.7777777777777777,2.7777777777777777,30.555555555555554,8.718537088348139,8.06666666666668,0.06140876603313461,-0.0499999999999996,-1.1,-1.1,2.7777777777777777,2.7777777777777777
25,1.2000000000000002,False,0,0.13333333333333344,False,30.555555555555554,-2.496590736252627,-3.0444444444444327,0.31383346687126457,0.28000000000000025,-1.2000000000000002,-1.2000000000000002,2.7777777777777777,2.7777777777777777,30.555555555555554,5.2890176431097204,5.288888888888903,-0.22955332852477106,-0.07999999999999963,-1.2000000000000002,-1.2000000000000002,2.7777777777777777,2.7777777777777777
25,1.3,False,0,0.030769230769230625,False,30.555555555555554,-2.8696622419675064,-3.0444444444444327,0.07076348195150617,0.16999999999999993,-1.3,-1.3,2.7777777777777777,2.7777777777777777,30.555555555555554,3.037973881879947,2.5111111111111244,0.2713269788447681,-0.09000000000000008,-1.3,-1.3,2.7777777777777777,2.7777777777777777
25,1.4000000000000001,True,1,0.0,False,30.555555555555554,-2.149559559933709,-3.0444444444444327,0.47278777942716976,0.05999999999999983,-1.4000000000000001,-1.4000000000000001,2.7777777777777777,2.7777777777777777,30.555555555555554,0.8353110421231849,-0.2666666666666542,0.608872967484809,-0.08000000000000007,-1.4000000000000001,-1.4000000000000001,2.7777777777777777,2.7777777777777777
25,1.5,True,1,0.0,False,30.555555555555554,-2.564685650147001,-3.0444444444444327,0.057856973346336105,-0.04999999999999982,-1.5,-1.5,2.7777777777777777,2.7777777777777777,30.555555555555554,-2.564685650147001,-3.0444444444444327,0.057856973346336105,-0.04999999999999982,-1.5,-1.5,2.7777777777777777,2.7777777777777777
25,1.6,True,1,0.0,True,30.515555555555554,-3.039552761922873,-3.0484444444444376,0.048961273131581384,-0.1599999999999997,-1.6,-1.6,2.7777777777777777,2.7777777777777777,30.515555555555554,-3.039552761922873,-3.0484444444444376,0.048961273131581384,-0.1599999999999997,-1.6,-1.6,2.7777777777777777,2.7777777777777777
25,1.7000000000000002,True,2,0.0,True,30.515555555555554,-2.4476596053192656,-3.0524444444444354,-0.18864526668703707,-0.2699999999999996,-1.7000000000000002,-1.7000000000000002,2.7777777777777777,2.7777777777777777,30.515555555555554,-3.200379851360295,-2.773777777777787,0.3680592541841876,-0.09999999999999964,-1.7000000000000002,-1.7000000000000002,2.7777777777777777,2.7777777777777777
27,0.0,False,0,4.0,False,30.555555555555554,-4.112577889301607,-3.55555555555556,1.6918685319552114,1.6,0.0,0.0,2.7777777777777777,2.7777777777777777,,,,,,,,,
27,0.1,False,0,4.0,False,30.555555555555554,-4.20491537461623,-3.55555555555556,1.5533178564148002,1.4900000000000002,-0.1,-0.1,2.7777777777777777,2.7777777777777777,30.555555555555554,412.3381329541475,411.62222222222084,0.12408386854166409,-0.00999999999999579,-0.1,-0.1,2.7777777777777777,2.7777777777777777
27,0.2,False,0,4.0,False,30.555555555555554,-3.906441888656661,-3.55555555555556,1.3154416599051846,1.3800000000000003,-0.2,-0.2,2.7777777777777777,2.7777777777777777,30.555555555555554,189.8783017656082,189.39999999999958,-0.020237524191987433,-0.019999999999997353,-0.2,-0.2,2.7777777777777777,2.7777777777777777
27,0.30000000000000004,False,0,4.0,False,30.555555555555554,-3.8687111230202005,-3.55555555555556,1.4090699248522585,1.27,-0.30000000000000004,-0.30000000000000004,2.7777777777777777,2.7777777777777777,30.555555555555554,115.18270286548166,114.3999999999999,-0.10341231411350149,-0.020000000000001572,-0.30000000000000004,-0.30000000000000004,2.7777777777777777,2.7777777777777777
27,0.4,False,0,2.8000000000000007,False,30.555555555555554,-3.626406299248589,-3.55555555555556,1.061548137984584,1.1600000000000001,-0.4,-0.4,2.7777777777777777,2.7777777777777777,30.555555555555554,75.99009370507535,75.51111111111116,-0.09935999526293182,-6.661338147750939e-16,-0.4,-0.4,2.7777777777777777,2.7777777777777777
27,0.5,False,0,2.0,False,30.555555555555554,-3.843494107356146,-3.55555555555556,1.2870700824114212,1.0500000000000003,-0.5,-0.5,2.7777777777777777,2.7777777777777777,30.555555555555554,53.829920261173214,53.288888888888934,0.20264050951597623,0.0,-0.5,-0.5,2.7777777777777777,2.7777777777777777
27,0.6000000000000001,False,0,1.466666666666667,False,30.555555555555554,-3.7510751096538923,-3.55555555555556,0.8781449705973863,0.94,-0.6000000000000001,-0.6000000000000001,2.7777777777777777,2.7777777777777777,30.555555555555554,39.99310759752142,39.400000000000034,0.3116256778352464,-0.019999999999999574,-0.6000000000000001,-0.6000000000000001,2.7777777777777777,2.7777777777777777
27,0.7000000000000001,False,0,1.0857142857142859,False,30.555555555555554,-3.8188478633061775,-3.55555555555556,0.8947439573357068,0.8300000000000001,-0.7000000000000001,-0.7000000000000001,2.7777777777777777,2.7777777777777777,30.555555555555554,28.44705228271938,28.28888888888891,0.055144886702257034,-0.009999999999999343,-0.7000000000000001,-0.7000000000000001,2.7777777777777777,2.7777777777777777
27,0.8,False,0,0.8000000000000002,False,30.555555555555554,-3.554425551000736,-3.55555555555556,0.5754410549451561,0.7200000000000002,-0.8,-0.8,2.7777777777777777,2.7777777777777777,30.555555555555554,19.854390781036397,19.955555555555573,0.022742417607142462,-2.220446049250313e-16,-0.8,-0.8,2.7777777777777777,2.7777777777777777
27,0.9,False,0,0.5777777777777778,False,30.555555555555554,-4.146239318742121,-3.55555555555556,0.7462868735243648,0.6099999999999999,-0.9,-0.9,2.7777777777777777,2.7777777777777777,30.555555555555554,14.385010509793656,14.40000000000001,0.09597028393437679,-0.02000000000000024,-0.9,-0.9,2.7777777777777777,2.7777777777777777
27,1.0,False,0,0.3999999999999999,False,30.555555555555554,-3.90732596493645,-3.555555555555567,0.6726318017302773,0.5,-1.0,-1.0,2.7777777777777777,2.7777777777777777,30.555555555555554,8.629943142193614,8.84444444444446,0.13894912586035213,0.0,-1.0,-1.0,2.7777777777777777,2.7777777777777777
27,1.1,False,0,0.25454545454545474,False,30.555555555555554,-3.4693455058073495,-3.555555555555567,0.44777795587504565,0.3900000000000001,-1.1,-1.1,2.7777777777777777,2.7777777777777777,30.555555555555554,6.637572127091436,6.0666666666666815,-0.03959459995926773,-0.0499999999999996,-1.1,-1.1,2.7777777777777777,2.7777777777777777
27,1.2000000000000002,False,0,0.13333333333333344,False,30.555555555555554,-4.107740759852422,-3.555555555555567,0.5974158593301389,0.28000000000000025,-1.2000000000000002,-1.2000000000000002,2.7777777777777777,2.7777777777777777,30.555555555555554,3.3350897517065237,3.288888888888903,-0.20534576391006332,-0.07999999999999963,-1.2000000000000002,-1.2000000000000002,2.7777777777777777,2.7777777777777777
27,1.3,False,0,0.030769230769230625,False,30.555555555555554,-3.3897011334030465,-3.555555555555567,0.21557314168156694,0.16999999999999993,-1.3,-1.3,2.7777777777777777,2.7777777777777777,30.555555555555554,0.35034569128130233,0.5111111111111244,0.09089377062661086,-0.09000000000000008,-1.3,-1.3,2.7777777777777777,2.7777777777777777
27,1.4000000000000001,True,1,0.0,False,30.555555555555554,-3.4629625719432964,-3.555555555555567,0.7079799866403653,0.05999999999999983,-1.4000000000000001,-1.4000000000000001,2.7777777777777777,2.7777777777777777,30.555555555555554,-2.2380247145505505,-2.266666666666654,0.025407368533656216,-0.08000000000000007,-1.4000000000000001,-1.4000000000000001,2.7777777777777777,2.7777777777777777
27,1.5,True,2,0.0,True,30.555555555555554,-3.9288747203048215,-3.555555555555567,-0.11009894707448598,-0.04999999999999982,-1.5,-1.5,2.7777777777777777,2.7777777777777777,30.555555555555554,-3.9288747203048215,-3.555555555555567,-0.11009894707448598,-0.04999999999999982,-1.5,-1.5,2.7777777777777777,2.7777777777777777
27,1.6,True,2,0.0,True,30.555555555555554,-3.507874932139873,-3.555555555555567,-0.218158466696033,-0.1599999999999997,-1.6,-1.6,2.7777777777777777,2.7777777777777777,30.555555555555554,-3.507874932139873,-3.555555555555567,-0.218158466696033,-0.1599999999999997,-1.6,-1.6,2.7777777777777777,2.7777777777777777
27,1.7000000000000002,True,2,0.0,False,30.555555555555554,-3.809582714368406,-3.555555555555567,0.4425315939915686,-0.2699999999999996,-1.7000000000000002,-1.7000000000000002,2.7777777777777777,2.7777777777777777,30.555555555555554,-0.792212172821567,-0.7777777777777883,0.09322493665368059,-0.09999999999999964,-1.7000000000000002,-1.7000000000000002,2.7777777777777777,2.7777777777777777
29,0.0,False,0,4.0,False,30.555555555555554,-3.4436579162338488,-4.266666666666661,1.7702009417944673,1.6,0.0,0.0,2.7777777777777777,2.7777777777777777,,,,,,,,,
29,0.1,False,0,4.0,False,30.555555555555554,-3.9031461985901386,-4.266666666666661,1.4459639978842485,1.48,-0.1,-0.1,2.7777777777777777,2.7777777777777777,30.555555555555554,409.6279651869252,409.62222222222084,0.21281140566017198,-0.00999999999999579,-0.1,-0.1,2.7777777777777777,2.7777777777777777
29,0.2,False,0,4.0,False,30.555555555555554,-4.130587546637822,-4.266666666666661,1.4812048514657254,1.3599999999999999,-0.2,-0.2,2.7777777777777777,2.7777777777777777,30.555555555555554,187.3411400478677,187.39999999999958,0.12178037071766168,-0.019999999999997353,-0.2,-0.2,2.7777777777777777,2.7777777777777777
29,0.30000000000000004,False,0,4.0,False,30.555555555555554,-4.009105438928141,-4.266666666666661,1.307032382783182,1.2400000000000002,-0.30000000000000004,-0.30000000000000004,2.7777777777777777,2.7777777777777777,30.555555555555554,113.25732571657566,112.3999999999999,-0.06987382631340688,-0.020000000000001572,-0.30000000000000004,-0.30000000000000004,2.7777777777777777,2.7777777777777777
29,0.4,False,0,2.7000000000000006,False,30.555555555555554,-3.7595845885495747,-4.266666666666661,1.1974034903308284,1.12,-0.4,-0.4,2.7777777777777777,2.7777777777777777,30.555555555555554,73.92841452241028,73.51111111111118,0.128148777191607,-6.661338147750939e-16,-0.4,-0.4,2.7777777777777777,2.7777777777777777
29,0.5,False,0,1.9000000000000004,False,30.555555555555554,-4.208102434223359,-4.266666666666661,0.8948529455337835,1.0,-0.5,-0.5,2.7777777777777777,2.7777777777777777,30.555555555555554,51.35895469628715,51.288888888888934,0.12241155014069038,0.0,-0.5,-0.5,2.7777777777777777,2.7777777777777777
29,0.6000000000000001,False,0,1.366666666666667,False,30.555555555555554,-4.277385663868752,-4.266666666666661,0.9768202346667105,0.8800000000000003,-0.6000000000000001,-0.6000000000000001,2.7777777777777777,2.7777777777777777,30.555555555555554,37.781421465390494,37.400000000000034,0.07159052477898342,-0.019999999999999574,-0.6000000000000001,-0.6000000000000001,2.7777777777777777,2.7777777777777777
29,0.7000000000000001,False,0,0.9857142857142855,False,30.555555555555554,-4.189170342573152,-4.266666666666661,0.644363206990334,0.7600000000000002,-0.7000000000000001,-0.7000000000000001,2.7777777777777777,2.7777777777777777,30.555555555555554,26.26512811729751,26.28888888888891,-0.07317156068477892,-0.009999999999999343,-0.7000000000000001,-0.7000000000000001,2.7777777777777777,2.7777777777777777
29,0.8,False,0,0.7000000000000001,False,30.555555555555554,-4.11503720844735,-4.266666666666661,1.0946631015111592,0.6400000000000001,-0.8,-0.8,2.7777777777777777,2.7777777777777777,30.555555555555554,17.657385858543183,17.955555555555573,-0.07942136699387614,-2.220446049250313e-16,-0.8,-0.8,2.7777777777777777,2.7777777777777777
29,0.9,False,0,0.47777777777777747,False,30.555555555555554,-3.4846085680110432,-4.266666666666661,0.7614415517144777,0.52,-0.9,-0.9,2.7777777777777777,2.7777777777777777,30.555555555555554,12.875723509935316,12.400000000000016,0.20724388309721853,-0.02000000000000024,-0.9,-0.9,2.7777777777777777,2.7777777777777777
29,1.0,False,0,0.30000000000000027,False,30.555555555555554,-3.8742620608660756,-4.266666666666654,0.5566549296254375,0.3999999999999999,-1.0,-1.0,2.7777777777777777,2.7777777777777777,30.555555555555554,7.742246226376243,6.844444444444467,0.3646060959313848,0.0,-1.0,-1.0,2.7777777777777777,2.7777777777777777
29,1.1,False,0,0.15454545454545487,False,30.555555555555554,-3.316398121905112,-4.266666666666654,0.6245040248540836,0.28000000000000025,-1.1,-1.1,2.7777777777777777,2.7777777777777777,30.555555555555554,4.887177303814053,4.066666666666689,0.08989262871982162,-0.0499999999999996,-1.1,-1.1,2.7777777777777777,2.7777777777777777
29,1.2000000000000002,False,0,0.03333333333333354,False,30.555555555555554,-4.2345682926989765,-4.266666666666654,0.14262602555941006,0.16000000000000014,-1.2000000000000002,-1.2000000000000002,2.7777777777777777,2.7777777777777777,30.555555555555554,1.4278613019190205,1.28888888888891,0.06388825939880949,-0.07999999999999963,-1.2000000000000002,-1.2000000000000002,2.7777777777777777,2.7777777777777777
29,1.3,True,1,0.0,False,30.555555555555554,-4.203106465659256,-4.266666666666654,0.26209544213409464,0.039999999999999813,-1.3,-1.3,2.7777777777777777,2.7777777777777777,30.555555555555554,-1.273126831924226,-1.4888888888888756,-0.002043267301144347,-0.09000000000000008,-1.3,-1.3,2.7777777777777777,2.7777777777777777
29,1.4000000000000001,True,1,0.0,False,30.555555555555554,-3.7721852075718756,-4.266666666666654,0.33690779007101046,-0.08000000000000007,-1.4000000000000001,-1.4000000000000001,2.7777777777777777,2.7777777777777777,30.555555555555554,-3.7721852075718756,-4.266666666666654,0.33690779007101046,-0.08000000000000007,-1.4000000000000001,-1.4000000000000001,2.7777777777777777,2.7777777777777777
29,1.5,True,2,0.0,True,30.555555555555554,-4.272248943410754,-4.266666666666654,-0.46332196721856445,-0.19999999999999996,-1.5,-1.5,2.7777777777777777,2.7777777777777777,30.555555555555554,-2.2794850274810328,-1.555555555555567,0.6448432657103251,-0.04999999999999982,-1.5,-1.5,2.7777777777777777,2.7777777777777777
29,1.6,True,2,0.0,False,30.555555555555554,-4.121303716926785,-4.266666666666654,-0.39503599552693935,-0.31999999999999984,-1.6,-1.6,2.7777777777777777,2.7777777777777777,30.555555555555554,-3.0895309522284604,-1.555555555555567,0.7052795925267756,-0.1599999999999997,-1.6,-1.6,2.7777777777777777,2.7777777777777777
29,1.7000000000000002,True,2,0.0,False,30.555555555555554,-3.3347107446934983,-4.266666666666654,-0.18087357943635607,-0.4399999999999995,-1.7000000000000002,-1.7000000000000002,2.7777777777777777,2.7777777777777777,30.555555555555554,0.7468332141912599,1.2222222222222117,0.16036994418302264,-0.09999999999999964,-1.7000000000000002,-1.7000000000000002,2.7777777777777777,2.7777777777777777
31,0.0,False,0,4.0,False,30.555555555555554,-3.46967962768436,-3.4888888888888827,1.7351960325266718,1.6,0.0,0.0,2.7777777777777777,2.7777777777777777,,,,,,,,,
31,0.1,False,0,4.0,False,30.555555555555554,-3.157821082673581,-3.4888888888888827,1.3142885384157488,1.4700000000000002,-0.1,-0.1,2.7777777777777777,2.7777777777777777,30.555555555555554,408.3325463797109,407.62222222222084,-0.07018109594839883,-0.00999999999999579,-0.1,-0.1,2.7777777777777777,2.7777777777777777
31,0.2,False,0,4.0,False,30.555555555555554,-3.492622162077562,-3.4888888888888827,1.4555163470081869,1.3400000000000003,-0.2,-0.2,2.7777777777777777,2.7777777777777777,30.555555555555554,186.5334111985485,185.39999999999958,-0.07811895580831463,-0.019999999999997353,-0.2,-0.2,2.7777777777777777,2.7777777777777777
31,0.30000000000000004,False,0,3.9333333333333327,False,30.555555555555554,-2.6198323152489165,-3.4888888888888827,1.2263897190688082,1.21,-0.30000000000000004,-0.30000000000000004,2.7777777777777777,2.7777777777777777,30.555555555555554,110.99447774560149,110.3999999999999,0.10135703900126547,-0.020000000000001572,-0.30000000000000004,-0.30000000000000004,2.7777777777777777,2.7777777777777777
31,0.4,False,0,2.6,False,30.555555555555554,-3.381048428019869,-3.4888888888888827,1.1364496678735647,1.08,-0.4,-0.4,2.7777777777777777,2.7777777777777777,30.555555555555554,71.41021901694981,71.51111111111118,-0.14942646141413496,-6.661338147750939e-16,-0.4,-0.4,2.7777777777777777,2.7777777777777777
31,0.5,False,0,1.7999999999999998,False,30.555555555555554,-3.29723573001944,-3.4888888888888827,0.6668594169730997,0.9500000000000002,-0.5,-0.5,2.7777777777777777,2.7777777777777777,30.555555555555554,50.47584811586261,49.288888888888934,0.35544720819231124,0.0,-0.5,-0.5,2.7777777777777777,2.7777777777777777
31,0.6000000000000001,False,0,1.2666666666666668,False,30.555555555555554,-3.171990039496708,-3.4888888888888827,0.8835873972602188,0.8200000000000003,-0.6000000000000001,-0.6000000000000001,2.7777777777777777,2.7777777777777777,30.555555555555554,35.49160108968988,35.400000000000034,-0.1666190940048038,-0.019999999999999574,-0.6000000000000001,-0.6000000000000001,2.7777777777777777,2.7777777777777777
31,0.7000000000000001,False,0,0.8857142857142858,False,30.555555555555554,-3.480549035350971,-3.4888888888888827,0.7688373349155841,0.69,-0.7000000000000001,-0.7000000000000001,2.7777777777777777,2.7777777777777777,30.555555555555554,24.50793183474784,24.28888888888891,-0.009167640931704746,-0.009999999999999343,-0.7000000000000001,-0.7000000000000001,2.7777777777777777,2.7777777777777777
31,0.8,False,0,0.6,False,30.555555555555554,-2.722302393797487,-3.4888888888888827,0.5025172716865929,0.56,-0.8,-0.8,2.7777777777777777,2.7777777777777777,30.555555555555554,16.021418625290668,15.955555555555573,0.45948003437738416,-2.220446049250313e-16,-0.8,-0.8,2.7777777777777777,2.7777777777777777
31,0.9,False,0,0.3777777777777776,False,30.555555555555554,-3.3287644118980024,-3.4888888888888827,0.6865565868314438,0.4299999999999997,-0.9,-0.9,2.7777777777777777,2.7777777777777777,30.555555555555554,10.696545190504455,10.400000000000016,0.01531664495529661,-0.02000000000000024,-0.9,-0.9,2.7777777777777777,2.7777777777777777
31,1.0,False,0,0.20000000000000018,False,30.555555555555554,-3.2877572901503553,-3.4888888888888756,0.23358443508849813,0.30000000000000027,-1.0,-1.0,2.7777777777777777,2.7777777777777777,30.555555555555554,5.24949580763676,4.844444444444467,0.15311316737761382,0.0,-1.0,-1.0,2.7777777777777777,2.7777777777777777
31,1.1,False,0,0.054545454545454994,False,30.555555555555554,-3.296857131484333,-3.4888888888888756,0.14865770895678043,0.17000000000000037,-1.1,-1.1,2.7777777777777777,2.7777777777777777,30.555555555555554,2.9147638828316618,2.0666666666666886,0.013519476616461468,-0.0499999999999996,-1.1,-1.1,2.7777777777777777,2.7777777777777777
31,1.2000000000000002,True,1,0.0,True,30.515555555555554,-3.143071676796967,-3.4928888888888805,0.49436783512696536,0.04000000000000026,-1.2000000000000002,-1.2000000000000002,2.7777777777777777,2.7777777777777777,30.515555555555554,0.19941221616060023,-0.7191111111110997,0.14473591639905692,-0.07999999999999963,-1.2000000000000002,-1.2000000000000002,2.7777777777777777,2.7777777777777777
31,1.3,True,1,0.0,False,30.555555555555554,-2.6810562931958826,-3.4888888888888756,0.3019044419246324,-0.09000000000000008,-1.3,-1.3,2.7777777777777777,2.7777777777777777,30.555555555555554,-2.6810562931958826,-3.4888888888888756,0.3019044419246324,-0.09000000000000008,-1.3,-1.3,2.7777777777777777,2.7777777777777777
31,1.4000000000000001,True,2,0.0,False,30.555555555555554,-2.6028491654590793,-3.4888888888888756,0.0858404275050717,-0.21999999999999975,-1.4000000000000001,-1.4000000000000001,2.7777777777777777,2.7777777777777777,30.555555555555554,-3.4799318326890925,-2.3333333333333455,0.50311635405482,-0.08000000000000007,-1.4000000000000001,-1.4000000000000001,2.7777777777777777,2.7777777777777777
31,1.5,True,2,0.0,True,30.515555555555554,-3.2598345408072076,-3.4928888888888805,-0.2544975560706806,-0.34999999999999987,-1.5,-1.5,2.7777777777777777,2.7777777777777777,30.555555555555554,0.020518794737559354,0.4444444444444331,0.41403763277385464,-0.04999999999999982,-1.5,-1.5,2.7777777777777777,2.7777777777777777
31,1.6,True,2,0.0,True,30.475555555555555,-3.429636501393378,-3.500888888888883,-0.566843615220229,-0.48,-1.6,-1.6,2.7777777777777777,2.7777777777777777,30.555555555555554,0.0971237359282826,0.4444444444444331,-0.06915571004397258,-0.1599999999999997,-1.6,-1.6,2.7777777777777777,2.7777777777777777
31,1.7000000000000002,True,2,0.0,True,30.515555555555554,-2.93440198020492,-3.4968888888888854,-0.14646614668521973,-0.6099999999999994,-1.7000000000000002,-1.7000000000000002,2.7777777777777777,2.7777777777777777,30.555555555555554,2.8791520187516157,3.2222222222222117,0.18748433090840466,-0.09999999999999964,-1.7000000000000002,-1.7000000000000002,2.7777777777777777,2.7777777777777777
33,0.0,False,0,4.0,False,30.555555555555554,-3.7910589143359728,-3.111111111111117,1.6886028350663262,1.6,0.0,0.0,2.7777777777777777,2.7777777777777777,,,,,,,,,
33,0.1,False,0,4.0,False,30.555555555555554,-3.5704692340637108,-3.111111111111117,1.4054660320600845,1.4700000000000002,-0.1,-0.1,2.7777777777777777,2.7777777777777777,30.555555555555554,405.2658518418548,405.62222222222084,-0.0021647373410766946,-0.00999999999999579,-0.1,-0.1,2.7777777777777777,2.7777777777777777
33,0.2,False,0,4.0,False,30.555555555555554,-3.131911903290816,-3.111111111111117,1.3689327459694542,1.3400000000000003,-0.2,-0.2,2.7777777777777777,2.7777777777777777,30.555555555555554,184.2901443851745,183.39999999999958,-0.08433297233911707,-0.019999999999997353,-0.2,-0.2,2.7777777777777777,2.7777777777777777
33,0.30000000000000004,False,0,3.9333333333333327,False,30.555555555555554,-3.6812909447959496,-3.111111111111117,1.3561194807371812,1.21,-0.30000000000000004,-0.30000000000000004,2.7777777777777777,2.7777777777777777,30.555555555555554,108.87704165931225,108.3999999999999,-0.1698817386075997,-0.020000000000001572,-0.30000000000000004,-0.30000000000000004,2.7777777777777777,2.7777777777777777
33,0.4,False,0,2.6,False,30.555555555555554,-3.7433972359483745,-3.111111111111117,1.3060217100915272,1.08,-0.4,-0.4,2.7777777777777777,2.7777777777777777,30.555555555555554,69.82534773811393,69.51111111111118,0.2486736440671926,-6.661338147750939e-16,-0.4,-0.4,2.7777777777777777,2.7777777777777777
33,0.5,False,0,1.7999999999999998,False,30.555555555555554,-3.9267799499684584,-3.111111111111117,0.9395637883611241,0.9500000000000002,-0.5,-0.5,2.7777777777777777,2.7777777777777777,30.555555555555554,47.30186352057726,47.288888888888934,-0.1705691175340538,0.0,-0.5,-0.5,2.7777777777777777,2.7777777777777777
33,0.6000000000000001,False,0,1.2666666666666668,False,30.555555555555554,-3.1367764287754154,-3.111111111111117,0.9223492149664647,0.8200000000000003,-0.6000000000000001,-0.6000000000000001,2.7777777777777777,2.7777777777777777,30.555555555555554,33.92403016034415,33.400000000000034,-0.11560168641229596,-0.019999999999999574,-0.6000000000000001,-0.6000000000000001,2.7777777777777777,2.7777777777777777
33,0.7000000000000001,False,0,0.8857142857142858,False,30.555555555555554,-3.410496453178996,-3.111111111111117,0.7925915215448227,0.69,-0.7000000000000001,-0.7000000000000001,2.7777777777777777,2.7777777777777777,30.555555555555554,22.216132170916406,22.28888888888891,0.1668224460152321,-0.009999999999999343,-0.7000000000000001,-0.7000000000000001,2.7777777777777777,2.7777777777777777
33,0.8,False,0,0.6,False,30.555555555555554,-3.135690198931651,-3.111111111111117,0.44164568535263493,0.56,-0.8,-0.8,2.7777777777777777,2.7777777777777777,30.555555555555554,13.971629198318741,13.955555555555573,0.05467679609171938,-2.220446049250313e-16,-0.8,-0.8,2.7777777777777777,2.7777777777777777
33,0.9,False,0,0.3777777777777776,False,30.555555555555554,-3.1741273403460495,-3.111111111111117,0.36081899933024264,0.4299999999999997,-0.9,-0.9,2.7777777777777777,2.7777777777777777,30.555555555555554,8.780734826057117,8.400000000000016,0.0899023784977433,-0.02000000000000024,-0.9,-0.9,2.7777777777777777,2.7777777777777777
33,1.0,False,0,0.20000000000000018,False,30.555555555555554,-3.85660037080424,-3.111111111111124,0.6935093283168992,0.30000000000000027,-1.0,-1.0,2.7777777777777777,2.7777777777777777,30.555555555555554,3.2963211086276916,2.844444444444467,0.21165657390226755,0.0,-1.0,-1.0,2.7777777777777777,2.7777777777777777
33,1.1,False,0,0.054545454545454994,False,30.555555555555554,-3.3058748342711253,-3.111111111111124,0.37540305280532715,0.17000000000000037,-1.1,-1.1,2.7777777777777777,2.7777777777777777,30.555555555555554,0.7757393436032958,0.06666666666668863,0.24974736160747346,-0.0499999999999996,-1.1,-1.1,2.7777777777777777,2.7777777777777777
33,1.2000000000000002,True,1,0.0,False,30.555555555555554,-3.863847198172148,-3.111111111111124,0.8399247040449103,0.04000000000000026,-1.2000000000000002,-1.2000000000000002,2.7777777777777777,2.7777777777777777,30.555555555555554,-2.0138725796737473,-2.71111111111109,0.056765639355387254,-0.07999999999999963,-1.2000000000000002,-1.2000000000000002,2.7777777777777777,2.7777777777777777
33,1.3,True,2,0.0,True,30.555555555555554,-3.307690418338704,-3.111111111111124,-0.1570939856215292,-0.09000000000000008,-1.3,-1.3,2.7777777777777777,2.7777777777777777,30.555555555555554,-3.307690418338704,-3.111111111111124,-0.1570939856215292,-0.09000000000000008,-1.3,-1.3,2.7777777777777777,2.7777777777777777
33,1.4000000000000001,True,2,0.0,True,30.515555555555554,-3.6702867095861604,-3.107111111111119,-0.02187628732427971,-0.21999999999999975,-1.4000000000000001,-1.4000000000000001,2.7777777777777777,2.7777777777777777,30.555555555555554,-0.274207420844351,-0.33333333333334547,-0.04684715959683006,-0.08000000000000007,-1.4000000000000001,-1.4000000000000001,2.7777777777777777,2.7777777777777777
33,1.5,True,2,0.0,True,30.515555555555554,-3.308263645797356,-3.107111111111119,-0.14604064313951004,-0.34999999999999987,-1.5,-1.5,2.7777777777777777,2.7777777777777777,30.555555555555554,1.9930087479556748,2.444444444444433,0.176485969431893,-0.04999999999999982,-1.5,-1.5,2.7777777777777777,2.7777777777777777
33,1.6,True,2,0.0,True,30.515555555555554,-4.159159049688429,-3.1031111111111143,0.32167881432825673,-0.48,-1.6,-1.6,2.7777777777777777,2.7777777777777777,30.555555555555554,2.216895572785927,2.444444444444433,-0.11020939602710644,-0.1599999999999997,-1.6,-1.6,2.7777777777777777,2.7777777777777777
33,1.7000000000000002,True,2,0.0,True,30.555555555555554,-3.3612192710033666,-3.111111111111124,-0.6141676121542508,-0.6099999999999994,-1.7000000000000002,-1.7000000000000002,2.7777777777777777,2.7777777777777777,30.555555555555554,4.80260910419337,5.222222222222212,0.21598950077554546,-0.09999999999999964,-1.7000000000000002,-1.7000000000000002,2.7777777777777777,2.7777777777777777
35,0.0,False,0,4.0,False,30.555555555555554,-4.195978624484918,-3.8888888888889026,1.7869543531950733,1.6,0.0,0.0,2.7777777777777777,2.7777777777777777,,,,,,,,,
35,0.1,False,0,4.0,False,30.555555555555554,-4.1741893600872855,-3.8888888888889026,1.668161652320764,1.46,-0.1,-0.1,2.7777777777777777,2.7777777777777777,30.555555555555554,404.3828468198897,403.62222222222084,0.10157653724337345,-0.00999999999999579,-0.1,-0.1,2.7777777777777777,2.7777777777777777
35,0.2,False,0,4.0,False,30.555555555555554,-3.784612987959231,-3.8888888888889026,1.495675486595374,1.3199999999999998,-0.2,-0.2,2.7777777777777777,2.7777777777777777,30.555555555555554,182.05607902866726,181.39999999999958,0.11832197173165326,-0.019999999999997353,-0.2,-0.2,2.7777777777777777,2.7777777777777777
35,0.30000000000000004,False,0,3.833333333333335,False,30.555555555555554,-4.116664376983048,-3.8888888888889026,1.0456483918173505,1.1800000000000002,-0.30000000000000004,-0.30000000000000004,2.7777777777777777,2.7777777777777777,30.555555555555554,107.060602044347,106.3999999999999,0.1789745993291456,-0.020000000000001572,-0.30000000000000004,-0.30000000000000004,2.7777777777777777,2.7777777777777777
35,0.4,False,0,2.5,False,30.555555555555554,-4.270822157729927,-3.8888888888889026,0.8967210200891986,1.04,-0.4,-0.4,2.7777777777777777,2.7777777777777777,30.555555555555554,68.39324454650513,67.51111111111118,0.1609525422802145,-6.661338147750939e-16,-0.4,-0.4,2.7777777777777777,2.7777777777777777
35,0.5,False,0,1.7000000000000002,False,30.555555555555554,-4.062986395765239,-3.8888888888889026,0.8965332547356133,0.8999999999999999,-0.5,-0.5,2.7777777777777777,2.7777777777777777,30.555555555555554,45.31524415600952,45.288888888888934,-0.057961802872960044,0.0,-0.5,-0.5,2.7777777777777777,2.7777777777777777
35,0.6000000000000001,False,0,1.1666666666666667,False,30.555555555555554,-4.011146793471798,-3.8888888888889026,0.686343182780305,0.7600000000000002,-0.6000000000000001,-0.6000000000000001,2.7777777777777777,2.7777777777777777,30.555555555555554,32.128106931752576,31.40000000000003,0.27585467569068767,-0.019999999999999574,-0.6000000000000001,-0.6000000000000001,2.7777777777777777,2.7777777777777777
35,0.7000000000000001,False,0,0.785714285714286,False,30.555555555555554,-3.7708656483624123,-3.8888888888889026,0.675584960520387,0.6200000000000001,-0.7000000000000001,-0.7000000000000001,2.7777777777777777,2.7777777777777777,30.555555555555554,21.279842820639768,20.28888888888891,0.2832751187601503,-0.009999999999999343,-0.7000000000000001,-0.7000000000000001,2.7777777777777777,2.7777777777777777
35,0.8,False,0,0.4999999999999999,False,30.555555555555554,-3.6469241507361003,-3.8888888888889026,0.6092029934805803,0.48,-0.8,-0.8,2.7777777777777777,2.7777777777777777,30.555555555555554,11.712603088461531,11.955555555555573,-0.27745835937402963,-2.220446049250313e-16,-0.8,-0.8,2.7777777777777777,2.7777777777777777
35,0.9,False,0,0.2777777777777773,False,30.555555555555554,-4.244612579285284,-3.8888888888889026,0.40062958471761734,0.33999999999999986,-0.9,-0.9,2.7777777777777777,2.7777777777777777,30.555555555555554,6.474764206148845,6.400000000000017,-0.04925205979822134,-0.02000000000000024,-0.9,-0.9,2.7777777777777777,2.7777777777777777
35,1.0,False,0,0.10000000000000009,False,30.555555555555554,-4.20749490580275,-3.8888888888889097,0.1562984160872518,0.20000000000000018,-1.0,-1.0,2.7777777777777777,2.7777777777777777,30.555555555555554,1.2164577051546361,0.8444444444444672,0.3681506455629191,0.0,-1.0,-1.0,2.7777777777777777,2.7777777777777777
35,1.1,True,1,0.0,False,30.555555555555554,-3.6349608361087915,-3.8888888888889097,0.6889670164590114,0.0600000000000005,-1.1,-1.1,2.7777777777777777,2.7777777777777777,30.555555555555554,-1.2521910458347731,-1.9333333333333114,0.07957851680009487,-0.0499999999999996,-1.1,-1.1,2.7777777777777777,2.7777777777777777
35,1.2000000000000002,True,2,0.0,False,30.555555555555554,-3.7203094107281443,-3.8888888888889097,0.04821624188500495,-0.07999999999999963,-1.2000000000000002,-1.2000000000000002,2.7777777777777777,2.7777777777777777,30.555555555555554,-3.7203094107281443,-3.8888888888889097,0.04821624188500495,-0.07999999999999963,-1.2000000000000002,-1.2000000000000002,2.7777777777777777,2.7777777777777777
35,1.3,True,2,0.0,False,30.555555555555554,-4.147672891055993,-3.8888888888889097,0.3233174601992759,-0.2200000000000002,-1.3,-1.3,2.7777777777777777,2.7777777777777777,30.555555555555554,-1.4865414867708067,-1.111111111111124,0.10668076780176161,-0.09000000000000008,-1.3,-1.3,2.7777777777777777,2.7777777777777777
35,1.4000000000000001,True,2,0.0,False,30.555555555555554,-4.23813503537028,-3.8888888888889097,-0.2418533069460187,-0.35999999999999965,-1.4000000000000001,-1.4000000000000001,2.7777777777777777,2.7777777777777777,30.555555555555554,0.37349682722630906,1.6666666666666545,0.8006449945853347,-0.08000000000000007,-1.4000000000000001,-1.4000000000000001,2.7777777777777777,2.7777777777777777
35,1.5,True,2,0.0,True,30.515555555555554,-4.297572263629017,-3.884888888888905,-0.017736432439323435,-0.5,-1.5,-1.5,2.7777777777777777,2.7777777777777777,30.555555555555554,4.095984925461676,4.444444444444433,0.04497649179806773,-0.04999999999999982,-1.5,-1.5,2.7777777777777777,2.7777777777777777
35,1.6,True,2,0.0,True,30.475555555555555,-4.16914871171583,-3.876888888888902,-0.5914002342085318,-0.6400000000000001,-1.6,-1.6,2.7777777777777777,2.7777777777777777,30.555555555555554,3.9392134984231904,4.444444444444433,0.21465388707970323,-0.1599999999999997,-1.6,-1.6,2.7777777777777777,2.7777777777777777
35,1.7000000000000002,True,2,0.0,True,30.435555555555556,-3.9776541739178297,-3.860888888888897,-0.4263856268283166,-0.7799999999999994,-1.7000000000000002,-1.7000000000000002,2.7777777777777777,2.7777777777777777,30.555555555555554,7.207184020431332,7.222222222222212,-0.4103025468375243,-0.09999999999999964,-1.7000000000000002,-1.7000000000000002,2.7777777777777777,2.7777777777777777
37,0.0,False,0,4.0,False,30.555555555555554,-3.8381829072251206,-3.9333333333333185,1.5875551221355502,1.6,0.0,0.0,2.7777777777777777,2.7777777777777777,,,,,,,,,
37,0.1,False,0,4.0,False,30.555555555555554,-3.7245223074457128,-3.9333333333333185,1.4807864268384767,1.4500000000000002,-0.1,-0.1,2.7777777777777777,2.7777777777777777,30.555555555555554,401.9789060122184,401.62222222222084,-0.16142036729174514,-0.00999999999999579,-0.1,-0.1,2.7777777777777777,2.7777777777777777
37,0.2,False,0,4.0,False,30.555555555555554,-2.6812481221495856,-3.9333333333333185,1.2760313797918728,1.3000000000000003,-0.2,-0.2,2.7777777777777777,2.7777777777777777,30.555555555555554,180.13321549664818,179.39999999999958,-0.06938047340892406,-0.019999999999997353,-0.2,-0.2,2.7777777777777777,2.7777777777777777
37,0.30000000000000004,False,0,3.733333333333334,False,30.555555555555554,-3.579602289367439,-3.9333333333333185,1.1888582753944452,1.1500000000000004,-0.30000000000000004,-0.30000000000000004,2.7777777777777777,2.7777777777777777,30.555555555555554,104.84860678559947,104.3999999999999,-0.02706382415237174,-0.020000000000001572,-0.30000000000000004,-0.30000000000000004,2.7777777777777777,2.7777777777777777
37,0.4,False,0,2.4,False,30.555555555555554,-3.8785667096034926,-3.9333333333333185,0.8942775227134208,1.0,-0.4,-0.4,2.7777777777777777,2.7777777777777777,30.555555555555554,66.41978451868984,65.51111111111118,0.15840121959463982,-6.661338147750939e-16,-0.4,-0.4,2.7777777777777777,2.7777777777777777
37,0.5,False,0,1.6000000000000005,False,30.555555555555554,-3.389964173343155,-3.9333333333333185,0.9872334110464567,0.8500000000000001,-0.5,-0.5,2.7777777777777777,2.7777777777777777,30.555555555555554,43.849049296120455,43.288888888888934,0.16249994601580964,0.0,-0.5,-0.5,2.7777777777777777,2.7777777777777777
37,0.6000000000000001,False,0,1.0666666666666667,False,30.555555555555554,-3.2919873057199025,-3.9333333333333185,0.4822209163488149,0.7000000000000002,-0.6000000000000001,-0.6000000000000001,2.7777777777777777,2.7777777777777777,30.555555555555554,30.308461933996877,29.40000000000003,0.5292947417723894,-0.019999999999999574,-0.6000000000000001,-0.6000000000000001,2.7777777777777777,2.7777777777777777
37,0.7000000000000001,False,0,0.6857142857142863,False,30.555555555555554,-3.912684346903343,-3.9333333333333185,0.6789106330703594,0.5500000000000003,-0.7000000000000001,-0.7000000000000001,2.7777777777777777,2.7777777777777777,30.555555555555554,18.295853335844836,18.28888888888891,-0.008236902715889949,-0.009999999999999343,-0.7000000000000001,-0.7000000000000001,2.7777777777777777,2.7777777777777777
37,0.8,False,0,0.3999999999999998,False,30.555555555555554,-3.7612312907918932,-3.9333333333333185,0.08433625741448347,0.3999999999999999,-0.8,-0.8,2.7777777777777777,2.7777777777777777,30.555555555555554,10.576608547787291,9.955555555555573,0.2883448252719414,-2.220446049250313e-16,-0.8,-0.8,2.7777777777777777,2.7777777777777777
37,0.9,False,0,0.17777777777777745,False,30.555555555555554,-3.5401759799781685,-3.9333333333333185,0.48389229415586144,0.24999999999999956,-0.9,-0.9,2.7777777777777777,2.7777777777777777,30.555555555555554,4.212409522350211,4.400000000000017,0.1354381727863445,-0.02000000000000024,-0.9,-0.9,2.7777777777777777,2.7777777777777777
37,1.0,False,0,0.0,False,30.555555555555554,-3.9765382449847833,-3.9333333333333114,0.13654927997864874,0.10000000000000009,-1.0,-1.0,2.7777777777777777,2.7777777777777777,30.555555555555554,-1.0396620420628393,-1.1555555555555328,-0.1060278434775388,0.0,-1.0,-1.0,2.7777777777777777,2.7777777777777777
37,1.1,True,1,0.0,False,30.555555555555554,-3.321508524217289,-3.9333333333333114,0.23072573944730568,-0.0499999999999996,-1.1,-1.1,2.7777777777777777,2.7777777777777777,30.555555555555554,-3.321508524217289,-3.9333333333333114,0.23072573944730568,-0.0499999999999996,-1.1,-1.1,2.7777777777777777,2.7777777777777777
37,1.2000000000000002,True,2,0.0,True,30.515555555555554,-3.1853460281666655,-3.9373333333333163,0.06048805065342422,-0.1999999999999995,-1.2000000000000002,-1.2000000000000002,2.7777777777777777,2.7777777777777777,30.555555555555554,-1.9754673935876879,-1.8888888888889097,-0.17381379816405573,-0.07999999999999963,-1.2000000000000002,-1.2000000000000002,2.7777777777777777,2.7777777777777777
37,1.3,True,2,0.0,True,30.515555555555554,-3.7681709506696306,-3.941333333333321,-0.5180354301672605,-0.3500000000000003,-1.3,-1.3,2.7777777777777777,2.7777777777777777,30.555555555555554,0.9172978067278494,0.888888888888876,-0.19201823635238946,-0.09000000000000008,-1.3,-1.3,2.7777777777777777,2.7777777777777777
37,1.4000000000000001,True,2,0.0,True,30.435555555555556,-3.5208521414264125,-3.965333333333322,-0.4913467379645655,-0.49999999999999956,-1.4000000000000001,-1.4000000000000001,2.7777777777777777,2.7777777777777777,30.515555555555554,3.489982742383927,3.6706666666666594,-0.01757720307929711,-0.08000000000000007,-1.4000000000000001,-1.4000000000000001,2.7777777777777777,2.7777777777777777
37,1.5,True,2,0.0,True,30.435555555555556,-3.1243748989852973,-3.9573333333333194,-0.2096926339769456,-0.6499999999999999,-1.5,-1.5,2.7777777777777777,2.7777777777777777,30.555555555555554,6.348148523471903,6.444444444444433,0.13624201115864665,-0.04999999999999982,-1.5,-1.5,2.7777777777777777,2.7777777777777777
37,1.6,True,2,0.0,True,30.395555555555557,-3.1494234406589383,-3.9773333333333225,-0.2147719361163556,-0.8000000000000003,-1.6,-1.6,2.7777777777777777,2.7777777777777777,30.515555555555554,5.718218525363004,6.448444444444438,0.5859022345030946,-0.1599999999999997,-1.6,-1.6,2.7777777777777777,2.7777777777777777
37,1.7000000000000002,True,2,0.0,True,30.435555555555556,-3.9587442088404456,-3.9573333333333194,-1.0047469588757152,-0.9499999999999993,-1.7000000000000002,-1.7000000000000002,2.7777777777777777,2.7777777777777777,30.555555555555554,8.326387905096627,9.22222222222221,0.5598264197534739,-0.09999999999999964,-1.7000000000000002,-1.7000000000000002,2.7777777777777777,2.7777777777777777
39,0.0,False,0,4.0,False,30.555555555555554,-2.932625973670514,-3.15555555555554,1.6389752565544766,1.6,0.0,0.0,2.7777777777777777,2.7777777777777777,,,,,,,,,
39,0.1,False,0,4.0,False,30.555555555555554,-2.7688652406555603,-3.15555555555554,1.5516753206938372,1.44,-0.1,-0.1,2.7777777777777777,2.7777777777777777,30.555555555555554,399.9066150072493,399.62222222222084,0.24453516629389505,-0.00999999999999579,-0.1,-0.1,2.7777777777777777,2.7777777777777777
39,0.2,False,0,4.0,False,30.555555555555554,-3.1932831752530673,-3.15555555555554,1.219291123851916,1.2799999999999998,-0.2,-0.2,2.7777777777777777,2.7777777777777777,30.555555555555554,177.52232370914612,177.39999999999958,-0.016292645720082266,-0.019999999999997353,-0.2,-0.2,2.7777777777777777,2.7777777777777777
39,0.30000000000000004,False,0,3.633333333333333,False,30.555555555555554,-3.0536681876351777,-3.15555555555554,1.062773134454122,1.12,-0.30000000000000004,-0.30000000000000004,2.7777777777777777,2.7777777777777777,30.555555555555554,103.74956435197196,102.3999999999999,0.29930678475347205,-0.020000000000001572,-0.30000000000000004,-0.30000000000000004,2.7777777777777777,2.7777777777777777
39,0.4,False,0,2.3,False,30.555555555555554,-2.976267584648954,-3.15555555555554,0.8694228198513088,0.96,-0.4,-0.4,2.7777777777777777,2.7777777777777777,30.555555555555554,63.996704454778225,63.51111111111118,0.08765296231783637,-6.661338147750939e-16,-0.4,-0.4,2.7777777777777777,2.7777777777777777
39,0.5,False,0,1.5,False,30.555555555555554,-3.0320218752546166,-3.15555555555554,0.6381288735074815,0.8000000000000003,-0.5,-0.5,2.7777777777777777,2.7777777777777777,30.555555555555554,42.09918503733007,41.288888888888934,0.09527105470188224,0.0,-0.5,-0.5,2.7777777777777777,2.7777777777777777
39,0.6000000000000001,False,0,0.9666666666666673,False,30.555555555555554,-2.0455463906232323,-3.15555555555554,1.0566318348456543,0.6400000000000001,-0.6000000000000001,-0.6000000000000001,2.7777777777777777,2.7777777777777777,30.555555555555554,27.73309459893235,27.40000000000003,-0.029578613013556687,-0.019999999999999574,-0.6000000000000001,-0.6000000000000001,2.7777777777777777,2.7777777777777777
39,0.7000000000000001,False,0,0.5857142857142865,False,30.555555555555554,-3.144348106484432,-3.15555555555554,0.3736538668021825,0.4800000000000004,-0.7000000000000001,-0.7000000000000001,2.7777777777777777,2.7777777777777777,30.555555555555554,16.79407235456345,16.28888888888891,-0.028334214434378557,-0.009999999999999343,-0.7000000000000001,-0.7000000000000001,2.7777777777777777,2.7777777777777777
39,0.8,False,0,0.2999999999999997,False,30.555555555555554,-2.5598562812920447,-3.15555555555554,0.2798941768330998,0.31999999999999984,-0.8,-0.8,2.7777777777777777,2.7777777777777777,30.555555555555554,7.975255634496063,7.955555555555574,-0.22509672162464955,-2.220446049250313e-16,-0.8,-0.8,2.7777777777777777,2.7777777777777777
39,0.9,False,0,0.07777777777777735,False,30.555555555555554,-2.4458219785308897,-3.15555555555554,0.26972102158663036,0.1599999999999997,-0.9,-0.9,2.7777777777777777,2.7777777777777777,30.555555555555554,2.612617153802714,2.4000000000000172,0.018856526300945697,-0.02000000000000024,-0.9,-0.9,2.7777777777777777,2.7777777777777777
39,1.0,True,1,0.0,False,30.555555555555554,-3.4126034473442983,-3.155555555555533,0.11574551452016157,0.0,-1.0,-1.0,2.7777777777777777,2.7777777777777777,30.555555555555554,-3.4126034473442983,-3.155555555555533,0.11574551452016157,0.0,-1.0,-1.0,2.7777777777777777,2.7777777777777777
39,1.1,True,2,0.0,False,30.555555555555554,-3.014081002089621,-3.155555555555533,0.1616033512448385,-0.1599999999999997,-1.1,-1.1,2.7777777777777777,2.7777777777777777,30.555555555555554,-3.126951624461138,-2.6666666666666883,0.2273865093709575,-0.0499999999999996,-1.1,-1.1,2.7777777777777777,2.7777777777777777
39,1.2000000000000002,True,2,0.0,True,30.475555555555555,-2.747191865261544,-3.1675555555555404,-0.3347740103429633,-0.3199999999999994,-1.2000000000000002,-1.2000000000000002,2.7777777777777777,2.7777777777777777,30.555555555555554,-0.07086275857207891,0.11111111111109029,-0.012907853032346761,-0.07999999999999963,-1.2000000000000002,-1.2000000000000002,2.7777777777777777,2.7777777777777777
39,1.3,True,2,0.0,True,30.515555555555554,-3.176826389912203,-3.1595555555555377,-0.48745426003622083,-0.4800000000000004,-1.3,-1.3,2.7777777777777777,2.7777777777777777,30.555555555555554,2.2970781818856567,2.888888888888876,0.10513133117993645,-0.09000000000000008,-1.3,-1.3,2.7777777777777777,2.7777777777777777
39,1.4000000000000001,True,2,0.0,True,30.435555555555556,-2.7191896536741877,-3.179555555555541,-0.6108549288713259,-0.6399999999999992,-1.4000000000000001,-1.4000000000000001,2.7777777777777777,2.7777777777777777,30.555555555555554,5.145639952341857,5.6666666666666545,0.12461344523208595,-0.08000000000000007,-1.4000000000000001,-1.4000000000000001,2.7777777777777777,2.7777777777777777
39,1.5,True,2,0.0,True,30.355555555555558,-2.71388550417809,-3.219555555555547,-0.45029492870809507,-0.7999999999999998,-1.5,-1.5,2.7777777777777777,2.7777777777777777,30.515555555555554,7.477457571221895,8.448444444444437,0.3380992469945019,-0.04999999999999982,-1.5,-1.5,2.7777777777777777,2.7777777777777777
39,1.6,True,2,0.0,True,30.355555555555558,-2.6133718386742286,-3.215555555555542,-0.7753189675534871,-0.9600000000000004,-1.6,-1.6,2.7777777777777777,2.7777777777777777,30.555555555555554,8.250776344090266,8.444444444444432,-0.14672115863103308,-0.1599999999999997,-1.6,-1.6,2.7777777777777777,2.7777777777777777
39,1.7000000000000002,True,2,0.0,True,30.395555555555557,-2.4867624285186976,-3.199555555555544,-0.5039199176956295,-1.1199999999999992,-1.7000000000000002,-1.7000000000000002,2.7777777777777777,2.7777777777777777,30.555555555555554,11.158146522359477,11.22222222222221,0.1152012577510293,-0.09999999999999964,-1.7000000000000002,-1.7000000000000002,2.7777777777777777,2.7777777777777777
41,0.0,False,0,4.0,False,30.555555555555554,-3.957327360517925,-3.4444444444444597,1.70279397236281,1.6,0.0,0.0,2.7777777777777777,2.7777777777777777,,,,,,,,,
41,0.1,False,0,4.0,False,30.555555555555554,-4.100459024462427,-3.4444444444444597,1.2485341277239748,1.44,-0.1,-0.1,2.7777777777777777,2.7777777777777777,30.555555555555554,398.1324461554087,397.62222222222084,-0.0869549147275046,-0.00999999999999579,-0.1,-0.1,2.7777777777777777,2.7777777777777777
41,0.2,False,0,4.0,False,30.555555555555554,-3.7916536336287647,-3.4444444444444597,1.323528985065788,1.2799999999999998,-0.2,-0.2,2.7777777777777777,2.7777777777777777,30.555555555555554,176.3222723076343,175.39999999999958,-0.08011535958670324,-0.019999999999997353,-0.2,-0.2,2.7777777777777777,2.7777777777777777
41,0.30000000000000004,False,0,3.633333333333333,False,30.555555555555554,-4.018761322861837,-3.4444444444444597,1.1420231183984408,1.12,-0.30000000000000004,-0.30000000000000004,2.7777777777777777,2.7777777777777777,30.555555555555554,101.24447883352292,100.3999999999999,0.14892787481187453,-0.020000000000001572,-0.30000000000000004,-0.30000000000000004,2.7777777777777777,2.7777777777777777
41,0.4,False,0,2.3,False,30.555555555555554,-3.89055352345392,-3.4444444444444597,0.9852401624204372,0.96,-0.4,-0.4,2.7777777777777777,2.7777777777777777,30.555555555555554,61.27437916977756,61.51111111111118,0.17848550396911333,-6.661338147750939e-16,-0.4,-0.4,2.7777777777777777,2.7777777777777777
41,0.5,False,0,1.5,False,30.555555555555554,-4.172164491514034,-3.4444444444444597,0.7748799747504509,0.8000000000000003,-0.5,-0.5,2.7777777777777777,2.7777777777777777,30.555555555555554,39.08283630120031,39.288888888888934,-0.002492000698986363,0.0,-0.5,-0.5,2.7777777777777777,2.7777777777777777
41,0.6000000000000001,False,0,0.9666666666666673,False,30.555555555555554,-3.495413410358661,-3.4444444444444597,0.9265677521162301,0.6400000000000001,-0.6000000000000001,-0.6000000000000001,2.7777777777777777,2.7777777777777777,30.555555555555554,26.10593762890669,25.40000000000003,-0.03803907142019103,-0.019999999999999574,-0.6000000000000001,-0.6000000000000001,2.7777777777777777,2.7777777777777777
41,0.7000000000000001,False,0,0.5857142857142865,False,30.555555555555554,-3.8419666434709283,-3.4444444444444597,0.6696079627490015,0.4800000000000004,-0.7000000000000001,-0.7000000000000001,2.7777777777777777,2.7777777777777777,30.555555555555554,14.823625994010609,14.28888888888891,0.10486518662695854,-0.009999999999999343,-0.7000000000000001,-0.7000000000000001,2.7777777777777777,2.7777777777777777
41,0.8,False,0,0.2999999999999997,False,30.555555555555554,-3.6385089587824053,-3.4444444444444597,0.4499429775273849,0.31999999999999984,-0.8,-0.8,2.7777777777777777,2.7777777777777777,30.555555555555554,6.412631187990539,5.955555555555574,-0.11104222926538121,-2.220446049250313e-16,-0.8,-0.8,2.7777777777777777,2.7777777777777777
41,0.9,False,0,0.07777777777777735,False,30.555555555555554,-3.5859089027780113,-3.4444444444444597,0.11829877361761687,0.1599999999999997,-0.9,-0.9,2.7777777777777777,2.7777777777777777,30.555555555555554,0.3628834916176489,0.40000000000001723,-0.15939213821353437,-0.02000000000000024,-0.9,-0.9,2.7777777777777777,2.7777777777777777
41,1.0,True,1,0.0,False,30.555555555555554,-4.005761600586115,-3.444444444444467,0.21904417931638198,0.0,-1.0,-1.0,2.7777777777777777,2.7777777777777777,30.555555555555554,-4.005761600586115,-3.444444444444467,0.21904417931638198,0.0,-1.0,-1.0,2.7777777777777777,2.7777777777777777
41,1.1,True,2,0.0,False,30.555555555555554,-3.7662934678987794,-3.444444444444467,0.0129960501436992,-0.1599999999999997,-1.1,-1.1,2.7777777777777777,2.7777777777777777,30.555555555555554,-1.2604800678249388,-0.6666666666666883,0.17140091035979932,-0.0499999999999996,-1.1,-1.1,2.7777777777777777,2.7777777777777777
41,1.2000000000000002,True,2,0.0,True,30.515555555555554,-3.7204288409816213,-3.436444444444457,-0.14056618061742454,-0.3199999999999994,-1.2000000000000002,-1.2000000000000002,2.7777777777777777,2.7777777777777777,30.555555555555554,2.029980482195083,2.1111111111110903,-0.0817315004477559,-0.07999999999999963,-1.2000000000000002,-1.2000000000000002,2.7777777777777777,2.7777777777777777
41,1.3,True,2,0.0,True,30.515555555555554,-4.212764417261769,-3.4284444444444473,-0.020791352765185067,-0.4800000000000004,-1.3,-1.3,2.7777777777777777,2.7777777777777777,30.515555555555554,4.999204269955418,4.892888888888881,0.2152877719760391,-0.09000000000000008,-1.3,-1.3,2.7777777777777777,2.7777777777777777
41,1.4000000000000001,True,2,0.0,True,30.435555555555556,-3.860044379243699,-3.420444444444459,-0.561229123146443,-0.6399999999999992,-1.4000000000000001,-1.4000000000000001,2.7777777777777777,2.7777777777777777,30.555555555555554,7.351810193898037,7.6666666666666545,0.011467958944680667,-0.08000000000000007,-1.4000000000000001,-1.4000000000000001,2.7777777777777777,2.7777777777777777
41,1.5,True,2,0.0,True,30.395555555555557,-3.9461821993479047,-3.4044444444444606,-0.5573654788318787,-0.7999999999999998,-1.5,-1.5,2.7777777777777777,2.7777777777777777,30.555555555555554,10.152256189563904,10.444444444444432,0.23311619797696137,-0.04999999999999982,-1.5,-1.5,2.7777777777777777,2.7777777777777777
41,1.6,True,2,0.0,True,30.395555555555557,-3.9038446153546387,-3.4044444444444606,-0.5690468946348224,-0.9600000000000004,-1.6,-1.6,2.7777777777777777,2.7777777777777777,30.555555555555554,10.316829032695868,10.444444444444432,0.14996091018768398,-0.1599999999999997,-1.6,-1.6,2.7777777777777777,2.7777777777777777
41,1.7000000000000002,True,2,0.0,True,30.395555555555557,-3.7223462816831043,-3.396444444444451,-1.0565652864573423,-1.1199999999999992,-1.7000000000000002,-1.7000000000000002,2.7777777777777777,2.7777777777777777,30.555555555555554,13.301081220880977,13.22222222222221,-0.08503068715738071,-0.09999999999999964,-1.7000000000000002,-1.7000000000000002,2.7777777777777777,2.7777777777777777
43,0.0,False,0,4.0,False,30.555555555555554,-3.715672283340534,-4.222222222222238,1.5913949715902773,1.6,0.0,0.0,2.7777777777777777,2.7777777777777777,,,,,,,,,
43,0.1,False,0,4.0,False,30.555555555555554,-4.0749553091885415,-4.222222222222238,1.2993810485047659,1.4300000000000002,-0.1,-0.1,2.7777777777777777,2.7777777777777777,30.555555555555554,395.9310842460624,395.62222222222084,-0.18035753006589617,-0.00999999999999579,-0.1,-0.1,2.7777777777777777,2.7777777777777777
43,0.2,False,0,4.0,False,30.555555555555554,-4.216676620330364,-4.222222222222238,1.0624788100404285,1.2600000000000002,-0.2,-0.2,2.7777777777777777,2.7777777777777777,30.555555555555554,173.36935612925404,173.39999999999958,0.3450626506041794,-0.019999999999997353,-0.2,-0.2,2.7777777777777777,2.7777777777777777
43,0.30000000000000004,False,0,3.5333333333333323,False,30.555555555555554,-4.187597948718657,-4.222222222222238,1.0772980971174002,1.0900000000000003,-0.30000000000000004,-0.30000000000000004,2.7777777777777777,2.7777777777777777,30.555555555555554,99.62787173446047,98.3999999999999,0.10598154238401891,-0.020000000000001572,-0.30000000000000004,-0.30000000000000004,2.7777777777777777,2.7777777777777777
43,0.4,False,0,2.1999999999999997,False,30.555555555555554,-3.9445194779045307,-4.222222222222238,1.0415073675132596,0.9199999999999999,-0.4,-0.4,2.7777777777777777,2.7777777777777777,30.555555555555554,59.76546607105257,59.51111111111118,0.09269543930825441,-6.661338147750939e-16,-0.4,-0.4,2.7777777777777777,2.7777777777777777
43,0.5,False,0,1.4000000000000004,False,30.555555555555554,-3.4489425192467804,-4.222222222222238,1.0636529603422944,0.75,-0.5,-0.5,2.7777777777777777,2.7777777777777777,30.555555555555554,37.503801901904005,37.288888888888934,-0.17881061715067825,0.0,-0.5,-0.5,2.7777777777777777,2.7777777777777777
43,0.6000000000000001,False,0,0.8666666666666674,False,30.555555555555554,-4.292939895396638,-4.222222222222238,0.6599880323341059,0.5800000000000005,-0.6000000000000001,-0.6000000000000001,2.7777777777777777,2.7777777777777777,30.555555555555554,23.762738392668073,23.40000000000003,0.08607380571411283,-0.019999999999999574,-0.6000000000000001,-0.6000000000000001,2.7777777777777777,2.7777777777777777
43,0.7000000000000001,False,0,0.4857142857142861,False,30.555555555555554,-4.027637457595925,-4.222222222222238,0.7373694656695307,0.4100000000000006,-0.7000000000000001,-0.7000000000000001,2.7777777777777777,2.7777777777777777,30.555555555555554,12.83928083974708,12.28888888888891,0.15325086637539131,-0.009999999999999343,-0.7000000000000001,-0.7000000000000001,2.7777777777777777,2.7777777777777777
43,0.8,False,0,0.19999999999999962,False,30.555555555555554,-3.9543016061447203,-4.222222222222238,0.4186812434913887,0.23999999999999977,-0.8,-0.8,2.7777777777777777,2.7777777777777777,30.555555555555554,4.493738785835004,3.9555555555555744,0.13904734262560092,-2.220446049250313e-16,-0.8,-0.8,2.7777777777777777,2.7777777777777777
43,0.9,True,1,0.0,True,30.555555555555554,-4.294150210855345,-4.222222222222238,-0.09940390141925692,0.06999999999999962,-0.9,-0.9,2.7777777777777777,2.7777777777777777,30.515555555555554,-0.8646056149831081,-1.6039999999999877,0.01838843990735506,-0.02000000000000024,-0.9,-0.9,2.7777777777777777,2.7777777777777777
43,1.0,True,2,0.0,True,30.515555555555554,-4.155657753423955,-4.214222222222236,-0.1158028144497194,-0.09999999999999987,-1.0,-1.0,2.7777777777777777,2.7777777777777777,30.515555555555554,-1.9222690983703385,-1.440444444444462,0.10930137834474252,0.0,-1.0,-1.0,2.7777777777777777,2.7777777777777777
43,1.1,True,2,0.0,True,30.515555555555554,-4.144290995552455,-4.2182222222222405,-0.13684728304122773,-0.2699999999999998,-1.1,-1.1,2.7777777777777777,2.7777777777777777,30.555555555555554,1.1064241979733582,1.3333333333333117,0.4032795430481779,-0.0499999999999996,-1.1,-1.1,2.7777777777777777,2.7777777777777777
43,1.2000000000000002,True,2,0.0,True,30.475555555555555,-4.136019138135491,-4.210222222222238,-0.5111388731222302,-0.4399999999999995,-1.2000000000000002,-1.2000000000000002,2.7777777777777777,2.7777777777777777,30.555555555555554,3.3849090198735086,4.11111111111109,0.09650179111921431,-0.07999999999999963,-1.2000000000000002,-1.2000000000000002,2.7777777777777777,2.7777777777777777
43,1.3,True,2,0.0,True,30.515555555555554,-4.181342842005374,-4.2182222222222405,-0.40736993652888853,-0.6100000000000003,-1.3,-1.3,2.7777777777777777,2.7777777777777777,30.555555555555554,6.363912751262274,6.888888888888876,0.42037695056403956,-0.09000000000000008,-1.3,-1.3,2.7777777777777777,2.7777777777777777
43,1.4000000000000001,True,2,0.0,True,30.355555555555558,-3.5913736707106976,-4.162222222222236,-0.4289745363420847,-0.7799999999999994,-1.4000000000000001,-1.4000000000000001,2.7777777777777777,2.7777777777777777,30.555555555555554,9.617402111281866,9.666666666666654,-0.05133898253607683,-0.08000000000000007,-1.4000000000000001,-1.4000000000000001,2.7777777777777777,2.7777777777777777
43,1.5,True,2,0.0,True,30.435555555555556,-3.8034080429684165,-4.186222222222223,-0.831877126202812,-0.9499999999999997,-1.5,-1.5,2.7777777777777777,2.7777777777777777,30.555555555555554,12.493540905007006,12.444444444444432,-0.0546214750519225,-0.04999999999999982,-1.5,-1.5,2.7777777777777777,2.7777777777777777
43,1.6,True,2,0.0,True,30.27555555555556,-4.290318802309922,-4.110222222222236,-1.0571326906361045,-1.1200000000000006,-1.6,-1.6,2.7777777777777777,2.7777777777777777,30.515555555555554,12.362981445224083,12.448444444444437,-0.2525463373811936,-0.1599999999999997,-1.6,-1.6,2.7777777777777777,2.7777777777777777
43,1.7000000000000002,True,2,0.0,True,30.31555555555556,-4.270836322096026,-4.138222222222235,-1.0256291601231513,-1.2899999999999991,-1.7000000000000002,-1.7000000000000002,2.7777777777777777,2.7777777777777777,30.555555555555554,14.426216296056115,15.22222222222221,0.2967826248319536,-0.09999999999999964,-1.7000000000000002,-1.7000000000000002,2.7777777777777777,2.7777777777777777
45,0.0,False,0,4.0,False,30.555555555555554,-3.6987787537591954,-3.5999999999999828,1.7086504086627756,1.6,0.0,0.0,2.7777777777777777,2.7777777777777777,,,,,,,,,
45,0.1,False,0,4.0,False,30.555555555555554,-3.058529150483099,-3.5999999999999828,1.376687759174609,1.42,-0.1,-0.1,2.7777777777777777,2.7777777777777777,30.555555555555554,393.49264620116554,393.62222222222084,-0.23143618384217635,-0.00999999999999579,-0.1,-0.1,2.7777777777777777,2.7777777777777777
45,0.2,False,0,4.0,False,30.555555555555554,-3.5060216970515112,-3.5999999999999828,1.0651399233812748,1.2399999999999998,-0.2,-0.2,2.7777777777777777,2.7777777777777777,30.555555555555554,172.03340167900535,171.39999999999958,0.3588983824010108,-0.019999999999997353,-0.2,-0.2,2.7777777777777777,2.7777777777777777
45,0.30000000000000004,False,0,3.4333333333333336,False,30.555555555555554,-3.444242622391786,-3.5999999999999828,1.034178673630727,1.06,-0.30000000000000004,-0.30000000000000004,2.7777777777777777,2.7777777777777777,30.555555555555554,96.45240269144894,96.3999999999999,0.019441908367347827,-0.020000000000001572,-0.30000000000000004,-0.30000000000000004,2.7777777777777777,2.7777777777777777
45,0.4,False,0,2.0999999999999996,False,30.555555555555554,-3.073884680962375,-3.5999999999999828,0.8839806037946984,0.8799999999999999,-0.4,-0.4,2.7777777777777777,2.7777777777777777,30.555555555555554,58.27061940427335,57.51111111111118,0.043356789951401575,-6.661338147750939e-16,-0.4,-0.4,2.7777777777777777,2.7777777777777777
45,0.5,False,0,1.2999999999999998,False,30.555555555555554,-2.835792291277701,-3.5999999999999828,0.7470150296071618,0.7000000000000002,-0.5,-0.5,2.7777777777777777,2.7777777777777777,30.555555555555554,35.52222400768562,35.288888888888934,0.09189532106322496,0.0,-0.5,-0.5,2.7777777777777777,2.7777777777777777
45,0.6000000000000001,False,0,0.7666666666666673,False,30.555555555555554,-3.4166888115441365,-3.5999999999999828,0.6075645593680399,0.5200000000000005,-0.6000000000000001,-0.6000000000000001,2.7777777777777777,2.7777777777777777,30.555555555555554,21.661240266586763,21.40000000000003,-0.14392236915301093,-0.019999999999999574,-0.6000000000000001,-0.6000000000000001,2.7777777777777777,2.7777777777777777
45,0.7000000000000001,False,0,0.38571428571428634,False,30.555555555555554,-2.8112357659354883,-3.5999999999999828,0.8476054170884182,0.3400000000000003,-0.7000000000000001,-0.7000000000000001,2.7777777777777777,2.7777777777777777,30.555555555555554,10.95422130668997,10.28888888888891,0.2165844906307397,-0.009999999999999343,-0.7000000000000001,-0.7000000000000001,2.7777777777777777,2.7777777777777777
45,0.8,False,0,0.09999999999999953,False,30.555555555555554,-3.057544810080844,-3.5999999999999828,0.2581590463856922,0.1599999999999997,-0.8,-0.8,2.7777777777777777,2.7777777777777777,30.555555555555554,2.0076564198227063,1.9555555555555744,0.12629959649517009,-2.220446049250313e-16,-0.8,-0.8,2.7777777777777777,2.7777777777777777
45,0.9,True,1,0.0,False,30.555555555555554,-2.8943987396612227,-3.5999999999999828,0.25279845107349663,-0.02000000000000024,-0.9,-0.9,2.7777777777777777,2.7777777777777777,30.555555555555554,-2.8943987396612227,-3.5999999999999828,0.25279845107349663,-0.02000000000000024,-0.9,-0.9,2.7777777777777777,2.7777777777777777
45,1.0,True,2,0.0,True,30.515555555555554,-3.161988350675233,-3.6039999999999806,-0.18432821397261367,-0.19999999999999996,-1.0,-1.0,2.7777777777777777,2.7777777777777777,30.555555555555554,-0.5864403631746127,0.5555555555555332,0.4291605271452186,0.0,-1.0,-1.0,2.7777777777777777,2.7777777777777777
45,1.1,True,2,0.0,False,30.555555555555554,-3.135441821683922,-3.5999999999999757,0.1527992484975087,-0.3799999999999999,-1.1,-1.1,2.7777777777777777,2.7777777777777777,30.555555555555554,2.453080333694442,3.3333333333333117,0.2941651082821073,-0.0499999999999996,-1.1,-1.1,2.7777777777777777,2.7777777777777777
45,1.2000000000000002,True,2,0.0,True,30.475555555555555,-3.388651158804552,-3.6119999999999832,-0.4287671574967895,-0.5599999999999992,-1.2000000000000002,-1.2000000000000002,2.7777777777777777,2.7777777777777777,30.555555555555554,5.902990967429393,6.11111111111109,0.037335723229707796,-0.07999999999999963,-1.2000000000000002,-1.2000000000000002,2.7777777777777777,2.7777777777777777
45,1.3,True,2,0.0,True,30.395555555555557,-2.5438240941497936,-3.643999999999987,-0.35284129059460256,-0.7400000000000007,-1.3,-1.3,2.7777777777777777,2.7777777777777777,30.555555555555554,8.81673228804473,8.888888888888875,-0.10613983739242516,-0.09000000000000008,-1.3,-1.3,2.7777777777777777,2.7777777777777777
45,1.4000000000000001,True,2,0.0,True,30.435555555555556,-2.864754417384968,-3.6319999999999864,-0.7556218849093073,-0.919999999999999,-1.4000000000000001,-1.4000000000000001,2.7777777777777777,2.7777777777777777,30.555555555555554,11.538268797977278,11.666666666666654,0.16316197315984704,-0.08000000000000007,-1.4000000000000001,-1.4000000000000001,2.7777777777777777,2.7777777777777777
45,1.5,True,2,0.0,True,30.355555555555558,-2.9746697374865674,-3.667999999999995,-0.6971965838993224,-1.1,-1.5,-1.5,2.7777777777777777,2.7777777777777777,30.555555555555554,14.423210665537876,14.444444444444432,-0.32244705186041656,-0.04999999999999982,-1.5,-1.5,2.7777777777777777,2.7777777777777777
45,1.6,True,2,0.0,True,30.31555555555556,-3.6469480737352837,-3.683999999999986,-1.103453845571619,-1.2800000000000007,-1.6,-1.6,2.7777777777777777,2.7777777777777777,30.555555555555554,14.155923903647473,14.444444444444432,0.15861922848133814,-0.1599999999999997,-1.6,-1.6,2.7777777777777777,2.7777777777777777
45,1.7000000000000002,True,2,0.0,True,30.27555555555556,-3.260148539187493,-3.7119999999999846,-0.9858563589505465,-1.459999999999999,-1.7000000000000002,-1.7000000000000002,2.7777777777777777,2.7777777777777777,30.555555555555554,16.875545621390902,17.22222222222221,0.34103320398735537,-0.09999999999999964,-1.7000000000000002,-1.7000000000000002,2.7777777777777777,2.7777777777777777
47,0.0,False,0,4.0,False,30.555555555555554,-4.000237931558277,-3.000000000000017,1.7611926615285163,1.6,0.0,0.0,2.7777777777777777,2.7777777777777777,,,,,,,,,
47,0.1,False,0,4.0,False,30.555555555555554,-3.2260150446967684,-3.000000000000017,1.4454419694541993,1.42,-0.1,-0.1,2.7777777777777777,2.7777777777777777,30.555555555555554,391.8460606939382,391.62222222222084,-0.02648637153619804,-0.00999999999999579,-0.1,-0.1,2.7777777777777777,2.7777777777777777
47,0.2,False,0,4.0,False,30.555555555555554,-3.4953225604699467,-3.000000000000017,1.4519001438481647,1.2399999999999998,-0.2,-0.2,2.7777777777777777,2.7777777777777777,30.555555555555554,170.08088212353857,169.39999999999958,-0.10174031758125923,-0.019999999999997353,-0.2,-0.2,2.7777777777777777,2.7777777777777777
47,0.30000000000000004,False,0,3.3333333333333344,False,30.555555555555554,-2.9667104680116365,-3.000000000000017,1.1577720735219246,1.06,-0.30000000000000004,-0.30000000000000004,2.7777777777777777,2.7777777777777777,30.555555555555554,94.10735319665265,94.3999999999999,-0.16061053748401943,-0.020000000000001572,-0.30000000000000004,-0.30000000000000004,2.7777777777777777,2.7777777777777777
47,0.4,False,0,1.9999999999999996,False,30.555555555555554,-3.5257904238128956,-3.000000000000017,0.8514595843205184,0.8799999999999999,-0.4,-0.4,2.7777777777777777,2.7777777777777777,30.555555555555554,56.129586926852866,55.51111111111118,-0.04823404873629533,-6.661338147750939e-16,-0.4,-0.4,2.7777777777777777,2.7777777777777777
47,0.5,False,0,1.2000000000000002,False,30.555555555555554,-3.0609473858871423,-3.000000000000017,0.7656772484764018,0.7000000000000002,-0.5,-0.5,2.7777777777777777,2.7777777777777777,30.555555555555554,33.86567189298108,33.288888888888934,0.12814857508758992,0.0,-0.5,-0.5,2.7777777777777777,2.7777777777777777
47,0.6000000000000001,False,0,0.6666666666666672,False,30.555555555555554,-2.9468029548657837,-3.000000000000017,0.6522947528736021,0.5200000000000005,-0.6000000000000001,-0.6000000000000001,2.7777777777777777,2.7777777777777777,30.555555555555554,20.421008666008245,19.40000000000003,0.3890841635665767,-0.019999999999999574,-0.6000000000000001,-0.6000000000000001,2.7777777777777777,2.7777777777777777
47,0.7000000000000001,False,0,0.2857142857142866,False,30.555555555555554,-3.637026144861774,-3.000000000000017,0.484256900343051,0.3400000000000003,-0.7000000000000001,-0.7000000000000001,2.7777777777777777,2.7777777777777777,30.555555555555554,9.118841622895776,8.28888888888891,0.2814533518168232,-0.009999999999999343,-0.7000000000000001,-0.7000000000000001,2.7777777777777777,2.7777777777777777
47,0.8,True,1,0.0,False,30.555555555555554,-3.634838026207251,-3.000000000000017,0.17738409384701237,0.1599999999999997,-0.8,-0.8,2.7777777777777777,2.7777777777777777,30.555555555555554,0.8743577515821217,-0.044444444444425635,0.0733032224803929,-2.220446049250313e-16,-0.8,-0.8,2.7777777777777777,2.7777777777777777
47,0.9,True,2,0.0,False,30.555555555555554,-3.825904614233603,-3.000000000000017,0.2959327654496109,-0.02000000000000024,-0.9,-0.9,2.7777777777777777,2.7777777777777777,30.555555555555554,-3.825904614233603,-3.000000000000017,0.2959327654496109,-0.02000000000000024,-0.9,-0.9,2.7777777777777777,2.7777777777777777
47,1.0,True,2,0.0,True,30.555555555555554,-3.332426702316826,-3.000000000000024,-0.17242636327332073,-0.19999999999999996,-1.0,-1.0,2.7777777777777777,2.7777777777777777,30.555555555555554,2.155226915718342,2.555555555555533,0.21333970665138224,0.0,-1.0,-1.0,2.7777777777777777,2.7777777777777777
47,1.1,True,2,0.0,True,30.515555555555554,-3.5005724828326477,-2.996000000000019,-0.16414565725617347,-0.3799999999999999,-1.1,-1.1,2.7777777777777777,2.7777777777777777,30.555555555555554,5.042207925582287,5.333333333333312,0.006717256156742346,-0.0499999999999996,-1.1,-1.1,2.7777777777777777,2.7777777777777777
47,1.2000000000000002,True,2,0.0,True,30.395555555555557,-2.8298119032685234,-2.9600000000000177,-0.3557944089079872,-0.5599999999999992,-1.2000000000000002,-1.2000000000000002,2.7777777777777777,2.7777777777777777,30.555555555555554,8.089434757970782,8.11111111111109,-0.1469263588561922,-0.07999999999999963,-1.2000000000000002,-1.2000000000000002,2.7777777777777777,2.7777777777777777
47,1.3,True,2,0.0,True,30.395555555555557,-3.4129134781115367,-2.952000000000008,-0.17853584692413405,-0.7400000000000007,-1.3,-1.3,2.7777777777777777,2.7777777777777777,30.515555555555554,10.891174736506589,10.89288888888888,0.052550637727951655,-0.09000000000000008,-1.3,-1.3,2.7777777777777777,2.7777777777777777
47,1.4000000000000001,True,2,0.0,True,30.435555555555556,-2.9220227362772304,-2.976000000000016,-1.1220059284359591,-0.919999999999999,-1.4000000000000001,-1.4000000000000001,2.7777777777777777,2.7777777777777777,30.555555555555554,13.420482834213079,13.666666666666654,0.10994742817465308,-0.08000000000000007,-1.4000000000000001,-1.4000000000000001,2.7777777777777777,2.7777777777777777
47,1.5,True,2,0.0,True,30.27555555555556,-2.7691602984582984,-2.9462222222222136,-1.1317805514204968,-1.25,-1.5,-1.5,2.7777777777777777,2.7777777777777777,30.515555555555554,15.737835633926668,16.448444444444437,0.3003801970114135,-0.04999999999999982,-1.5,-1.5,2.7777777777777777,2.7777777777777777
47,1.6,True,2,0.0,True,30.27555555555556,-1.689084829232061,-2.934222222222206,-0.7916291722207685,-1.4400000000000008,-1.6,-1.6,2.7777777777777777,2.7777777777777777,30.555555555555554,16.387632670404177,16.444444444444432,0.057916498097430935,-0.1599999999999997,-1.6,-1.6,2.7777777777777777,2.7777777777777777
47,1.7000000000000002,True,2,0.0,True,30.23555555555556,-2.5390174196869735,-2.9702222222222145,-1.537925432399073,-1.629999999999999,-1.7000000000000002,-1.7000000000000002,2.7777777777777777,2.7777777777777777,30.555555555555554,19.333114140615447,19.22222222222221,-0.32295575333025583,-0.09999999999999964,-1.7000000000000002,-1.7000000000000002,2.7777777777777777,2.7777777777777777
49,0.0,False,0,4.0,False,30.555555555555554,-4.00674146698898,-3.7777777777777954,1.7006340567502178,1.6,0.0,0.0,2.7777777777777777,2.7777777777777777,,,,,,,,,
49,0.1,False,0,4.0,False,30.555555555555554,-4.015965683813749,-3.7777777777777954,1.5510228611133399,1.4100000000000001,-0.1,-0.1,2.7777777777777777,2.7777777777777777,30.555555555555554,389.81979920314166,389.62222222222084,0.1320691881818754,-0.00999999999999579,-0.1,-0.1,2.7777777777777777,2.7777777777777777
49,0.2,False,0,4.0,False,30.555555555555554,-3.747171603980756,-3.7777777777777954,1.117275841245311,1.2200000000000002,-0.2,-0.2,2.7777777777777777,2.7777777777777777,30.555555555555554,167.18989230299007,167.39999999999958,-0.01567637636378061,-0.019999999999997353,-0.2,-0.2,2.7777777777777777,2.7777777777777777
49,0.30000000000000004,False,0,3.3333333333333344,False,30.555555555555554,-4.143831263301943,-3.7777777777777954,0.8591178635359467,1.0300000000000002,-0.30000000000000004,-0.30000000000000004,2.7777777777777777,2.7777777777777777,30.555555555555554,92.41463851872398,92.3999999999999,0.09931862602225561,-0.020000000000001572,-0.30000000000000004,-0.30000000000000004,2.7777777777777777,2.7777777777777777
49,0.4,False,0,1.9999999999999996,False,30.555555555555554,-3.761760632577274,-3.7777777777777954,0.7360267800587414,0.8399999999999999,-0.4,-0.4,2.7777777777777777,2.7777777777777777,30.555555555555554,53.898300776162046,53.51111111111118,-0.11754478541958147,-6.661338147750939e-16,-0.4,-0.4,2.7777777777777777,2.7777777777777777
49,0.5,False,0,1.2000000000000002,False,30.555555555555554,-3.870430520401544,-3.7777777777777954,0.7520891443038749,0.6499999999999999,-0.5,-0.5,2.7777777777777777,2.7777777777777777,30.555555555555554,31.366661908105467,31.28888888888893,-0.04535423481060086,0.0,-0.5,-0.5,2.7777777777777777,2.7777777777777777
49,0.6000000000000001,False,0,0.6666666666666672,False,30.555555555555554,-3.658539538725061,-3.7777777777777954,0.7379467103418915,0.4600000000000004,-0.6000000000000001,-0.6000000000000001,2.7777777777777777,2.7777777777777777,30.555555555555554,17.46555069391656,17.40000000000003,0.010272177174319719,-0.019999999999999574,-0.6000000000000001,-0.6000000000000001,2.7777777777777777,2.7777777777777777
49,0.7000000000000001,False,0,0.2857142857142866,False,30.555555555555554,-4.041545561683566,-3.7777777777777954,0.7533382396127797,0.27000000000000046,-0.7000000000000001,-0.7000000000000001,2.7777777777777777,2.7777777777777777,30.555555555555554,6.642737737507017,6.28888888888891,0.010609900014688867,-0.009999999999999343,-0.7000000000000001,-0.7000000000000001,2.7777777777777777,2.7777777777777777
49,0.8,True,1,0.0,True,30.515555555555554,-4.227679844021639,-3.7737777777777906,-0.06364698305704342,0.07999999999999963,-0.8,-0.8,2.7777777777777777,2.7777777777777777,30.515555555555554,-2.196191879564945,-2.0524444444444354,-0.018718913450778363,-2.220446049250313e-16,-0.8,-0.8,2.7777777777777777,2.7777777777777777
49,0.9,True,2,0.0,True,30.555555555555554,-3.7851543548486175,-3.7777777777777954,-0.057546213340706975,-0.1100000000000001,-0.9,-0.9,2.7777777777777777,2.7777777777777777,30.555555555555554,-1.0540876599333187,-1.0000000000000169,0.1058217896231457,-0.02000000000000024,-0.9,-0.9,2.7777777777777777,2.7777777777777777
49,1.0,True,2,0.0,True,30.475555555555555,-3.9075764259431507,-3.7577777777777923,-0.27724983854394347,-0.2999999999999998,-1.0,-1.0,2.7777777777777777,2.7777777777777777,30.555555555555554,4.4508442952732326,4.555555555555533,-0.010280156387464157,0.0,-1.0,-1.0,2.7777777777777777,2.7777777777777777
49,1.1,True,2,0.0,True,30.475555555555555,-4.2730354143206055,-3.7577777777777923,-0.15189167919398483,-0.4900000000000002,-1.1,-1.1,2.7777777777777777,2.7777777777777777,30.555555555555554,7.205421755629634,7.333333333333312,0.008574799924843113,-0.0499999999999996,-1.1,-1.1,2.7777777777777777,2.7777777777777777
49,1.2000000000000002,True,2,0.0,True,30.395555555555557,-4.194963825393539,-3.7257777777777816,-0.22117231185968578,-0.6799999999999993,-1.2000000000000002,-1.2000000000000002,2.7777777777777777,2.7777777777777777,30.515555555555554,9.513257928725789,10.1191111111111,0.27705728912565464,-0.07999999999999963,-1.2000000000000002,-1.2000000000000002,2.7777777777777777,2.7777777777777777
49,1.3,True,2,0.0,True,30.395555555555557,-3.6477937176470077,-3.7337777777777914,-0.8551688520587344,-0.8700000000000006,-1.3,-1.3,2.7777777777777777,2.7777777777777777,30.555555555555554,12.626690313400122,12.888888888888875,0.08817172189893019,-0.09000000000000008,-1.3,-1.3,2.7777777777777777,2.7777777777777777
49,1.4000000000000001,True,2,0.0,True,30.355555555555558,-3.8606173216675215,-3.7137777777777883,-1.1235623334001117,-1.0599999999999992,-1.4000000000000001,-1.4000000000000001,2.7777777777777777,2.7777777777777777,30.555555555555554,14.529632963581395,15.666666666666654,0.49498274651686147,-0.08000000000000007,-1.4000000000000001,-1.4000000000000001,2.7777777777777777,2.7777777777777777
49,1.5,True,2,0.0,True,30.27555555555556,-3.929450921142087,-3.657777777777784,-0.900829744621152,-1.25,-1.5,-1.5,2.7777777777777777,2.7777777777777777,30.515555555555554,18.101629735877825,18.448444444444437,0.06733454157535945,-0.04999999999999982,-1.5,-1.5,2.7777777777777777,2.7777777777777777
49,1.6,True,2,0.0,True,30.23555555555556,-3.7717724358384173,-3.63377777777779,-1.2339048547066414,-1.4400000000000008,-1.6,-1.6,2.7777777777777777,2.7777777777777777,30.555555555555554,18.481386952752164,18.444444444444432,-0.15038550263757755,-0.1599999999999997,-1.6,-1.6,2.7777777777777777,2.7777777777777777
49,1.7000000000000002,True,2,0.0,True,30.23555555555556,-3.82930118000436,-3.6217777777777895,-1.0205112637551077,-1.629999999999999,-1.7000000000000002,-1.7000000000000002,2.7777777777777777,2.7777777777777777,30.555555555555554,21.311070722242366,21.22222222222221,-0.06787215694140247,-0.09999999999999964,-1.7000000000000002,-1.7000000000000002,2.7777777777777777,2.7777777777777777
51,0.0,False,0,4.0,False,30.555555555555554,-4.042366255684679,-4.044444444444426,1.6340378524321046,1.6,0.0,0.0,2.7777777777777777,2.7777777777777777,,,,,,,,,
51,0.1,False,0,4.0,False,30.555555555555554,-3.6509470787280476,-4.044444444444426,1.5121258924590335,1.4,-0.1,-0.1,2.7777777777777777,2.7777777777777777,30.555555555555554,388.2459394423477,387.62222222222084,0.005118930301278413,-0.00999999999999579,-0.1,-0.1,2.7777777777777777,2.7777777777777777
51,0.2,False,0,4.0,False,30.555555555555554,-3.1093970606173,-4.044444444444426,1.7428001131226472,1.2000000000000002,-0.2,-0.2,2.7777777777777777,2.7777777777777777,30.555555555555554,165.85126814281438,165.39999999999958,-0.1754621023138183,-0.019999999999997353,-0.2,-0.2,2.7777777777777777,2.7777777777777777
51,0.30000000000000004,False,0,3.2333333333333334,False,30.555555555555554,-3.7167753621781854,-4.044444444444426,0.9033078399749628,1.0000000000000004,-0.30000000000000004,-0.30000000000000004,2.7777777777777777,2.7777777777777777,30.555555555555554,90.95909989592825,90.3999999999999,0.1556961787409592,-0.020000000000001572,-0.30000000000000004,-0.30000000000000004,2.7777777777777777,2.7777777777777777
51,0.4,False,0,1.8999999999999995,False,30.555555555555554,-4.189246612728286,-4.044444444444426,0.8307580758202846,0.7999999999999998,-0.4,-0.4,2.7777777777777777,2.7777777777777777,30.555555555555554,52.11653155962543,51.51111111111118,-0.06770496338755727,-6.661338147750939e-16,-0.4,-0.4,2.7777777777777777,2.7777777777777777
51,0.5,False,0,1.1000000000000005,False,30.555555555555554,-2.9570863013278723,-4.044444444444426,0.8213077135304561,0.6000000000000001,-0.5,-0.5,2.7777777777777777,2.7777777777777777,30.555555555555554,29.45636973033056,29.28888888888893,-0.015853829005215925,0.0,-0.5,-0.5,2.7777777777777777,2.7777777777777777
51,0.6000000000000001,False,0,0.5666666666666671,False,30.555555555555554,-3.5265011104012585,-4.044444444444426,0.5176249180277224,0.40000000000000036,-0.6000000000000001,-0.6000000000000001,2.7777777777777777,2.7777777777777777,30.555555555555554,15.438719143142922,15.40000000000003,-0.33135975819982955,-0.019999999999999574,-0.6000000000000001,-0.6000000000000001,2.7777777777777777,2.7777777777777777
51,0.7000000000000001,False,0,0.1857142857142868,False,30.555555555555554,-3.5641844133654272,-4.044444444444426,0.1733701830797041,0.20000000000000062,-0.7000000000000001,-0.7000000000000001,2.7777777777777777,2.7777777777777777,30.555555555555554,5.004350502318826,4.28888888888891,0.14528297129644363,-0.009999999999999343,-0.7000000000000001,-0.7000000000000001,2.7777777777777777,2.7777777777777777
51,0.8,True,1,0.0,True,30.515555555555554,-3.6152753380114886,-4.0484444444444305,-0.03336571440620206,-2.220446049250313e-16,-0.8,-0.8,2.7777777777777777,2.7777777777777777,30.515555555555554,-3.6152753380114886,-4.0484444444444305,-0.03336571440620206,-2.220446049250313e-16,-0.8,-0.8,2.7777777777777777,2.7777777777777777
51,0.9,True,2,0.0,True,30.515555555555554,-3.55774826134743,-4.060444444444445,-0.08752639330017531,-0.19999999999999996,-0.9,-0.9,2.7777777777777777,2.7777777777777777,30.515555555555554,0.7479008791232262,1.007999999999993,0.2021866269884911,-0.02000000000000024,-0.9,-0.9,2.7777777777777777,2.7777777777777777
51,1.0,True,2,0.0,True,30.435555555555556,-2.9070133553942794,-4.0684444444444265,-0.2648174955923386,-0.3999999999999999,-1.0,-1.0,2.7777777777777777,2.7777777777777777,30.555555555555554,5.644790410662734,6.555555555555533,0.1983457137773037,0.0,-1.0,-1.0,2.7777777777777777,2.7777777777777777
51,1.1,True,2,0.0,True,30.355555555555558,-3.9146325948584986,-4.108444444444433,-0.5339134361976505,-0.6000000000000001,-1.1,-1.1,2.7777777777777777,2.7777777777777777,30.515555555555554,8.64938371993296,9.337333333333316,0.22307629364840542,-0.0499999999999996,-1.1,-1.1,2.7777777777777777,2.7777777777777777
51,1.2000000000000002,True,2,0.0,True,30.355555555555558,-3.5448127339299758,-4.1164444444444355,-0.5909063449352836,-0.7999999999999994,-1.2000000000000002,-1.2000000000000002,2.7777777777777777,2.7777777777777777,30.515555555555554,11.996379508798288,12.115111111111094,0.22009634936921652,-0.07999999999999963,-1.2000000000000002,-1.2000000000000002,2.7777777777777777,2.7777777777777777
51,1.3,True,2,0.0,True,30.31555555555556,-3.0308201625977658,-4.128444444444429,-0.29423612448088754,-1.0000000000000004,-1.3,-1.3,2.7777777777777777,2.7777777777777777,30.555555555555554,14.468069376083253,14.888888888888875,0.2984924753926621,-0.09000000000000008,-1.3,-1.3,2.7777777777777777,2.7777777777777777
51,1.4000000000000001,True,2,0.0,True,30.27555555555556,-4.103142106083982,-4.160444444444432,-1.3026356879839296,-1.1999999999999988,-1.4000000000000001,-1.4000000000000001,2.7777777777777777,2.7777777777777777,30.555555555555554,17.478897110381535,17.666666666666654,-0.20787525016793196,-0.08000000000000007,-1.4000000000000001,-1.4000000000000001,2.7777777777777777,2.7777777777777777
51,1.5,True,2,0.0,True,30.06905555555556,-3.8759896785648875,-4.241094444444438,-1.1665692282402012,-1.4,-1.5,-1.5,2.7777777777777777,2.7777777777777777,30.515555555555554,19.58356261686784,20.448444444444437,0.5557160641481249,-0.04999999999999982,-1.5,-1.5,2.7777777777777777,2.7777777777777777
51,1.6,True,2,0.0,True,30.23555555555556,-3.3286374748766674,-4.196444444444434,-1.205143232505739,-1.6000000000000005,-1.6,-1.6,2.7777777777777777,2.7777777777777777,30.555555555555554,20.42805510638185,20.444444444444432,-0.23070529478168744,-0.1599999999999997,-1.6,-1.6,2.7777777777777777,2.7777777777777777
51,1.7000000000000002,True,2,0.0,True,30.23555555555556,-3.463843246557057,-4.188444444444431,-1.3523672384649583,-1.7999999999999994,-1.7000000000000002,-1.7000000000000002,2.7777777777777777,2.7777777777777777,30.555555555555554,22.69177699550436,23.22222222222221,0.16079350748099763,-0.09999999999999964,-1.7000000000000002,-1.7000000000000002,2.7777777777777777,2.7777777777777777
53,0.0,False,0,4.0,False,30.555555555555554,-3.008912047318435,-3.266666666666647,1.6469078803976975,1.6,0.0,0.0,2.7777777777777777,2.7777777777777777,,,,,,,,,
53,0.1,False,0,4.0,False,30.555555555555554,-3.287068571452056,-3.266666666666647,1.3715511235652977,1.3900000000000001,-0.1,-0.1,2.7777777777777777,2.7777777777777777,30.555555555555554,386.84009534764186,385.62222222222084,0.08627729331752931,-0.00999999999999579,-0.1,-0.1,2.7777777777777777,2.7777777777777777
53,0.2,False,0,4.0,False,30.555555555555554,-3.1844320854475496,-3.266666666666647,1.1880995561721845,1.1800000000000002,-0.2,-0.2,2.7777777777777777,2.7777777777777777,30.555555555555554,164.99426206671552,163.39999999999958,-0.20064798828108077,-0.019999999999997353,-0.2,-0.2,2.7777777777777777,2.7777777777777777
53,0.30000000000000004,False,0,3.133333333333334,False,30.555555555555554,-3.144836877035419,-3.266666666666647,0.8642514375933428,0.9700000000000002,-0.30000000000000004,-0.30000000000000004,2.7777777777777777,2.7777777777777777,30.555555555555554,88.88876595255246,88.3999999999999,-0.05253827928337751,-0.020000000000001572,-0.30000000000000004,-0.30000000000000004,2.7777777777777777,2.7777777777777777
53,0.4,False,0,1.7999999999999994,False,30.555555555555554,-3.4181227671679606,-3.266666666666647,1.14827550320949,0.7599999999999998,-0.4,-0.4,2.7777777777777777,2.7777777777777777,30.555555555555554,50.31543472684439,49.51111111111118,0.14389489773518038,-6.661338147750939e-16,-0.4,-0.4,2.7777777777777777,2.7777777777777777
53,0.5,False,0,1.0,False,30.555555555555554,-3.052769709278844,-3.266666666666647,0.3599135724994089,0.5500000000000003,-0.5,-0.5,2.7777777777777777,2.7777777777777777,30.555555555555554,26.88379977781865,27.28888888888893,-0.03187191880309559,0.0,-0.5,-0.5,2.7777777777777777,2.7777777777777777
53,0.6000000000000001,False,0,0.46666666666666773,False,30.555555555555554,-1.6942367529872966,-3.266666666666647,0.8047273789002718,0.3400000000000003,-0.6000000000000001,-0.6000000000000001,2.7777777777777777,2.7777777777777777,30.555555555555554,14.555525581993518,13.40000000000003,-0.14559345293035908,-0.019999999999999574,-0.6000000000000001,-0.6000000000000001,2.7777777777777777,2.7777777777777777
53,0.7000000000000001,False,0,0.08571428571428673,False,30.555555555555554,-2.76946969460717,-3.266666666666647,0.1896391879391044,0.13000000000000078,-0.7000000000000001,-0.7000000000000001,2.7777777777777777,2.7777777777777777,30.555555555555554,2.9337679417075337,2.28888888888891,0.14147919864008074,-0.009999999999999343,-0.7000000000000001,-0.7000000000000001,2.7777777777777777,2.7777777777777777
53,0.8,True,2,0.0,False,30.555555555555554,-3.2085766018258495,-3.266666666666647,-0.12602531045429877,-0.0800000000000003,-0.8,-0.8,2.7777777777777777,2.7777777777777777,30.555555555555554,-2.9279869543212724,-2.555555555555574,0.20294160119806648,-2.220446049250313e-16,-0.8,-0.8,2.7777777777777777,2.7777777777777777
53,0.9,True,2,0.0,True,30.435555555555556,-2.7926843618112214,-3.290666666666662,0.06463911810838696,-0.2899999999999998,-0.9,-0.9,2.7777777777777777,2.7777777777777777,30.555555555555554,2.7912828625182557,2.999999999999983,-0.14127262349564584,-0.02000000000000024,-0.9,-0.9,2.7777777777777777,2.7777777777777777
53,1.0,True,2,0.0,True,30.475555555555555,-3.117591983088647,-3.2826666666666524,-0.7965887792786095,-0.5,-1.0,-1.0,2.7777777777777777,2.7777777777777777,30.555555555555554,7.555333768982966,8.555555555555532,0.23283812025788508,0.0,-1.0,-1.0,2.7777777777777777,2.7777777777777777
53,1.1,True,2,0.0,True,30.31555555555556,-2.8796830929057107,-3.36666666666667,-0.6920930929831732,-0.7100000000000004,-1.1,-1.1,2.7777777777777777,2.7777777777777777,30.515555555555554,11.407300817805872,11.345333333333325,-0.10510406702609165,-0.0499999999999996,-1.1,-1.1,2.7777777777777777,2.7777777777777777
53,1.2000000000000002,True,2,0.0,True,30.31555555555556,-3.392798090730092,-3.354666666666655,-0.8518809724218734,-0.919999999999999,-1.2000000000000002,-1.2000000000000002,2.7777777777777777,2.7777777777777777,30.555555555555554,14.039381080432225,14.11111111111109,-0.10407528182135128,-0.07999999999999963,-1.2000000000000002,-1.2000000000000002,2.7777777777777777,2.7777777777777777
53,1.3,True,2,0.0,True,30.23555555555556,-3.113733204543446,-3.4106666666666525,-0.7519520200080485,-1.1300000000000008,-1.3,-1.3,2.7777777777777777,2.7777777777777777,30.555555555555554,16.80679118962072,16.888888888888875,-0.27865720969790253,-0.09000000000000008,-1.3,-1.3,2.7777777777777777,2.7777777777777777
53,1.4000000000000001,True,2,0.0,True,30.23555555555556,-3.403456141276531,-3.4106666666666525,-1.4218271116323806,-1.3399999999999985,-1.4000000000000001,-1.4000000000000001,2.7777777777777777,2.7777777777777777,30.555555555555554,19.331172051244447,19.666666666666654,0.16582058581783254,-0.08000000000000007,-1.4000000000000001,-1.4000000000000001,2.7777777777777777,2.7777777777777777
53,1.5,True,2,0.0,True,30.23555555555556,-2.4163071323052305,-3.4186666666666623,-0.7799262292847089,-1.5499999999999998,-1.5,-1.5,2.7777777777777777,2.7777777777777777,30.555555555555554,22.67539036621388,22.444444444444432,-0.027081050627518533,-0.04999999999999982,-1.5,-1.5,2.7777777777777777,2.7777777777777777
53,1.6,True,2,0.0,True,30.23555555555556,-3.441523655582553,-3.4186666666666623,-1.8136073922071145,-1.7600000000000007,-1.6,-1.6,2.7777777777777777,2.7777777777777777,30.555555555555554,21.69729684059224,22.444444444444432,-0.09128656394484524,-0.1599999999999997,-1.6,-1.6,2.7777777777777777,2.7777777777777777
53,1.7000000000000002,True,2,0.0,True,29.356555555555563,-2.9148922550561904,-3.657166666666657,-1.4307497346567428,-1.8300000000000005,-1.7000000000000002,-1.7000000000000002,2.7777777777777777,2.7777777777777777,30.555555555555554,24.858021977548656,25.22222222222221,-0.05427829829494879,-0.09999999999999964,-1.7000000000000002,-1.7000000000000002,2.7777777777777777,2.7777777777777777
55,0.0,False,0,4.0,False,30.555555555555554,-4.059166442593283,-3.3333333333333597,1.564109209594215,1.6,0.0,0.0,2.7777777777777777,2.7777777777777777,,,,,,,,,
55,0.1,False,0,4.0,False,30.555555555555554,-3.3936557862113714,-3.3333333333333597,1.502033169070601,1.3900000000000001,-0.1,-0.1,2.7777777777777777,2.7777777777777777,30.555555555555554,383.72529533096446,383.62222222222084,0.022884099210246145,-0.00999999999999579,-0.1,-0.1,2.7777777777777777,2.7777777777777777
55,0.2,False,0,4.0,False,30.555555555555554,-4.036571689819854,-3.3333333333333597,1.1459541645445959,1.1800000000000002,-0.2,-0.2,2.7777777777777777,2.7777777777777777,30.555555555555554,161.51303852266284,161.39999999999958,-0.03443208145399601,-0.019999999999997353,-0.2,-0.2,2.7777777777777777,2.7777777777777777
55,0.30000000000000004,False,0,3.133333333333334,False,30.555555555555554,-3.8849408088327833,-3.3333333333333597,0.9981014758859157,0.9700000000000002,-0.30000000000000004,-0.30000000000000004,2.7777777777777777,2.7777777777777777,30.555555555555554,86.26538310613788,86.3999999999999,-0.3091272070195763,-0.020000000000001572,-0.30000000000000004,-0.30000000000000004,2.7777777777777777,2.7777777777777777
55,0.4,False,0,1.7999999999999994,False,30.555555555555554,-4.074232101866175,-3.3333333333333597,0.8086488358290596,0.7599999999999998,-0.4,-0.4,2.7777777777777777,2.7777777777777777,30.555555555555554,47.306796458272785,47.51111111111118,-0.08436756153423364,-6.661338147750939e-16,-0.4,-0.4,2.7777777777777777,2.7777777777777777
55,0.5,False,0,1.0,False,30.555555555555554,-4.034846076742158,-3.3333333333333597,0.6644995497595292,0.5500000000000003,-0.5,-0.5,2.7777777777777777,2.7777777777777777,30.555555555555554,26.034970667822645,25.28888888888893,-0.018532398928908123,0.0,-0.5,-0.5,2.7777777777777777,2.7777777777777777
55,0.6000000000000001,False,0,0.46666666666666773,False,30.555555555555554,-3.5144119515443775,-3.3333333333333597,0.30616207274622775,0.3400000000000003,-0.6000000000000001,-0.6000000000000001,2.7777777777777777,2.7777777777777777,30.555555555555554,11.840168048854803,11.40000000000003,0.352488687592063,-0.019999999999999574,-0.6000000000000001,-0.6000000000000001,2.7777777777777777,2.7777777777777777
55,0.7000000000000001,False,0,0.08571428571428673,False,30.555555555555554,-3.332936830209266,-3.3333333333333597,0.3953497199905063,0.13000000000000078,-0.7000000000000001,-0.7000000000000001,2.7777777777777777,2.7777777777777777,30.555555555555554,0.7423339717809059,0.2888888888889172,0.1910477641986903,-0.009999999999999343,-0.7000000000000001,-0.7000000000000001,2.7777777777777777,2.7777777777777777
55,0.8,True,2,0.0,False,30.555555555555554,-3.577992212840985,-3.3333333333333597,0.12548412932107045,-0.0800000000000003,-0.8,-0.8,2.7777777777777777,2.7777777777777777,30.555555555555554,-0.7031007693193514,-0.555555555555574,0.029283314262450233,-2.220446049250313e-16,-0.8,-0.8,2.7777777777777777,2.7777777777777777
55,0.9,True,2,0.0,True,30.515555555555554,-4.275802730639529,-3.329333333333355,-0.026329324234549478,-0.2899999999999998,-0.9,-0.9,2.7777777777777777,2.7777777777777777,30.555555555555554,4.70370818220263,4.999999999999983,0.07156317008025703,-0.02000000000000024,-0.9,-0.9,2.7777777777777777,2.7777777777777777
55,1.0,True,2,0.0,True,30.395555555555557,-3.2242490794003684,-3.2893333333333485,-0.3369494424742696,-0.5,-1.0,-1.0,2.7777777777777777,2.7777777777777777,30.555555555555554,10.1153236362066,10.555555555555532,-0.03012286289585342,0.0,-1.0,-1.0,2.7777777777777777,2.7777777777777777
55,1.1,True,2,0.0,True,30.355555555555558,-3.4144223618398426,-3.265333333333362,-0.4669911905866191,-0.7100000000000004,-1.1,-1.1,2.7777777777777777,2.7777777777777777,30.555555555555554,13.244780569596283,13.33333333333331,-0.07199858000745318,-0.0499999999999996,-1.1,-1.1,2.7777777777777777,2.7777777777777777
55,1.2000000000000002,True,2,0.0,True,30.31555555555556,-3.968338420726215,-3.2413333333333467,-0.61386872526912,-0.919999999999999,-1.2000000000000002,-1.2000000000000002,2.7777777777777777,2.7777777777777777,30.555555555555554,15.95987150057324,16.11111111111109,-0.06665423175613538,-0.07999999999999963,-1.2000000000000002,-1.2000000000000002,2.7777777777777777,2.7777777777777777
55,1.3,True,2,0.0,True,30.31555555555556,-3.394057531682807,-3.2493333333333565,-0.9539187716690793,-1.1300000000000008,-1.3,-1.3,2.7777777777777777,2.7777777777777777,30.555555555555554,17.809402039212767,18.888888888888875,0.15246876981359803,-0.09000000000000008,-1.3,-1.3,2.7777777777777777,2.7777777777777777
55,1.4000000000000001,True,2,0.0,True,30.31555555555556,-4.186901441330934,-3.2493333333333565,-0.810522217467766,-1.3399999999999985,-1.4000000000000001,-1.4000000000000001,2.7777777777777777,2.7777777777777777,30.555555555555554,21.44777238833512,21.666666666666654,0.011451127556117102,-0.08000000000000007,-1.4000000000000001,-1.4000000000000001,2.7777777777777777,2.7777777777777777
55,1.5,True,2,0.0,True,30.06905555555556,-4.125225215036703,-3.140683333333352,-1.0233631864429906,-1.5499999999999998,-1.5,-1.5,2.7777777777777777,2.7777777777777777,30.555555555555554,23.646338086669868,24.444444444444432,0.36629904955690007,-0.04999999999999982,-1.5,-1.5,2.7777777777777777,2.7777777777777777
55,1.6,True,2,0.0,True,29.776055555555562,-2.7842437033583307,-3.0467333333333526,-1.655861897290953,-1.7600000000000007,-1.6,-1.6,2.7777777777777777,2.7777777777777777,30.515555555555554,24.165020235485112,24.448444444444437,-0.11700104363195996,-0.1599999999999997,-1.6,-1.6,2.7777777777777777,2.7777777777777777
55,1.7000000000000002,True,2,0.0,True,30.06905555555556,-2.9366405438647787,-3.140683333333352,-1.7897593880837672,-1.8300000000000005,-1.7000000000000002,-1.7000000000000002,2.7777777777777777,2.7777777777777777,30.555555555555554,26.579069045254524,27.22222222222221,0.23095095491157913,-0.09999999999999964,-1.7000000000000002,-1.7000000000000002,2.7777777777777777,2.7777777777777777
57,0.0,False,0,4.0,False,30.555555555555554,-4.20875689967072,-4.111111111111131,1.6471561239168362,1.6,0.0,0.0,2.7777777777777777,2.7777777777777777,,,,,,,,,
57,0.1,False,0,4.0,False,30.555555555555554,-3.8076503823684105,-4.111111111111131,1.4839657015207086,1.38,-0.1,-0.1,2.7777777777777777,2.7777777777777777,30.555555555555554,381.5629047403259,381.62222222222084,-0.05135860719600349,-0.00999999999999579,-0.1,-0.1,2.7777777777777777,2.7777777777777777
57,0.2,False,0,4.0,False,30.555555555555554,-4.241990666399363,-4.111111111111131,1.0914888413570472,1.1600000000000001,-0.2,-0.2,2.7777777777777777,2.7777777777777777,30.555555555555554,160.2566012406595,159.39999999999958,0.1328480716992555,-0.019999999999997353,-0.2,-0.2,2.7777777777777777,2.7777777777777777
57,0.30000000000000004,False,0,3.033333333333335,False,30.555555555555554,-4.059639466218999,-4.111111111111131,1.0417242746467261,0.9400000000000004,-0.30000000000000004,-0.30000000000000004,2.7777777777777777,2.7777777777777777,30.555555555555554,84.9356622694039,84.3999999999999,0.09912512017540043,-0.020000000000001572,-0.30000000000000004,-0.30000000000000004,2.7777777777777777,2.7777777777777777
57,0.4,False,0,1.6999999999999993,False,30.555555555555554,-3.9560226492959343,-4.111111111111131,0.6956263997178698,0.7199999999999998,-0.4,-0.4,2.7777777777777777,2.7777777777777777,30.555555555555554,45.77097166937156,45.51111111111118,-0.12209449357110946,-6.661338147750939e-16,-0.4,-0.4,2.7777777777777777,2.7777777777777777
57,0.5,False,0,0.9000000000000004,False,30.555555555555554,-4.2543287706381845,-4.111111111111131,0.5632871731568727,0.5,-0.5,-0.5,2.7777777777777777,2.7777777777777777,30.555555555555554,24.05024822325822,23.28888888888893,0.3002386568820792,0.0,-0.5,-0.5,2.7777777777777777,2.7777777777777777
57,0.6000000000000001,False,0,0.3666666666666677,False,30.555555555555554,-3.746164452024277,-4.111111111111131,0.45988401800891454,0.2800000000000007,-0.6000000000000001,-0.6000000000000001,2.7777777777777777,2.7777777777777777,30.555555555555554,10.525936777770351,9.40000000000003,-0.13686853655798603,-0.019999999999999574,-0.6000000000000001,-0.6000000000000001,2.7777777777777777,2.7777777777777777
57,0.7000000000000001,True,1,0.0,False,30.555555555555554,-3.6815443687789324,-4.111111111111131,0.09686329035604935,0.06000000000000072,-0.7000000000000001,-0.7000000000000001,2.7777777777777777,2.7777777777777777,30.555555555555554,-1.6119548328964184,-1.7111111111110828,-0.2655334766341175,-0.009999999999999343,-0.7000000000000001,-0.7000000000000001,2.7777777777777777,2.7777777777777777
57,0.8,True,2,0.0,False,30.555555555555554,-4.227808333591457,-4.111111111111131,0.20614563306418265,-0.16000000000000036,-0.8,-0.8,2.7777777777777777,2.7777777777777777,30.555555555555554,0.8095327539410393,1.444444444444426,0.11627382834129119,-2.220446049250313e-16,-0.8,-0.8,2.7777777777777777,2.7777777777777777
57,0.9,True,2,0.0,True,30.395555555555557,-4.225002540916708,-4.067111111111106,-0.22414472972181443,-0.37999999999999967,-0.9,-0.9,2.7777777777777777,2.7777777777777777,30.515555555555554,6.648169621863542,7.003999999999988,0.08411493854574958,-0.02000000000000024,-0.9,-0.9,2.7777777777777777,2.7777777777777777
57,1.0,True,2,0.0,True,30.395555555555557,-4.225264128959938,-4.055111111111105,-0.5490829092959897,-0.6000000000000001,-1.0,-1.0,2.7777777777777777,2.7777777777777777,30.515555555555554,11.827360611899923,12.559555555555537,0.17722012076212756,0.0,-1.0,-1.0,2.7777777777777777,2.7777777777777777
57,1.1,True,2,0.0,True,30.31555555555556,-3.686620579110385,-4.019111111111132,-0.25213730928898936,-0.8200000000000007,-1.1,-1.1,2.7777777777777777,2.7777777777777777,30.555555555555554,15.467446200808968,15.333333333333318,-0.0008147958644089126,-0.0499999999999996,-1.1,-1.1,2.7777777777777777,2.7777777777777777
57,1.2000000000000002,True,2,0.0,True,30.23555555555556,-3.7103187633318866,-3.9671111111111257,-1.178497934358078,-1.0399999999999991,-1.2000000000000002,-1.2000000000000002,2.7777777777777777,2.7777777777777777,30.555555555555554,18.101800901493053,18.11111111111109,-0.08440783514672967,-0.07999999999999963,-1.2000000000000002,-1.2000000000000002,2.7777777777777777,2.7777777777777777
57,1.3,True,2,0.0,True,30.23555555555556,-4.191147191161835,-3.959111111111116,-1.4676357071665012,-1.2600000000000007,-1.3,-1.3,2.7777777777777777,2.7777777777777777,30.515555555555554,19.99516980295981,20.89288888888888,0.05473500579732615,-0.09000000000000008,-1.3,-1.3,2.7777777777777777,2.7777777777777777
57,1.4000000000000001,True,2,0.0,True,30.06905555555556,-4.224162905173077,-3.9064611111111303,-0.9807798179356673,-1.4799999999999986,-1.4000000000000001,-1.4000000000000001,2.7777777777777777,2.7777777777777777,30.515555555555554,23.617837752764746,23.67066666666665,0.19313444112342637,-0.08000000000000007,-1.4000000000000001,-1.4000000000000001,2.7777777777777777,2.7777777777777777
57,1.5,True,2,0.0,True,29.776055555555562,-4.279069776891592,-3.8365111111111245,-1.1636288527851706,-1.6999999999999997,-1.5,-1.5,2.7777777777777777,2.7777777777777777,30.555555555555554,26.310174290016466,26.444444444444432,-0.03332082708189876,-0.04999999999999982,-1.5,-1.5,2.7777777777777777,2.7777777777777777
57,1.6,True,2,0.0,True,29.356555555555563,-4.092130545804355,-3.7166111111111233,-1.8170547280272125,-1.879999999999999,-1.6,-1.6,2.7777777777777777,2.7777777777777777,30.515555555555554,25.988846672331004,26.448444444444437,0.041028902635401154,-0.1599999999999997,-1.6,-1.6,2.7777777777777777,2.7777777777777777
57,1.7000000000000002,True,2,0.0,True,30.06905555555556,-3.7868023316574577,-3.914461111111126,-1.6783214763626768,-1.8300000000000005,-1.7000000000000002,0.0,2.7777777777777777,2.7777777777777777,30.555555555555554,29.032913181412955,29.222222222222204,0.10801020953800888,-0.09999999999999964,-1.7000000000000002,-1.7000000000000002,2.7777777777777777,2.7777777777777777
59,0.0,False,0,4.0,False,30.555555555555554,-3.469493342830094,-3.711111111111083,1.6878040467610154,1.6,0.0,0.0,2.7777777777777777,2.7777777777777777,,,,,,,,,
59,0.1,False,0,4.0,False,30.555555555555554,-3.4210800308220426,-3.711111111111083,1.1429060320692193,1.37,-0.1,-0.1,2.7777777777777777,2.7777777777777777,30.555555555555554,381.0183319493896,379.62222222222084,0.10208258361950806,-0.00999999999999579,-0.1,-0.1,2.7777777777777777,2.7777777777777777
59,0.2,False,0,4.0,False,30.555555555555554,-2.0968847627728904,-3.711111111111083,1.3223837328053243,1.1400000000000001,-0.2,-0.2,2.7777777777777777,2.7777777777777777,30.555555555555554,157.4515097497649,157.39999999999958,-0.05322897486193212,-0.019999999999997353,-0.2,-0.2,2.7777777777777777,2.7777777777777777
59,0.30000000000000004,False,0,2.933333333333334,False,30.555555555555554,-3.6519943025562354,-3.711111111111083,1.0318765922687203,0.9100000000000006,-0.30000000000000004,-0.30000000000000004,2.7777777777777777,2.7777777777777777,30.555555555555554,83.17094577852538,82.3999999999999,0.19068702762664547,-0.020000000000001572,-0.30000000000000004,-0.30000000000000004,2.7777777777777777,2.7777777777777777
59,0.4,False,0,1.5999999999999992,False,30.555555555555554,-3.6729388837500094,-3.711111111111083,0.7928488233495159,0.6799999999999997,-0.4,-0.4,2.7777777777777777,2.7777777777777777,30.555555555555554,43.858775559530244,43.51111111111118,0.10647890419721184,-6.661338147750939e-16,-0.4,-0.4,2.7777777777777777,2.7777777777777777
59,0.5,False,0,0.7999999999999998,False,30.555555555555554,-3.519848863628897,-3.711111111111083,0.4930664236646276,0.4500000000000002,-0.5,-0.5,2.7777777777777777,2.7777777777777777,30.555555555555554,23.01854059507657,21.28888888888893,0.28818517942345556,0.0,-0.5,-0.5,2.7777777777777777,2.7777777777777777
59,0.6000000000000001,False,0,0.2666666666666676,False,30.555555555555554,-3.2157655171797073,-3.711111111111083,0.3067388389166745,0.22000000000000064,-0.6000000000000001,-0.6000000000000001,2.7777777777777777,2.7777777777777777,30.555555555555554,8.363974000769641,7.400000000000031,0.004640630435455151,-0.019999999999999574,-0.6000000000000001,-0.6000000000000001,2.7777777777777777,2.7777777777777777
59,0.7000000000000001,True,1,0.0,False,30.555555555555554,-3.856853407951749,-3.711111111111083,-0.11219440001167791,-0.009999999999999343,-0.7000000000000001,-0.7000000000000001,2.7777777777777777,2.7777777777777777,30.555555555555554,-3.856853407951749,-3.711111111111083,-0.11219440001167791,-0.009999999999999343,-0.7000000000000001,-0.7000000000000001,2.7777777777777777,2.7777777777777777
59,0.8,True,2,0.0,True,30.475555555555555,-3.5008327696166104,-3.731111111111079,-0.2551165762697245,-0.24000000000000044,-0.8,-0.8,2.7777777777777777,2.7777777777777777,30.555555555555554,2.995252165255022,3.444444444444426,-0.06332048308224891,-2.220446049250313e-16,-0.8,-0.8,2.7777777777777777,2.7777777777777777
59,0.9,True,2,0.0,True,30.355555555555558,-2.9485108742537163,-3.775111111111104,-0.03332655220993486,-0.4699999999999993,-0.9,-0.9,2.7777777777777777,2.7777777777777777,30.515555555555554,9.092001104170901,9.003999999999987,0.014076625229737516,-0.02000000000000024,-0.9,-0.9,2.7777777777777777,2.7777777777777777
59,1.0,True,2,0.0,True,30.395555555555557,-3.561514354215393,-3.7671111111110944,-0.3442412190634714,-0.6999999999999997,-1.0,-1.0,2.7777777777777777,2.7777777777777777,30.555555555555554,14.311710944918406,14.555555555555532,0.10340221868121713,0.0,-1.0,-1.0,2.7777777777777777,2.7777777777777777
59,1.1,True,2,0.0,True,30.27555555555556,-3.463118569295335,-3.8271111111110967,-0.7969610050665783,-0.9300000000000006,-1.1,-1.1,2.7777777777777777,2.7777777777777777,30.555555555555554,17.405007618181745,17.333333333333318,-0.08878764664633199,-0.0499999999999996,-1.1,-1.1,2.7777777777777777,2.7777777777777777
59,1.2000000000000002,True,2,0.0,True,30.31555555555556,-2.7831714427178325,-3.799111111111091,-0.9546689701916,-1.1599999999999988,-1.2000000000000002,-1.2000000000000002,2.7777777777777777,2.7777777777777777,30.555555555555554,20.009376684425835,20.11111111111109,0.11498608957697032,-0.07999999999999963,-1.2000000000000002,-1.2000000000000002,2.7777777777777777,2.7777777777777777
59,1.3,True,2,0.0,True,30.23555555555556,-3.6018726493074835,-3.863111111111098,-0.9956228883893936,-1.390000000000001,-1.3,-1.3,2.7777777777777777,2.7777777777777777,30.555555555555554,22.469758357469207,22.888888888888875,-0.021505465682329472,-0.09000000000000008,-1.3,-1.3,2.7777777777777777,2.7777777777777777
59,1.4000000000000001,True,2,0.0,True,29.776055555555562,-3.7245091347305133,-3.9817111111110846,-1.3262118904623033,-1.6199999999999988,-1.4000000000000001,-1.4000000000000001,2.7777777777777777,2.7777777777777777,30.555555555555554,24.290495846773258,25.666666666666647,0.5434012286890098,-0.08000000000000007,-1.4000000000000001,-1.4000000000000001,2.7777777777777777,2.7777777777777777
59,1.5,True,2,0.0,True,29.776055555555562,-3.9743658999982214,-3.98971111111108,-1.7614078551169956,-1.85,-1.5,-1.5,2.7777777777777777,2.7777777777777777,30.555555555555554,27.884794016337754,28.444444444444432,0.47582100676797934,-0.04999999999999982,-1.5,-1.5,2.7777777777777777,2.7777777777777777
59,1.6,True,2,0.0,True,29.356555555555563,-3.243978097011097,-4.101611111111086,-1.5491398444419973,-1.879999999999999,-1.6,0.0,2.7777777777777777,2.7777777777777777,30.555555555555554,27.65692090805364,28.444444444444432,0.07084136316117773,-0.1599999999999997,-1.6,-1.6,2.7777777777777777,2.7777777777777777
59,1.7000000000000002,True,2,0.0,True,28.810555555555563,-4.26042054935846,-4.2761111111110806,-1.6072575347678113,-1.8300000000000005,0.0,0.0,2.7777777777777777,2.7777777777777777,30.555555555555554,31.052306654992908,31.222222222222204,0.3180519486209916,-0.09999999999999964,-1.7000000000000002,-1.7000000000000002,2.7777777777777777,2.7777777777777777
61,0.0,False,0,4.0,False,30.555555555555554,-2.964994736718867,-2.9333333333333114,1.4136130197212289,1.6,0.0,0.0,2.7777777777777777,2.7777777777777777,,,,,,,,,
61,0.1,False,0,4.0,False,30.555555555555554,-2.637950799253235,-2.9333333333333114,1.4949715333091835,1.3599999999999999,-0.1,-0.1,2.7777777777777777,2.7777777777777777,30.555555555555554,377.4128943267437,377.62222222222084,0.16621439153151218,-0.00999999999999579,-0.1,-0.1,2.7777777777777777,2.7777777777777777
61,0.2,False,0,4.0,False,30.555555555555554,-3.0547810005418965,-2.9333333333333114,1.0672767281755813,1.12,-0.2,-0.2,2.7777777777777777,2.7777777777777777,30.555555555555554,156.6232340299613,155.39999999999958,-0.2791601189672721,-0.019999999999997353,-0.2,-0.2,2.7777777777777777,2.7777777777777777
61,0.30000000000000004,False,0,2.833333333333333,False,30.555555555555554,-2.5842985561092773,-2.9333333333333114,0.8616769880943753,0.8800000000000003,-0.30000000000000004,-0.30000000000000004,2.7777777777777777,2.7777777777777777,30.555555555555554,80.72321310067272,80.3999999999999,-0.17988680297394422,-0.020000000000001572,-0.30000000000000004,-0.30000000000000004,2.7777777777777777,2.7777777777777777
61,0.4,False,0,1.4999999999999991,False,30.555555555555554,-2.8782111586579644,-2.9333333333333114,0.4776683430443591,0.6399999999999997,-0.4,-0.4,2.7777777777777777,2.7777777777777777,30.555555555555554,41.486281580666585,41.51111111111118,0.2219775693872621,-6.661338147750939e-16,-0.4,-0.4,2.7777777777777777,2.7777777777777777
61,0.5,False,0,0.7000000000000002,False,30.555555555555554,-2.0073719225857074,-2.9333333333333114,0.6111133129672299,0.3999999999999999,-0.5,-0.5,2.7777777777777777,2.7777777777777777,30.555555555555554,19.468720566646038,19.28888888888893,0.18336024804756068,0.0,-0.5,-0.5,2.7777777777777777,2.7777777777777777
61,0.6000000000000001,False,0,0.16666666666666752,False,30.555555555555554,-2.6777286656343504,-2.9333333333333114,0.2910811416918282,0.1600000000000006,-0.6000000000000001,-0.6000000000000001,2.7777777777777777,2.7777777777777777,30.555555555555554,5.680161776043517,5.400000000000031,0.1157865731327643,-0.019999999999999574,-0.6000000000000001,-0.6000000000000001,2.7777777777777777,2.7777777777777777
61,0.7000000000000001,True,2,0.0,False,30.555555555555554,-2.9368990915051993,-2.9333333333333114,-0.08517914229566492,-0.07999999999999918,-0.7000000000000001,-0.7000000000000001,2.7777777777777777,2.7777777777777777,30.555555555555554,-3.6208209171762062,-2.888888888888917,0.14760493537202812,-0.009999999999999343,-0.7000000000000001,-0.7000000000000001,2.7777777777777777,2.7777777777777777
61,0.8,True,2,0.0,True,30.515555555555554,-2.0645923196797353,-2.9373333333333163,-0.19594857265342647,-0.3200000000000005,-0.8,-0.8,2.7777777777777777,2.7777777777777777,30.555555555555554,4.796051412692603,5.444444444444426,0.14289991031646432,-2.220446049250313e-16,-0.8,-0.8,2.7777777777777777,2.7777777777777777
61,0.9,True,2,0.0,True,30.435555555555556,-2.3943829606260065,-2.969333333333327,-0.050200381737087296,-0.5599999999999992,-0.9,-0.9,2.7777777777777777,2.7777777777777777,30.555555555555554,10.86669780985056,10.999999999999982,-0.09630148318565368,-0.02000000000000024,-0.9,-0.9,2.7777777777777777,2.7777777777777777
61,1.0,True,2,0.0,True,30.31555555555556,-1.6857975989515266,-3.0213333333333194,-0.1404588647151821,-0.7999999999999998,-1.0,-1.0,2.7777777777777777,2.7777777777777777,30.555555555555554,16.27587568364577,16.555555555555532,0.08889550970077109,0.0,-1.0,-1.0,2.7777777777777777,2.7777777777777777
61,1.1,True,2,0.0,True,30.06905555555556,-2.0941272340183046,-3.1379833333333123,-0.8009252760331522,-1.040000000000001,-1.1,-1.1,2.7777777777777777,2.7777777777777777,30.515555555555554,19.26992613436069,19.337333333333323,-0.013020443989054886,-0.0499999999999996,-1.1,-1.1,2.7777777777777777,2.7777777777777777
61,1.2000000000000002,True,2,0.0,True,30.06905555555556,-2.3866274631428324,-3.1339833333333216,-0.9833913740208371,-1.279999999999999,-1.2000000000000002,-1.2000000000000002,2.7777777777777777,2.7777777777777777,30.515555555555554,21.782624407195062,22.115111111111094,0.01584733817069428,-0.07999999999999963,-1.2000000000000002,-1.2000000000000002,2.7777777777777777,2.7777777777777777
61,1.3,True,2,0.0,True,30.23555555555556,-3.0751018811579227,-3.077333333333317,-1.5563356770554115,-1.520000000000001,-1.3,-1.3,2.7777777777777777,2.7777777777777777,30.555555555555554,24.430548450003062,24.888888888888875,0.05343384909463311,-0.09000000000000008,-1.3,-1.3,2.7777777777777777,2.7777777777777777
61,1.4000000000000001,True,2,0.0,True,30.23555555555556,-2.4172469517188118,-3.113333333333318,-1.5945658615629683,-1.7599999999999985,-1.4000000000000001,-1.4000000000000001,2.7777777777777777,2.7777777777777777,30.555555555555554,27.190832937333642,27.666666666666647,0.215979631234263,-0.08000000000000007,-1.4000000000000001,-1.4000000000000001,2.7777777777777777,2.7777777777777777
61,1.5,True,2,0.0,True,28.810555555555563,-3.576417963814282,-3.498333333333309,-1.6486470741201278,-1.7999999999999998,-1.5,-1.5,2.7777777777777777,2.7777777777777777,30.555555555555554,29.8770841852614,30.444444444444432,0.02217034459702738,-0.04999999999999982,-1.5,-1.5,2.7777777777777777,2.7777777777777777
61,1.6,True,2,0.0,True,28.810555555555563,-2.9115267293255043,-3.502333333333314,-1.7079919274480464,-1.879999999999999,-1.6,0.0,2.7777777777777777,2.7777777777777777,30.555555555555554,30.226042533493203,30.444444444444432,-0.09092966073418496,-0.1599999999999997,-1.6,-1.6,2.7777777777777777,2.7777777777777777
61,1.7000000000000002,True,2,0.0,True,28.810555555555563,-3.48019288326694,-3.5143333333333144,-1.8360266223815747,-1.8300000000000005,0.0,0.0,2.7777777777777777,2.7777777777777777,30.555555555555554,32.81712126180087,33.22222222222221,-0.09804318504194232,-0.09999999999999964,-1.7000000000000002,-1.7000000000000002,2.7777777777777777,2.7777777777777777
63,0.0,False,0,4.0,False,30.555555555555554,-3.82031841204996,-3.6666666666666883,1.7819528618882723,1.6,0.0,0.0,2.7777777777777777,2.7777777777777777,,,,,,,,,
63,0.1,False,0,4.0,False,30.555555555555554,-4.2388352673478265,-3.6666666666666883,1.165872341575338,1.3599999999999999,-0.1,-0.1,2.7777777777777777,2.7777777777777777,30.555555555555554,376.0470327510062,375.62222222222084,-0.11596873414200393,-0.00999999999999579,-0.1,-0.1,2.7777777777777777,2.7777777777777777
63,0.2,False,0,4.0,False,30.555555555555554,-4.237666654056116,-3.6666666666666883,1.1429986151263076,1.12,-0.2,-0.2,2.7777777777777777,2.7777777777777777,30.555555555555554,153.90631369586126,153.39999999999958,-0.00858097376753042,-0.019999999999997353,-0.2,-0.2,2.7777777777777777,2.7777777777777777
63,0.30000000000000004,False,0,2.833333333333333,False,30.555555555555554,-4.235694639033031,-3.6666666666666883,1.04427748307091,0.8800000000000003,-0.30000000000000004,-0.30000000000000004,2.7777777777777777,2.7777777777777777,30.555555555555554,78.42480685691737,78.3999999999999,-0.05239025832742872,-0.020000000000001572,-0.30000000000000004,-0.30000000000000004,2.7777777777777777,2.7777777777777777
63,0.4,False,0,1.4999999999999991,False,30.555555555555554,-3.797339082117193,-3.6666666666666883,0.6041076711433218,0.6399999999999997,-0.4,-0.4,2.7777777777777777,2.7777777777777777,30.555555555555554,39.670749693778674,39.51111111111118,-0.35174376735487556,-6.661338147750939e-16,-0.4,-0.4,2.7777777777777777,2.7777777777777777
63,0.5,False,0,0.7000000000000002,False,30.555555555555554,-3.833637517369243,-3.6666666666666883,0.47222929052907325,0.3999999999999999,-0.5,-0.5,2.7777777777777777,2.7777777777777777,30.555555555555554,18.20090032788374,17.28888888888893,0.22206446678954084,0.0,-0.5,-0.5,2.7777777777777777,2.7777777777777777
63,0.6000000000000001,False,0,0.16666666666666752,True,30.555555555555554,-3.704165157800932,-3.6666666666666883,-0.10362374380435235,0.1600000000000006,-0.6000000000000001,-0.6000000000000001,2.7777777777777777,2.7777777777777777,30.515555555555554,4.035973274029101,3.3880000000000168,0.10746731784844377,-0.019999999999999574,-0.6000000000000001,-0.6000000000000001,2.7777777777777777,2.7777777777777777
63,0.7000000000000001,True,2,0.0,True,30.515555555555554,-3.974477189386664,-3.6626666666666834,0.12347967869331145,-0.07999999999999918,-0.7000000000000001,-0.7000000000000001,2.7777777777777777,2.7777777777777777,30.555555555555554,-0.9026294996871682,-0.8888888888889168,-0.057431290841160276,-0.009999999999999343,-0.7000000000000001,-0.7000000000000001,2.7777777777777777,2.7777777777777777
63,0.8,True,2,0.0,True,30.475555555555555,-3.7427212760329835,-3.654666666666688,-0.38230202138012803,-0.3200000000000005,-0.8,-0.8,2.7777777777777777,2.7777777777777777,30.555555555555554,7.199671845322752,7.444444444444426,0.10009301802076687,-2.220446049250313e-16,-0.8,-0.8,2.7777777777777777,2.7777777777777777
63,0.9,True,2,0.0,True,30.435555555555556,-4.048847121602296,-3.6426666666666874,-0.7811023599853364,-0.5599999999999992,-0.9,-0.9,2.7777777777777777,2.7777777777777777,30.555555555555554,13.118351882095975,12.999999999999982,0.16003740382970122,-0.02000000000000024,-0.9,-0.9,2.7777777777777777,2.7777777777777777
63,1.0,True,2,0.0,True,30.355555555555558,-4.103875341273155,-3.602666666666681,-0.6479595572897969,-0.7999999999999998,-1.0,-1.0,2.7777777777777777,2.7777777777777777,30.555555555555554,18.48908168984983,18.555555555555532,0.21983182874742235,0.0,-1.0,-1.0,2.7777777777777777,2.7777777777777777
63,1.1,True,2,0.0,True,30.31555555555556,-4.210491716377933,-3.5706666666666704,-0.7963259073787259,-1.040000000000001,-1.1,-1.1,2.7777777777777777,2.7777777777777777,30.555555555555554,21.010790030372934,21.333333333333318,-0.15305948699664418,-0.0499999999999996,-1.1,-1.1,2.7777777777777777,2.7777777777777777
63,1.2000000000000002,True,2,0.0,True,29.776055555555562,-3.746674497799037,-3.3960666666666866,-1.2340500818091567,-1.279999999999999,-1.2000000000000002,-1.2000000000000002,2.7777777777777777,2.7777777777777777,30.555555555555554,23.678783101959556,24.11111111111109,-0.06884332335819776,-0.07999999999999963,-1.2000000000000002,-1.2000000000000002,2.7777777777777777,2.7777777777777777
63,1.3,True,2,0.0,True,29.776055555555562,-3.3744832664936295,-3.3960666666666866,-1.3636156264680328,-1.520000000000001,-1.3,-1.3,2.7777777777777777,2.7777777777777777,30.555555555555554,25.58827400919434,26.888888888888875,0.6903057981667335,-0.09000000000000008,-1.3,-1.3,2.7777777777777777,2.7777777777777777
63,1.4000000000000001,True,2,0.0,True,29.776055555555562,-3.773455935264553,-3.3960666666666866,-1.4177392709456726,-1.7599999999999985,-1.4000000000000001,-1.4000000000000001,2.7777777777777777,2.7777777777777777,30.555555555555554,29.26258106977834,29.666666666666647,0.16510379534903086,-0.08000000000000007,-1.4000000000000001,-1.4000000000000001,2.7777777777777777,2.7777777777777777
63,1.5,True,2,0.0,True,29.356555555555563,-3.912207003499449,-3.2761666666666853,-1.7284562443577183,-1.7999999999999998,-1.5,-1.5,2.7777777777777777,2.7777777777777777,30.555555555555554,32.09905985518822,32.444444444444436,0.115079591339736,-0.04999999999999982,-1.5,-1.5,2.7777777777777777,2.7777777777777777
63,1.6,True,2,0.0,True,28.810555555555563,-3.593889759329161,-3.0976666666666857,-1.8607465806394028,-1.879999999999999,-1.6,0.0,2.7777777777777777,2.7777777777777777,30.555555555555554,31.793446396008466,32.444444444444436,-0.020043115421416235,-0.1599999999999997,-1.6,-1.6,2.7777777777777777,2.7777777777777777
63,1.7000000000000002,True,2,0.0,True,29.776055555555562,-3.6023205188766694,-3.3960666666666866,-1.2970915922802004,-1.8300000000000005,-1.7000000000000002,0.0,2.7777777777777777,2.7777777777777777,30.555555555555554,34.66145289690275,35.22222222222221,0.029530402391294563,-0.09999999999999964,-1.7000000000000002,-1.7000000000000002,2.7777777777777777,2.7777777777777777
65,0.0,False,0,4.0,False,30.555555555555554,-4.170565829896748,-4.155555555555526,2.022218757398408,1.6,0.0,0.0,2.7777777777777777,2.7777777777777777,,,,,,,,,
65,0.1,False,0,4.0,False,30.555555555555554,-3.4534044507506705,-4.155555555555526,1.2401411357689485,1.35,-0.1,-0.1,2.7777777777777777,2.7777777777777777,30.555555555555554,373.51219013521893,373.62222222222084,0.022249329992387157,-0.00999999999999579,-0.1,-0.1,2.7777777777777777,2.7777777777777777
65,0.2,False,0,4.0,False,30.555555555555554,-3.872884043000968,-4.155555555555526,1.1877307789896765,1.1,-0.2,-0.2,2.7777777777777777,2.7777777777777777,30.555555555555554,151.8315863786549,151.39999999999958,-0.09186690524055519,-0.019999999999997353,-0.2,-0.2,2.7777777777777777,2.7777777777777777
65,0.30000000000000004,False,0,2.733333333333334,False,30.555555555555554,-4.189802222293269,-4.155555555555526,0.779667258240822,0.8500000000000001,-0.30000000000000004,-0.30000000000000004,2.7777777777777777,2.7777777777777777,30.555555555555554,76.409472193075,76.3999999999999,-0.049712951484830015,-0.020000000000001572,-0.30000000000000004,-0.30000000000000004,2.7777777777777777,2.7777777777777777
65,0.4,False,0,1.399999999999999,False,30.555555555555554,-3.378893283237022,-4.155555555555526,0.7249677449097764,0.5999999999999996,-0.4,-0.4,2.7777777777777777,2.7777777777777777,30.555555555555554,38.11930185054179,37.51111111111118,0.08413840055563071,-6.661338147750939e-16,-0.4,-0.4,2.7777777777777777,2.7777777777777777
65,0.5,False,0,0.6000000000000005,False,30.555555555555554,-3.8171143023793404,-4.155555555555526,0.36628691343412845,0.3500000000000001,-0.5,-0.5,2.7777777777777777,2.7777777777777777,30.555555555555554,15.421678649717034,15.28888888888893,-0.00911266176190395,0.0,-0.5,-0.5,2.7777777777777777,2.7777777777777777
65,0.6000000000000001,False,0,0.06666666666666783,False,30.555555555555554,-2.7752909862862394,-4.155555555555526,0.23546052086366798,0.10000000000000053,-0.6000000000000001,-0.6000000000000001,2.7777777777777777,2.7777777777777777,30.555555555555554,1.2174055463679254,1.4000000000000314,-0.05315362092796261,-0.019999999999999574,-0.6000000000000001,-0.6000000000000001,2.7777777777777777,2.7777777777777777
65,0.7000000000000001,True,2,0.0,True,30.515555555555554,-3.7364285679163656,-4.159555555555531,0.005143348687856042,-0.14999999999999925,-0.7000000000000001,-0.7000000000000001,2.7777777777777777,2.7777777777777777,30.555555555555554,0.9970414538131083,1.1111111111110832,0.19544112570407757,-0.009999999999999343,-0.7000000000000001,-0.7000000000000001,2.7777777777777777,2.7777777777777777
65,0.8,True,2,0.0,True,30.435555555555556,-3.123152262385605,-4.179555555555527,0.02950868397959261,-0.4000000000000008,-0.8,-0.8,2.7777777777777777,2.7777777777777777,30.555555555555554,8.229838557252645,9.444444444444425,0.5282462601133715,-2.220446049250313e-16,-0.8,-0.8,2.7777777777777777,2.7777777777777777
65,0.9,True,2,0.0,True,30.435555555555556,-2.7700706231212022,-4.187555555555522,-0.23523400468659306,-0.649999999999999,-0.9,-0.9,2.7777777777777777,2.7777777777777777,30.555555555555554,14.565327347105377,14.999999999999982,0.20014331946323383,-0.02000000000000024,-0.9,-0.9,2.7777777777777777,2.7777777777777777
65,1.0,True,2,0.0,True,30.31555555555556,-2.863408959382798,-4.255555555555548,-0.30234843105084863,-0.8999999999999999,-1.0,-1.0,2.7777777777777777,2.7777777777777777,30.515555555555554,20.459381732724484,20.559555555555537,0.2923428433647999,0.0,-1.0,-1.0,2.7777777777777777,2.7777777777777777
65,1.1,True,2,0.0,True,30.06905555555556,-4.052086721215775,-4.2517944444444735,-0.6690733552765857,-1.1500000000000008,-1.1,-1.1,2.7777777777777777,2.7777777777777777,30.555555555555554,23.298721261293682,23.333333333333318,0.12517809473207508,-0.0499999999999996,-1.1,-1.1,2.7777777777777777,2.7777777777777777
65,1.2000000000000002,True,2,0.0,True,29.776055555555562,-3.6896256902222175,-4.169844444444467,-1.2134770660278034,-1.399999999999999,-1.2000000000000002,-1.2000000000000002,2.7777777777777777,2.7777777777777777,30.555555555555554,26.090940028178213,26.11111111111109,-0.06593022199724019,-0.07999999999999963,-1.2000000000000002,-1.2000000000000002,2.7777777777777777,2.7777777777777777
65,1.3,True,2,0.0,True,30.06905555555556,-4.135521695847561,-4.239794444444473,-1.5022741506103332,-1.6500000000000008,-1.3,-1.3,2.7777777777777777,2.7777777777777777,30.555555555555554,27.528890652261058,28.888888888888875,0.46489912136642486,-0.09000000000000008,-1.3,-1.3,2.7777777777777777,2.7777777777777777
65,1.4000000000000001,True,2,0.0,True,30.06905555555556,-4.1804487926273195,-4.2517944444444735,-1.7058987792055642,-1.8999999999999986,-1.4000000000000001,-1.4000000000000001,2.7777777777777777,2.7777777777777777,30.555555555555554,31.67888605231227,31.666666666666647,0.14961951497567183,-0.08000000000000007,-1.4000000000000001,-1.4000000000000001,2.7777777777777777,2.7777777777777777
65,1.5,True,2,0.0,True,28.138055555555564,-4.021200634542185,-3.6296944444444703,-1.7404242537625194,-1.7999999999999998,-1.5,0.0,2.7777777777777777,2.7777777777777777,30.515555555555554,33.90783658916704,34.44844444444444,0.005692695471843701,-0.04999999999999982,-1.5,-1.5,2.7777777777777777,2.7777777777777777
65,1.6,True,2,0.0,True,28.138055555555564,-3.745618850117711,-3.633694444444475,-1.8101455787596936,-1.879999999999999,0.0,0.0,2.7777777777777777,2.7777777777777777,30.555555555555554,34.241876258955266,34.444444444444436,-0.21118204410450736,-0.1599999999999997,-1.6,-1.6,2.7777777777777777,2.7777777777777777
65,1.7000000000000002,True,2,0.0,True,28.138055555555564,-3.9295963971465566,-3.63769444444448,-1.701503676730698,-1.8300000000000005,0.0,0.0,2.7777777777777777,2.7777777777777777,30.555555555555554,37.04160780052357,37.22222222222221,0.3600363949854555,-0.09999999999999964,-1.7000000000000002,-1.7000000000000002,2.7777777777777777,2.7777777777777777
67,0.0,False,0,4.0,False,30.555555555555554,-3.3544216556152575,-3.37777777777774,1.5934195054457936,1.6,0.0,0.0,2.7777777777777777,2.7777777777777777,,,,,,,,,
67,0.1,False,0,4.0,False,30.555555555555554,-3.0057981028293623,-3.37777777777774,1.6800839981925422,1.3399999999999999,-0.1,-0.1,2.7777777777777777,2.7777777777777777,30.555555555555554,371.6582148689664,371.62222222222084,-0.1479782766230353,-0.00999999999999579,-0.1,-0.1,2.7777777777777777,2.7777777777777777
67,0.2,False,0,4.0,False,30.555555555555554,-3.110892822435747,-3.37777777777774,1.1426128972789242,1.0799999999999996,-0.2,-0.2,2.7777777777777777,2.7777777777777777,30.555555555555554,150.35246586400035,149.39999999999958,0.09951681374938692,-0.019999999999997353,-0.2,-0.2,2.7777777777777777,2.7777777777777777
67,0.30000000000000004,False,0,2.6333333333333346,False,30.555555555555554,-3.0560298543312028,-3.37777777777774,0.964655258663361,0.8200000000000003,-0.30000000000000004,-0.30000000000000004,2.7777777777777777,2.7777777777777777,30.555555555555554,74.81633418650866,74.3999999999999,0.17338236187217237,-0.020000000000001572,-0.30000000000000004,-0.30000000000000004,2.7777777777777777,2.7777777777777777
67,0.4,False,0,1.299999999999999,False,30.555555555555554,-2.6509916316818076,-3.37777777777774,0.7525105001431229,0.5599999999999996,-0.4,-0.4,2.7777777777777777,2.7777777777777777,30.555555555555554,35.36682067850174,35.51111111111118,-0.09883158793967861,-6.661338147750939e-16,-0.4,-0.4,2.7777777777777777,2.7777777777777777
67,0.5,False,0,0.5,False,30.555555555555554,-2.9781084734023606,-3.37777777777774,0.5810033139138029,0.30000000000000027,-0.5,-0.5,2.7777777777777777,2.7777777777777777,30.555555555555554,13.291184704459521,13.28888888888893,-0.006797481420252938,0.0,-0.5,-0.5,2.7777777777777777,2.7777777777777777
67,0.6000000000000001,True,1,0.0,False,30.555555555555554,-3.391267340364382,-3.37777777777774,-0.12043176741191974,0.0400000000000007,-0.6000000000000001,-0.6000000000000001,2.7777777777777777,2.7777777777777777,30.555555555555554,-0.13524433065664976,-0.5999999999999686,0.01599155853444656,-0.019999999999999574,-0.6000000000000001,-0.6000000000000001,2.7777777777777777,2.7777777777777777
67,0.7000000000000001,True,2,0.0,True,30.515555555555554,-3.1105180115471738,-3.38577777777775,-0.3281676248326051,-0.21999999999999909,-0.7000000000000001,-0.7000000000000001,2.7777777777777777,2.7777777777777777,30.555555555555554,3.126496003722065,3.111111111111083,0.13963272696049955,-0.009999999999999343,-0.7000000000000001,-0.7000000000000001,2.7777777777777777,2.7777777777777777
67,0.8,True,2,0.0,True,30.395555555555557,-3.2931668592082586,-3.4337777777777374,-0.3278649400245537,-0.48000000000000087,-0.8,-0.8,2.7777777777777777,2.7777777777777777,30.555555555555554,11.173608231943984,11.444444444444425,-0.07043938728378296,-2.220446049250313e-16,-0.8,-0.8,2.7777777777777777,2.7777777777777777
67,0.9,True,2,0.0,True,30.31555555555556,-2.650469141019772,-3.4817777777777534,-0.6312589378485789,-0.7399999999999989,-0.9,-0.9,2.7777777777777777,2.7777777777777777,30.555555555555554,16.782853216311192,16.999999999999982,-0.08124295619886612,-0.02000000000000024,-0.9,-0.9,2.7777777777777777,2.7777777777777777
67,1.0,True,2,0.0,True,30.27555555555556,-2.528130818355595,-3.489777777777749,-0.634573409668735,-1.0,-1.0,-1.0,2.7777777777777777,2.7777777777777777,30.555555555555554,22.651517732719913,22.555555555555532,0.02643278285807571,0.0,-1.0,-1.0,2.7777777777777777,2.7777777777777777
67,1.1,True,2,0.0,True,29.776055555555562,-2.91438110778748,-3.664377777777733,-1.0511290466692687,-1.2600000000000011,-1.1,-1.1,2.7777777777777777,2.7777777777777777,30.555555555555554,25.20424327053448,25.333333333333318,-0.1413428979104796,-0.0499999999999996,-1.1,-1.1,2.7777777777777777,2.7777777777777777
67,1.2000000000000002,True,2,0.0,True,29.356555555555563,-3.8032187090656917,-3.768277777777743,-1.4362337202293303,-1.5199999999999987,-1.2000000000000002,-1.2000000000000002,2.7777777777777777,2.7777777777777777,30.555555555555554,27.801745530645622,28.11111111111109,0.006792393983924505,-0.07999999999999963,-1.2000000000000002,-1.2000000000000002,2.7777777777777777,2.7777777777777777
67,1.3,True,2,0.0,True,28.810555555555563,-3.5553005431884968,-3.9467777777777426,-1.6280193934555731,-1.7800000000000002,-1.3,-1.3,2.7777777777777777,2.7777777777777777,30.555555555555554,30.68691220831254,30.888888888888875,-0.015885748560484636,-0.09000000000000008,-1.3,-1.3,2.7777777777777777,2.7777777777777777
67,1.4000000000000001,True,2,0.0,True,28.138055555555564,-3.1126281852567415,-4.188527777777739,-1.573306317267556,-1.8999999999999986,-1.4000000000000001,0.0,2.7777777777777777,2.7777777777777777,30.555555555555554,33.50565103795325,33.66666666666665,-0.1384577477943243,-0.08000000000000007,-1.4000000000000001,-1.4000000000000001,2.7777777777777777,2.7777777777777777
67,1.5,True,2,0.0,True,28.138055555555564,-3.7575434189493278,-4.188527777777739,-1.8960469591124913,-1.7999999999999998,0.0,0.0,2.7777777777777777,2.7777777777777777,30.555555555555554,36.409770646967594,36.444444444444436,0.03136155018822939,-0.04999999999999982,-1.5,-1.5,2.7777777777777777,2.7777777777777777
67,1.6,True,2,0.0,True,28.138055555555564,-3.7670910399162976,-4.20452777777773,-1.773229686800239,-1.879999999999999,0.0,0.0,2.7777777777777777,2.7777777777777777,30.555555555555554,36.03142574037435,36.444444444444436,0.5418352095797276,-0.1599999999999997,-1.6,-1.6,2.7777777777777777,2.7777777777777777
67,1.7000000000000002,True,2,0.0,True,27.378761555555563,-4.167068663024412,-4.097792822222263,-1.798709678380212,-1.8300000000000005,0.0,0.0,2.7777777777777777,2.7777777777777777,30.555555555555554,38.400889959955215,39.22222222222221,0.18966894261976375,-0.09999999999999964,-1.7000000000000002,-1.7000000000000002,2.7777777777777777,2.7777777777777777
69,0.0,False,0,4.0,False,30.555555555555554,-4.072075085387342,-3.2222222222222596,1.7082018157475054,1.6,0.0,0.0,2.7777777777777777,2.7777777777777777,,,,,,,,,
69,0.1,False,0,4.0,False,30.555555555555554,-3.6492364103288564,-3.2222222222222596,1.1937616245603766,1.3399999999999999,-0.1,-0.1,2.7777777777777777,2.7777777777777777,30.555555555555554,371.11013595669027,369.62222222222084,-0.08311788854934332,-0.00999999999999579,-0.1,-0.1,2.7777777777777777,2.7777777777777777
69,0.2,False,0,4.0,False,30.555555555555554,-3.368072171019082,-3.2222222222222596,1.2869824147425422,1.0799999999999996,-0.2,-0.2,2.7777777777777777,2.7777777777777777,30.555555555555554,147.89389261745075,147.39999999999958,-0.06829791921440798,-0.019999999999997353,-0.2,-0.2,2.7777777777777777,2.7777777777777777
69,0.30000000000000004,False,0,2.6333333333333346,False,30.555555555555554,-3.9119950743903074,-3.2222222222222596,0.7251240717614298,0.8200000000000003,-0.30000000000000004,-0.30000000000000004,2.7777777777777777,2.7777777777777777,30.555555555555554,72.62282149376591,72.3999999999999,0.18474611147443687,-0.020000000000001572,-0.30000000000000004,-0.30000000000000004,2.7777777777777777,2.7777777777777777
69,0.4,False,0,1.299999999999999,False,30.555555555555554,-3.2971777796782247,-3.2222222222222596,0.25754842991576954,0.5599999999999996,-0.4,-0.4,2.7777777777777777,2.7777777777777777,30.555555555555554,33.27428443277219,33.51111111111118,-0.12779936041376483,-6.661338147750939e-16,-0.4,-0.4,2.7777777777777777,2.7777777777777777
69,0.5,False,0,0.5,False,30.555555555555554,-3.5195830309170786,-3.2222222222222596,0.5527620997163423,0.30000000000000027,-0.5,-0.5,2.7777777777777777,2.7777777777777777,30.555555555555554,11.506930237387348,11.28888888888893,0.19681183147623615,0.0,-0.5,-0.5,2.7777777777777777,2.7777777777777777
69,0.6000000000000001,True,1,0.0,True,30.515555555555554,-3.80783946600896,-3.210222222222245,0.35896266473919924,0.0400000000000007,-0.6000000000000001,-0.6000000000000001,2.7777777777777777,2.7777777777777777,30.515555555555554,-2.1622328379583022,-2.615999999999988,0.08416830639596573,-0.019999999999999574,-0.6000000000000001,-0.6000000000000001,2.7777777777777777,2.7777777777777777
69,0.7000000000000001,True,2,0.0,True,30.515555555555554,-4.163048090800888,-3.21422222222225,-0.13339266705773145,-0.21999999999999909,-0.7000000000000001,-0.7000000000000001,2.7777777777777777,2.7777777777777777,30.555555555555554,3.0404153005025423,5.111111111111083,0.6837886089891456,-0.009999999999999343,-0.7000000000000001,-0.7000000000000001,2.7777777777777777,2.7777777777777777
69,0.8,True,2,0.0,True,30.355555555555558,-2.9131485178557623,-3.1542222222222476,-0.7090916892626886,-0.48000000000000087,-0.8,-0.8,2.7777777777777777,2.7777777777777777,30.515555555555554,12.979164598286683,13.44844444444443,0.38577006013984105,-2.220446049250313e-16,-0.8,-0.8,2.7777777777777777,2.7777777777777777
69,0.9,True,2,0.0,True,30.27555555555556,-3.2179051865519197,-3.102222222222241,-0.6677955129871016,-0.7399999999999989,-0.9,-0.9,2.7777777777777777,2.7777777777777777,30.515555555555554,18.559314298956988,19.003999999999987,0.09433250423697026,-0.02000000000000024,-0.9,-0.9,2.7777777777777777,2.7777777777777777
69,1.0,True,2,0.0,True,30.31555555555556,-3.781281749151421,-3.1382222222222707,-0.8688582017629556,-1.0,-1.0,-1.0,2.7777777777777777,2.7777777777777777,30.555555555555554,23.831723608323163,24.555555555555532,0.18258086749158542,0.0,-1.0,-1.0,2.7777777777777777,2.7777777777777777
69,1.1,True,2,0.0,True,30.23555555555556,-2.7476157685629117,-3.078222222222254,-1.5330155213116723,-1.2600000000000011,-1.1,-1.1,2.7777777777777777,2.7777777777777777,30.555555555555554,26.87962328118876,27.333333333333318,0.030302987758783928,-0.0499999999999996,-1.1,-1.1,2.7777777777777777,2.7777777777777777
69,1.2000000000000002,True,2,0.0,True,28.810555555555563,-2.627859420303497,-3.168999999999971,-1.4662862054881853,-1.6399999999999992,-1.2000000000000002,-1.2000000000000002,2.7777777777777777,2.7777777777777777,30.555555555555554,29.16888252538381,30.11111111111109,-0.030938543616910952,-0.07999999999999963,-1.2000000000000002,-1.2000000000000002,2.7777777777777777,2.7777777777777777
69,1.3,True,2,0.0,True,28.138055555555564,-2.839523549939943,-3.4067499999999624,-1.6553592128224202,-1.8899999999999997,-1.3,-1.3,2.7777777777777777,2.7777777777777777,30.555555555555554,32.77144517717408,32.88888888888888,0.18487646259597268,-0.09000000000000008,-1.3,-1.3,2.7777777777777777,2.7777777777777777
69,1.4000000000000001,True,2,0.0,True,28.138055555555564,-3.0145796661406647,-3.4067499999999624,-1.557113227456952,-1.8999999999999986,0.0,0.0,2.7777777777777777,2.7777777777777777,30.555555555555554,34.91983356745201,35.66666666666665,0.4712191567368831,-0.08000000000000007,-1.4000000000000001,-1.4000000000000001,2.7777777777777777,2.7777777777777777
69,1.5,True,2,0.0,True,27.378761555555563,-3.9889559738768297,-3.7244293999999654,-1.8652518574315755,-1.7999999999999998,0.0,0.0,2.7777777777777777,2.7777777777777777,30.555555555555554,38.16150772484399,38.444444444444436,0.1733823329023063,-0.04999999999999982,-1.5,-1.5,2.7777777777777777,2.7777777777777777
69,1.6,True,2,0.0,True,27.378761555555563,-3.3299116197403746,-3.7244293999999654,-1.6261373367372784,-1.879999999999999,0.0,0.0,2.7777777777777777,2.7777777777777777,30.555555555555554,37.84737979518052,38.444444444444436,0.011481532303139197,-0.1599999999999997,-1.6,-1.6,2.7777777777777777,2.7777777777777777
69,1.7000000000000002,True,2,0.0,True,26.619467555555563,-2.6899619242688884,-4.118038199999961,-1.8617677351456268,-1.8300000000000005,0.0,0.0,2.7777777777777777,2.7777777777777777,30.555555555555554,40.46052134526864,41.22222222222221,0.05566449953361685,-0.09999999999999964,-1.7000000000000002,-1.7000000000000002,2.7777777777777777,2.7777777777777777
71,0.0,False,0,4.0,False,30.555555555555554,-3.9143871512655037,-4.000000000000031,1.6487025371048416,1.6,0.0,0.0,2.7777777777777777,2.7777777777777777,,,,,,,,,
71,0.1,False,0,4.0,False,30.555555555555554,-1.8553363732833246,-4.000000000000031,1.313339904706993,1.33,-0.1,-0.1,2.7777777777777777,2.7777777777777777,30.555555555555554,367.7512098451543,367.62222222222084,-0.005602062073760683,-0.00999999999999579,-0.1,-0.1,2.7777777777777777,2.7777777777777777
71,0.2,False,0,4.0,False,30.555555555555554,-3.9432251980432538,-4.000000000000031,1.138137022364789,1.06,-0.2,-0.2,2.7777777777777777,2.7777777777777777,30.555555555555554,145.36059606693004,145.39999999999958,-0.07135135465367526,-0.019999999999997353,-0.2,-0.2,2.7777777777777777,2.7777777777777777
71,0.30000000000000004,False,0,2.5333333333333337,False,30.555555555555554,-4.224543204710815,-4.000000000000031,0.8222302091914453,0.7900000000000005,-0.30000000000000004,-0.30000000000000004,2.7777777777777777,2.7777777777777777,30.555555555555554,70.58178585076074,70.3999999999999,-0.23254240957560923,-0.020000000000001572,-0.30000000000000004,-0.30000000000000004,2.7777777777777777,2.7777777777777777
71,0.4,False,0,1.1999999999999988,False,30.555555555555554,-3.82204431714226,-4.000000000000031,0.7531761629959526,0.5199999999999996,-0.4,-0.4,2.7777777777777777,2.7777777777777777,30.555555555555554,32.1032980028038,31.511111111111173,0.07664034902906391,-6.661338147750939e-16,-0.4,-0.4,2.7777777777777777,2.7777777777777777
71,0.5,False,0,0.40000000000000036,False,30.555555555555554,-3.9041627535937264,-4.000000000000031,0.3641795797434386,0.25,-0.5,-0.5,2.7777777777777777,2.7777777777777777,30.555555555555554,9.613394684836901,9.28888888888893,0.07478545923035962,0.0,-0.5,-0.5,2.7777777777777777,2.7777777777777777
71,0.6000000000000001,True,2,0.0,True,30.515555555555554,-4.190806762140386,-3.996000000000026,0.04626007303615598,-0.019999999999999574,-0.6000000000000001,-0.6000000000000001,2.7777777777777777,2.7777777777777777,30.515555555555554,-4.190806762140386,-3.996000000000026,0.04626007303615598,-0.019999999999999574,-0.6000000000000001,-0.6000000000000001,2.7777777777777777,2.7777777777777777
71,0.7000000000000001,True,2,0.0,True,30.435555555555556,-4.065499694732185,-3.97600000000003,-0.03239986625021385,-0.28999999999999915,-0.7000000000000001,-0.7000000000000001,2.7777777777777777,2.7777777777777777,30.555555555555554,6.16619948918719,7.111111111111083,0.23542582055982786,-0.009999999999999343,-0.7000000000000001,-0.7000000000000001,2.7777777777777777,2.7777777777777777
71,0.8,True,2,0.0,True,30.355555555555558,-4.036800257606148,-3.936000000000024,-0.706355991111524,-0.5600000000000009,-0.8,-0.8,2.7777777777777777,2.7777777777777777,30.555555555555554,14.297819604795233,15.444444444444425,0.2938047706728164,-2.220446049250313e-16,-0.8,-0.8,2.7777777777777777,2.7777777777777777
71,0.9,True,2,0.0,True,30.31555555555556,-3.9941995999023048,-3.908000000000018,-0.9511204826817165,-0.8299999999999987,-0.9,-0.9,2.7777777777777777,2.7777777777777777,30.555555555555554,20.48948715024181,20.999999999999982,0.005532497557948268,-0.02000000000000024,-0.9,-0.9,2.7777777777777777,2.7777777777777777
71,1.0,True,2,0.0,True,30.06905555555556,-4.065607869558337,-3.8073500000000307,-0.8978330710939724,-1.1,-1.0,-1.0,2.7777777777777777,2.7777777777777777,30.555555555555554,26.574922111146282,26.555555555555532,0.09525409636426008,0.0,-1.0,-1.0,2.7777777777777777,2.7777777777777777
71,1.1,True,2,0.0,True,29.776055555555562,-4.048878826511728,-3.7294000000000294,-1.4301379216259396,-1.3700000000000014,-1.1,-1.1,2.7777777777777777,2.7777777777777777,30.555555555555554,28.730491668153977,29.333333333333318,0.1708712317433796,-0.0499999999999996,-1.1,-1.1,2.7777777777777777,2.7777777777777777
71,1.2000000000000002,True,2,0.0,True,28.810555555555563,-3.5317946355108516,-3.4350000000000334,-1.5041117248664204,-1.6399999999999992,-1.2000000000000002,-1.2000000000000002,2.7777777777777777,2.7777777777777777,30.555555555555554,31.87975036076114,32.11111111111109,0.027324626094115345,-0.07999999999999963,-1.2000000000000002,-1.2000000000000002,2.7777777777777777,2.7777777777777777
71,1.3,True,2,0.0,True,28.810555555555563,-3.9770258822659654,-3.4310000000000285,-1.659326541984904,-1.8899999999999997,-1.3,-1.3,2.7777777777777777,2.7777777777777777,30.555555555555554,34.302571195113835,34.88888888888888,0.04192043669543,-0.09000000000000008,-1.3,-1.3,2.7777777777777777,2.7777777777777777
71,1.4000000000000001,True,2,0.0,True,28.138055555555564,-3.453548494435725,-3.173250000000041,-1.8557785462300191,-1.8999999999999986,0.0,0.0,2.7777777777777777,2.7777777777777777,30.555555555555554,37.14725849187803,37.66666666666665,-0.09755161195311479,-0.08000000000000007,-1.4000000000000001,-1.4000000000000001,2.7777777777777777,2.7777777777777777
71,1.5,True,2,0.0,True,25.860173555555562,-3.745519518811082,-3.8097986222221776,-1.5810982278479329,-1.7999999999999998,0.0,0.0,2.7777777777777777,2.7777777777777777,30.555555555555554,39.901345181465025,40.444444444444436,0.48898629223851264,-0.04999999999999982,-1.5,-1.5,2.7777777777777777,2.7777777777777777
71,1.6,True,2,0.0,True,25.10087955555556,-4.249718913918033,-4.240733777777822,-1.6857768750948745,-1.879999999999999,0.0,0.0,2.7777777777777777,2.7777777777777777,30.515555555555554,40.22404007002897,40.44844444444444,0.10709197367652745,-0.1599999999999997,-1.6,-1.6,2.7777777777777777,2.7777777777777777
71,1.7000000000000002,True,2,0.0,True,25.860173555555562,-3.6902776427510444,-3.821798622222178,-1.875353603273011,-1.8300000000000005,0.0,0.0,2.7777777777777777,2.7777777777777777,30.555555555555554,42.67370795460263,43.22222222222221,0.25337050425787755,-0.09999999999999964,-1.7000000000000002,-1.7000000000000002,2.7777777777777777,2.7777777777777777
73,0.0,False,0,4.0,False,30.555555555555554,-2.374094564657841,-3.822222222222183,1.5879072765272046,1.6,0.0,0.0,2.7777777777777777,2.7777777777777777,,,,,,,,,
73,0.1,False,0,4.0,False,30.555555555555554,-3.488709250786729,-3.822222222222183,1.5938538104867979,1.3199999999999998,-0.1,-0.1,2.7777777777777777,2.7777777777777777,30.555555555555554,365.8033509252675,365.62222222222084,0.12347349405911778,-0.00999999999999579,-0.1,-0.1,2.7777777777777777,2.7777777777777777
73,0.2,False,0,4.0,False,30.555555555555554,-2.5511582296733506,-3.822222222222183,0.9376494581659958,1.0399999999999996,-0.2,-0.2,2.7777777777777777,2.7777777777777777,30.555555555555554,143.26525186528335,143.39999999999958,-0.20686607836968762,-0.019999999999997353,-0.2,-0.2,2.7777777777777777,2.7777777777777777
73,0.30000000000000004,False,0,2.433333333333333,False,30.555555555555554,-3.5035037370998223,-3.822222222222183,0.8635055822965128,0.7600000000000002,-0.30000000000000004,-0.30000000000000004,2.7777777777777777,2.7777777777777777,30.555555555555554,69.2371415700171,68.3999999999999,0.25535974561298813,-0.020000000000001572,-0.30000000000000004,-0.30000000000000004,2.7777777777777777,2.7777777777777777
73,0.4,False,0,1.0999999999999988,False,30.555555555555554,-3.9681814099725328,-3.822222222222183,0.29949192325030527,0.47999999999999954,-0.4,-0.4,2.7777777777777777,2.7777777777777777,30.555555555555554,30.082201857308217,29.511111111111173,0.11212212266972843,-6.661338147750939e-16,-0.4,-0.4,2.7777777777777777,2.7777777777777777
73,0.5,False,0,0.2999999999999998,False,30.555555555555554,-3.6703475411720516,-3.822222222222183,0.19440888264443812,0.20000000000000018,-0.5,-0.5,2.7777777777777777,2.7777777777777777,30.555555555555554,7.627486994763541,7.288888888888931,0.11914583589847894,0.0,-0.5,-0.5,2.7777777777777777,2.7777777777777777
73,0.6000000000000001,True,2,0.0,True,30.475555555555555,-3.0517406929172095,-3.8342222222221833,-0.04748068262049321,-0.07999999999999963,-0.6000000000000001,-0.6000000000000001,2.7777777777777777,2.7777777777777777,30.515555555555554,-2.2128342243812282,-1.9960000000000262,-0.0728215415464557,-0.019999999999999574,-0.6000000000000001,-0.6000000000000001,2.7777777777777777,2.7777777777777777
73,0.7000000000000001,True,2,0.0,True,30.395555555555557,-3.4267941040264587,-3.862222222222189,-0.30734573834108625,-0.359999999999999,-0.7000000000000001,-0.7000000000000001,2.7777777777777777,2.7777777777777777,30.555555555555554,8.389087776138904,9.111111111111082,0.2634863244781189,-0.009999999999999343,-0.7000000000000001,-0.7000000000000001,2.7777777777777777,2.7777777777777777
73,0.8,True,2,0.0,True,30.395555555555557,-3.497847419879238,-3.862222222222189,-0.49127980827855366,-0.640000000000001,-0.8,-0.8,2.7777777777777777,2.7777777777777777,30.555555555555554,17.028813893623177,17.444444444444425,0.19265945126649076,-2.220446049250313e-16,-0.8,-0.8,2.7777777777777777,2.7777777777777777
73,0.9,True,2,0.0,True,30.23555555555556,-3.969046237205009,-3.9822222222221937,-0.7806074605194842,-0.9199999999999986,-0.9,-0.9,2.7777777777777777,2.7777777777777777,30.555555555555554,22.829425705834236,22.999999999999982,0.1355809953867575,-0.02000000000000024,-0.9,-0.9,2.7777777777777777,2.7777777777777777
73,1.0,True,2,0.0,True,28.810555555555563,-4.02415468101309,-4.212777777777819,-1.027009919297202,-1.1999999999999997,-1.0,-1.0,2.7777777777777777,2.7777777777777777,30.555555555555554,28.869475785591252,28.555555555555532,-0.014019522343983182,0.0,-1.0,-1.0,2.7777777777777777,2.7777777777777777
73,1.1,True,2,0.0,True,29.356555555555563,-4.072187479618324,-4.212722222222186,-1.3403623272576743,-1.4800000000000013,-1.1,-1.1,2.7777777777777777,2.7777777777777777,30.555555555555554,31.161793823348834,31.333333333333318,0.12846862978862994,-0.0499999999999996,-1.1,-1.1,2.7777777777777777,2.7777777777777777
73,1.2000000000000002,True,2,0.0,True,28.138055555555564,-3.7777279496935448,-3.963027777777813,-1.2992566283765945,-1.7599999999999993,-1.2000000000000002,-1.2000000000000002,2.7777777777777777,2.7777777777777777,30.555555555555554,33.834025583176405,34.11111111111109,-0.11961493319274608,-0.07999999999999963,-1.2000000000000002,-1.2000000000000002,2.7777777777777777,2.7777777777777777
73,1.3,True,2,0.0,True,27.378761555555563,-3.440073576522681,-3.649348377777815,-1.640007784789312,-1.8899999999999997,0.0,0.0,2.7777777777777777,2.7777777777777777,30.555555555555554,37.155516328635834,36.88888888888888,-0.17908962961063302,-0.09000000000000008,-1.3,-1.3,2.7777777777777777,2.7777777777777777
73,1.4000000000000001,True,2,0.0,True,26.619467555555563,-3.968585989119606,-3.251739577777829,-1.7545992446468024,-1.8999999999999986,-1.4000000000000001,0.0,2.7777777777777777,2.7777777777777777,30.555555555555554,39.45041655017703,39.66666666666665,-0.2527968113681254,-0.08000000000000007,-1.4000000000000001,-1.4000000000000001,2.7777777777777777,2.7777777777777777
73,1.5,True,2,0.0,True,26.619467555555563,-3.982102603495991,-3.2597395777778244,-1.7969215841904103,-1.7999999999999998,0.0,0.0,2.7777777777777777,2.7777777777777777,30.555555555555554,41.49392114399266,42.444444444444436,0.20775935693632253,-0.04999999999999982,-1.5,-1.5,2.7777777777777777,2.7777777777777777
73,1.6,True,2,0.0,True,24.34158555555556,-4.182194710865775,-4.202885444444408,-1.7483365795741492,-1.879999999999999,0.0,0.0,2.7777777777777777,2.7777777777777777,30.515555555555554,42.29485322533261,42.44844444444444,0.07257269335113747,-0.1599999999999997,-1.6,-1.6,2.7777777777777777,2.7777777777777777
73,1.7000000000000002,True,2,0.0,True,24.34158555555556,-3.791857996259554,-4.198885444444403,-1.8733760785333993,-1.8300000000000005,0.0,0.0,2.7777777777777777,2.7777777777777777,30.555555555555554,44.876903480039125,45.22222222222221,0.10488732073205442,-0.09999999999999964,-1.7000000000000002,-1.7000000000000002,2.7777777777777777,2.7777777777777777
75,0.0,False,0,4.0,False,30.555555555555554,-2.9378523754742387,-3.0444444444444114,1.674801242774631,1.6,0.0,0.0,2.7777777777777777,2.7777777777777777,,,,,,,,,
75,0.1,False,0,4.0,False,30.555555555555554,-3.0034365002258623,-3.0444444444444114,1.3016866211928204,1.31,-0.1,-0.1,2.7777777777777777,2.7777777777777777,30.555555555555554,364.21750736790153,363.62222222222084,-0.07408790655745512,-0.00999999999999579,-0.1,-0.1,2.7777777777777777,2.7777777777777777
75,0.2,False,0,4.0,False,30.555555555555554,-2.5414084247560025,-3.0444444444444114,0.9529755756462457,1.02,-0.2,-0.2,2.7777777777777777,2.7777777777777777,30.555555555555554,141.98933402297152,141.39999999999958,-0.08535351754605758,-0.019999999999997353,-0.2,-0.2,2.7777777777777777,2.7777777777777777
75,0.30000000000000004,False,0,2.3333333333333335,False,30.555555555555554,-2.4129167380669854,-3.0444444444444114,0.6862865788949031,0.73,-0.30000000000000004,-0.30000000000000004,2.7777777777777777,2.7777777777777777,30.555555555555554,66.20864087085758,66.3999999999999,-0.05907445375004228,-0.020000000000001572,-0.30000000000000004,-0.30000000000000004,2.7777777777777777,2.7777777777777777
75,0.4,False,0,0.9999999999999987,False,30.555555555555554,-2.6381954475105713,-3.0444444444444114,0.6181972891084677,0.4399999999999995,-0.4,-0.4,2.7777777777777777,2.7777777777777777,30.555555555555554,27.914124691665076,27.511111111111173,0.08846469670347346,-6.661338147750939e-16,-0.4,-0.4,2.7777777777777777,2.7777777777777777
75,0.5,False,0,0.20000000000000018,False,30.555555555555554,-2.5601566475417483,-3.0444444444444114,0.12058613024963405,0.1499999999999999,-0.5,-0.5,2.7777777777777777,2.7777777777777777,30.555555555555554,6.8369179381565575,5.288888888888931,0.2413549293377253,0.0,-0.5,-0.5,2.7777777777777777,2.7777777777777777
75,0.6000000000000001,True,2,0.0,True,30.515555555555554,-2.7070276880830475,-3.0484444444444163,-0.025645830335513597,-0.13999999999999968,-0.6000000000000001,-0.6000000000000001,2.7777777777777777,2.7777777777777777,30.555555555555554,-0.46272912698690316,-3.108624468950438e-14,0.3195972263041198,-0.019999999999999574,-0.6000000000000001,-0.6000000000000001,2.7777777777777777,2.7777777777777777
75,0.7000000000000001,True,2,0.0,True,30.355555555555558,-2.3908291932896644,-3.1244444444444097,-0.5015610218899085,-0.4299999999999988,-0.7000000000000001,-0.7000000000000001,2.7777777777777777,2.7777777777777777,30.555555555555554,10.784073097232433,11.111111111111082,-0.06701894684388532,-0.009999999999999343,-0.7000000000000001,-0.7000000000000001,2.7777777777777777,2.7777777777777777
75,0.8,True,2,0.0,True,30.27555555555556,-2.956875536311247,-3.1564444444444204,-0.5178914993322608,-0.7200000000000011,-0.8,-0.8,2.7777777777777777,2.7777777777777777,30.555555555555554,18.930294822834906,19.444444444444425,0.013954539900340901,-2.220446049250313e-16,-0.8,-0.8,2.7777777777777777,2.7777777777777777
75,0.9,True,2,0.0,True,30.23555555555556,-2.911571576932391,-3.2044444444444222,-0.9578397602561557,-1.0099999999999985,-0.9,-0.9,2.7777777777777777,2.7777777777777777,30.555555555555554,24.769939418724388,24.999999999999982,0.022289193184444223,-0.02000000000000024,-0.9,-0.9,2.7777777777777777,2.7777777777777777
75,1.0,True,2,0.0,True,29.356555555555563,-2.2883431664014777,-3.442944444444424,-0.8811117233666335,-1.2999999999999998,-1.0,-1.0,2.7777777777777777,2.7777777777777777,30.555555555555554,29.909687678657438,30.555555555555532,0.5050141904601433,0.0,-1.0,-1.0,2.7777777777777777,2.7777777777777777
75,1.1,True,2,0.0,True,29.356555555555563,-3.0426609165436274,-3.4349444444444144,-1.5628260810282115,-1.5900000000000016,-1.1,-1.1,2.7777777777777777,2.7777777777777777,30.555555555555554,32.921018409317504,33.33333333333332,0.024980556772042473,-0.0499999999999996,-1.1,-1.1,2.7777777777777777,2.7777777777777777
75,1.2000000000000002,True,2,0.0,True,28.138055555555564,-3.8483874276873022,-3.859194444444401,-1.5617388055392882,-1.8799999999999994,-1.2000000000000002,-1.2000000000000002,2.7777777777777777,2.7777777777777777,30.555555555555554,35.785131488390356,36.11111111111109,0.07272249498099947,-0.07999999999999963,-1.2000000000000002,-1.2000000000000002,2.7777777777777777,2.7777777777777777
75,1.3,True,2,0.0,True,28.810555555555563,-3.486458941855619,-3.6214444444444096,-1.672182743175672,-1.8899999999999997,0.0,0.0,2.7777777777777777,2.7777777777777777,30.555555555555554,37.49093468988665,38.88888888888888,0.6567262991294402,-0.09000000000000008,-1.3,-1.3,2.7777777777777777,2.7777777777777777
75,1.4000000000000001,True,2,0.0,True,26.619467555555563,-3.5005129859939386,-4.037517355555596,-1.7646522796979136,-1.8999999999999986,0.0,0.0,2.7777777777777777,2.7777777777777777,30.555555555555554,41.03699658082315,41.66666666666665,0.31112440737630287,-0.08000000000000007,-1.4000000000000001,-1.4000000000000001,2.7777777777777777,2.7777777777777777
75,1.5,True,2,0.0,True,25.860173555555562,-3.764568089805297,-3.5679791555555935,-1.820385056586239,-1.7999999999999998,0.0,0.0,2.7777777777777777,2.7777777777777777,30.555555555555554,43.51060021937787,44.444444444444436,0.6555227049446777,-0.04999999999999982,-1.5,-1.5,2.7777777777777777,2.7777777777777777
75,1.6,True,2,0.0,True,24.34158555555556,-2.1390355069599734,-3.421107666666617,-1.7383305866475651,-1.879999999999999,0.0,0.0,2.7777777777777777,2.7777777777777777,30.555555555555554,44.30437605946418,44.444444444444436,0.04441546359175286,-0.1599999999999997,-1.6,-1.6,2.7777777777777777,2.7777777777777777
75,1.7000000000000002,True,2,0.0,True,23.58229155555556,-3.4254407751162317,-4.1184340666666115,-1.7820054823227371,-1.8300000000000005,0.0,0.0,2.7777777777777777,2.7777777777777777,30.555555555555554,46.610167558652115,47.22222222222221,0.2396616012306776,-0.09999999999999964,-1.7000000000000002,-1.7000000000000002,2.7777777777777777,2.7777777777777777
77,0.0,False,0,4.0,False,30.555555555555554,-4.096171635958231,-3.555555555555588,1.487586225984849,1.6,0.0,0.0,2.7777777777777777,2.7777777777777777,,,,,,,,,
77,0.1,False,0,4.0,False,30.555555555555554,-3.951864039061138,-3.555555555555588,1.245292607227145,1.31,-0.1,-0.1,2.7777777777777777,2.7777777777777777,30.555555555555554,362.3696390415355,361.62222222222084,-0.06769635544816488,-0.00999999999999579,-0.1,-0.1,2.7777777777777777,2.7777777777777777
77,0.2,False,0,4.0,False,30.555555555555554,-3.712062878583171,-3.555555555555588,1.0229838540900174,1.02,-0.2,-0.2,2.7777777777777777,2.7777777777777777,30.555555555555554,140.04906290067055,139.39999999999958,0.42668971537846634,-0.019999999999997353,-0.2,-0.2,2.7777777777777777,2.7777777777777777
77,0.30000000000000004,False,0,2.3333333333333335,False,30.555555555555554,-4.252645806157619,-3.555555555555588,0.7603163895190752,0.73,-0.30000000000000004,-0.30000000000000004,2.7777777777777777,2.7777777777777777,30.555555555555554,65.30457714542625,64.3999999999999,0.08684085993625934,-0.020000000000001572,-0.30000000000000004,-0.30000000000000004,2.7777777777777777,2.7777777777777777
77,0.4,False,0,0.9999999999999987,False,30.555555555555554,-3.440946972929285,-3.555555555555588,0.7227397203286863,0.4399999999999995,-0.4,-0.4,2.7777777777777777,2.7777777777777777,30.555555555555554,25.84609524529952,25.511111111111173,-0.08312927530959491,-6.661338147750939e-16,-0.4,-0.4,2.7777777777777777,2.7777777777777777
77,0.5,False,0,0.20000000000000018,False,30.555555555555554,-3.581089062419127,-3.555555555555588,0.25948736306531295,0.1499999999999999,-0.5,-0.5,2.7777777777777777,2.7777777777777777,30.555555555555554,3.7432023038297446,3.2888888888889314,0.06750980317282673,0.0,-0.5,-0.5,2.7777777777777777,2.7777777777777777
77,0.6000000000000001,True,2,0.0,True,30.515555555555554,-4.285815228476781,-3.5395555555555687,0.07400587982469653,-0.13999999999999968,-0.6000000000000001,-0.6000000000000001,2.7777777777777777,2.7777777777777777,30.515555555555554,1.4997272869450429,2.0079999999999787,0.3995954281417773,-0.019999999999999574,-0.6000000000000001,-0.6000000000000001,2.7777777777777777,2.7777777777777777
77,0.7000000000000001,True,2,0.0,True,30.31555555555556,-3.3037505875277473,-3.4555555555555797,-0.5320966025693767,-0.4299999999999988,-0.7000000000000001,-0.7000000000000001,2.7777777777777777,2.7777777777777777,30.515555555555554,13.109613073282414,13.123111111111097,-0.0673591556983899,-0.009999999999999343,-0.7000000000000001,-0.7000000000000001,2.7777777777777777,2.7777777777777777
77,0.8,True,2,0.0,True,30.27555555555556,-3.486072888922908,-3.431555555555579,-0.6414186605687031,-0.7200000000000011,-0.8,-0.8,2.7777777777777777,2.7777777777777777,30.555555555555554,20.80516299940619,21.444444444444425,-0.15219823003817212,-2.220446049250313e-16,-0.8,-0.8,2.7777777777777777,2.7777777777777777
77,0.9,True,2,0.0,True,30.23555555555556,-4.244983905951517,-3.407555555555578,-0.8109454512651806,-1.0099999999999985,-0.9,-0.9,2.7777777777777777,2.7777777777777777,30.555555555555554,26.691654996791524,26.999999999999982,0.01843203289251849,-0.02000000000000024,-0.9,-0.9,2.7777777777777777,2.7777777777777777
77,1.0,True,2,0.0,True,29.776055555555562,-3.160256615478647,-3.2809555555555816,-1.575398388663501,-1.2999999999999998,-1.0,-1.0,2.7777777777777777,2.7777777777777777,30.555555555555554,32.51403947822178,32.555555555555536,0.11978850145144948,0.0,-1.0,-1.0,2.7777777777777777,2.7777777777777777
77,1.1,True,2,0.0,True,27.378761555555563,-3.3482903898400194,-3.427096066666624,-1.828927260990352,-1.7000000000000015,-1.1,-1.1,2.7777777777777777,2.7777777777777777,30.475555555555555,35.0819298400405,35.34533333333333,-0.2773742770458676,-0.0499999999999996,-1.1,-1.1,2.7777777777777777,2.7777777777777777
77,1.2000000000000002,True,2,0.0,True,26.619467555555563,-3.212781776974313,-3.7967048666666328,-1.6319012217461308,-1.7999999999999998,-1.2000000000000002,-1.2000000000000002,2.7777777777777777,2.7777777777777777,30.515555555555554,37.251053460300945,38.1191111111111,0.14247114970791364,-0.07999999999999963,-1.2000000000000002,-1.2000000000000002,2.7777777777777777,2.7777777777777777
77,1.3,True,2,0.0,True,25.860173555555562,-3.9964499578091788,-4.262243066666616,-1.6931174342942361,-1.8899999999999997,0.0,0.0,2.7777777777777777,2.7777777777777777,30.555555555555554,40.94227767487887,40.88888888888888,-0.39186427454784556,-0.09000000000000008,-1.3,-1.3,2.7777777777777777,2.7777777777777777
77,1.4000000000000001,True,2,0.0,True,25.860173555555562,-3.8844580485805293,-4.262243066666616,-1.7327611489045842,-1.8999999999999986,0.0,0.0,2.7777777777777777,2.7777777777777777,30.555555555555554,42.38969120548271,43.66666666666665,0.37241176268521103,-0.08000000000000007,-1.4000000000000001,-1.4000000000000001,2.7777777777777777,2.7777777777777777
77,1.5,True,2,0.0,True,25.860173555555562,-3.733100789042612,-4.25424306666662,-1.8812149734166388,-1.7999999999999998,0.0,0.0,2.7777777777777777,2.7777777777777777,30.555555555555554,46.208289846464204,46.444444444444436,0.18063047825081435,-0.04999999999999982,-1.5,-1.5,2.7777777777777777,2.7777777777777777
77,1.6,True,2,0.0,True,25.860173555555562,-4.2427043483701,-4.262243066666616,-1.8725229526244247,-1.879999999999999,0.0,0.0,2.7777777777777777,2.7777777777777777,30.555555555555554,45.42311852847376,46.444444444444436,0.3496694105348439,-0.1599999999999997,-1.6,-1.6,2.7777777777777777,2.7777777777777777
77,1.7000000000000002,True,2,0.0,True,22.82299755555556,-3.1047726767114368,-4.113912088888827,-1.5783765648257977,-1.8300000000000005,0.0,0.0,2.7777777777777777,2.7777777777777777,30.555555555555554,49.23639191513323,49.22222222222221,0.03166265599211404,-0.09999999999999964,-1.7000000000000002,-1.7000000000000002,2.7777777777777777,2.7777777777777777
79,0.0,False,0,4.0,False,30.555555555555554,-3.9002099405010595,-4.266666666666626,1.830299378146619,1.6,0.0,0.0,2.7777777777777777,2.7777777777777777,,,,,,,,,
79,0.1,False,0,4.0,False,30.555555555555554,-3.9730147394842588,-4.266666666666626,1.32361587433991,1.2999999999999998,-0.1,-0.1,2.7777777777777777,2.7777777777777777,30.555555555555554,359.79433750372897,359.62222222222084,0.13914301937955997,-0.00999999999999579,-0.1,-0.1,2.7777777777777777,2.7777777777777777
79,0.2,False,0,4.0,False,30.555555555555554,-2.814310377616695,-4.266666666666626,1.0140727525490294,0.9999999999999996,-0.2,-0.2,2.7777777777777777,2.7777777777777777,30.555555555555554,137.83366643897074,137.39999999999958,0.04812192234808421,-0.019999999999997353,-0.2,-0.2,2.7777777777777777,2.7777777777777777
79,0.30000000000000004,False,0,2.233333333333333,False,30.555555555555554,-3.511313049605067,-4.266666666666626,0.7377769584849814,0.7000000000000002,-0.30000000000000004,-0.30000000000000004,2.7777777777777777,2.7777777777777777,30.555555555555554,62.94593816721293,62.399999999999906,-0.1477089244705232,-0.020000000000001572,-0.30000000000000004,-0.30000000000000004,2.7777777777777777,2.7777777777777777
79,0.4,False,0,0.8999999999999986,False,30.555555555555554,-4.011562110677192,-4.266666666666626,0.7238439181664398,0.39999999999999947,-0.4,-0.4,2.7777777777777777,2.7777777777777777,30.555555555555554,23.75657796602331,23.511111111111173,-0.06297781790931367,-6.661338147750939e-16,-0.4,-0.4,2.7777777777777777,2.7777777777777777
79,0.5,False,0,0.10000000000000009,True,30.515555555555554,-3.8037006074994677,-4.27866666666664,0.11775795466546368,0.10000000000000009,-0.5,-0.5,2.7777777777777777,2.7777777777777777,30.515555555555554,2.6546104145292135,1.268888888888907,-0.04651236018588034,0.0,-0.5,-0.5,2.7777777777777777,2.7777777777777777
79,0.6000000000000001,True,2,0.0,True,30.395555555555557,-3.4676367844055873,-4.285333333333372,0.09526512367526108,-0.19999999999999996,-0.6000000000000001,-0.6000000000000001,2.7777777777777777,2.7777777777777777,30.475555555555555,3.3863582737849756,4.011999999999969,0.05134852651490496,-0.019999999999999574,-0.6000000000000001,-0.6000000000000001,2.7777777777777777,2.7777777777777777
79,0.7000000000000001,True,2,0.0,True,30.355555555555558,-3.696287289637328,-4.269333333333367,-0.5067651998024074,-0.49999999999999867,-0.7000000000000001,-0.7000000000000001,2.7777777777777777,2.7777777777777777,30.555555555555554,14.93990250371301,15.111111111111082,0.1922824744922642,-0.009999999999999343,-0.7000000000000001,-0.7000000000000001,2.7777777777777777,2.7777777777777777
79,0.8,True,2,0.0,True,30.31555555555556,-4.15080706004166,-4.217333333333346,-0.6115774095254927,-0.8000000000000012,-0.8,-0.8,2.7777777777777777,2.7777777777777777,30.515555555555554,22.989358949495166,23.45644444444444,0.07787857468722548,-2.220446049250313e-16,-0.8,-0.8,2.7777777777777777,2.7777777777777777
79,0.9,True,2,0.0,True,29.776055555555562,-3.9341274813185008,-4.050733333333372,-0.862391037874541,-1.0999999999999983,-0.9,-0.9,2.7777777777777777,2.7777777777777777,30.555555555555554,28.69282563379205,28.999999999999982,-0.014384518438534943,-0.02000000000000024,-0.9,-0.9,2.7777777777777777,2.7777777777777777
79,1.0,True,2,0.0,True,28.810555555555563,-3.593628300624718,-3.7643333333333713,-1.4026291195014042,-1.4,-1.0,-1.0,2.7777777777777777,2.7777777777777777,30.555555555555554,34.302491460886195,34.555555555555536,0.015033885490290944,0.0,-1.0,-1.0,2.7777777777777777,2.7777777777777777
79,1.1,True,2,0.0,True,27.378761555555563,-3.587720170035328,-3.204903933333372,-1.4143188779280138,-1.7000000000000015,-1.1,-1.1,2.7777777777777777,2.7777777777777777,30.555555555555554,37.22066485762044,37.33333333333332,-0.10888108391627527,-0.0499999999999996,-1.1,-1.1,2.7777777777777777,2.7777777777777777
79,1.2000000000000002,True,2,0.0,True,25.860173555555562,-3.476602000165431,-3.4804652888888397,-1.8820423975399725,-1.7999999999999998,-1.2000000000000002,0.0,2.7777777777777777,2.7777777777777777,30.555555555555554,39.53257015027334,40.11111111111109,-0.05211776323412609,-0.07999999999999963,-1.2000000000000002,-1.2000000000000002,2.7777777777777777,2.7777777777777777
79,1.3,True,2,0.0,True,25.10087955555556,-3.3934062444017483,-4.02193288888883,-1.8132362231796006,-1.8899999999999997,0.0,0.0,2.7777777777777777,2.7777777777777777,30.555555555555554,41.8924401297023,42.88888888888888,0.6603188079091482,-0.09000000000000008,-1.3,-1.3,2.7777777777777777,2.7777777777777777
79,1.4000000000000001,True,2,0.0,True,22.82299755555556,-2.4403367955786477,-3.3361343111110555,-1.8511821502701051,-1.8999999999999986,0.0,0.0,2.7777777777777777,2.7777777777777777,30.555555555555554,45.489439209324296,45.66666666666665,-0.031086753634659514,-0.08000000000000007,-1.4000000000000001,-1.4000000000000001,2.7777777777777777,2.7777777777777777
79,1.5,True,2,0.0,True,24.34158555555556,-3.7125732700624807,-3.9526701111111633,-1.8871788904083806,-1.7999999999999998,0.0,0.0,2.7777777777777777,2.7777777777777777,30.555555555555554,47.85620632833149,48.444444444444436,0.24885427353532963,-0.04999999999999982,-1.5,-1.5,2.7777777777777777,2.7777777777777777
79,1.6,True,2,0.0,True,22.82299755555556,-3.2289154203631396,-3.3361343111110555,-1.7908028191895238,-1.879999999999999,0.0,0.0,2.7777777777777777,2.7777777777777777,30.555555555555554,46.752801936563024,48.444444444444436,1.004320100006507,-0.1599999999999997,-1.6,-1.6,2.7777777777777777,2.7777777777777777
79,1.7000000000000002,True,2,0.0,True,22.06370355555556,-3.2616457190978307,-4.193319511111073,-1.822555476961469,-1.8300000000000005,0.0,0.0,2.7777777777777777,2.7777777777777777,30.555555555555554,50.52742529893691,51.22222222222221,-0.246251546774237,-0.09999999999999964,-1.7000000000000002,-1.7000000000000002,2.7777777777777777,2.7777777777777777
81,0.0,False,0,4.0,False,30.555555555555554,-3.6773532492136978,-3.48888888888884,1.5626972537957604,1.6,0.0,0.0,2.7777777777777777,2.7777777777777777,,,,,,,,,
81,0.1,False,0,4.0,False,30.555555555555554,-2.9386851493405315,-3.48888888888884,1.4074844909746531,1.29,-0.1,-0.1,2.7777777777777777,2.7777777777777777,30.555555555555554,357.82176715066936,357.62222222222084,0.25144215123945024,-0.00999999999999579,-0.1,-0.1,2.7777777777777777,2.7777777777777777
81,0.2,False,0,4.0,False,30.555555555555554,-2.901850442408377,-3.48888888888884,0.9790914586188126,0.98,-0.2,-0.2,2.7777777777777777,2.7777777777777777,30.555555555555554,136.07282675949358,135.39999999999958,-0.12196602205764129,-0.019999999999997353,-0.2,-0.2,2.7777777777777777,2.7777777777777777
81,0.30000000000000004,False,0,2.1333333333333333,False,30.555555555555554,-2.938877643065129,-3.48888888888884,0.5256697692105328,0.6699999999999999,-0.30000000000000004,-0.30000000000000004,2.7777777777777777,2.7777777777777777,30.555555555555554,60.31215236561637,60.399999999999906,-0.29387970333154434,-0.020000000000001572,-0.30000000000000004,-0.30000000000000004,2.7777777777777777,2.7777777777777777
81,0.4,False,0,0.7999999999999985,False,30.555555555555554,-2.2176392585274725,-3.48888888888884,0.5694935742078275,0.35999999999999943,-0.4,-0.4,2.7777777777777777,2.7777777777777777,30.555555555555554,22.07724312398184,21.511111111111173,0.21791302724206796,-6.661338147750939e-16,-0.4,-0.4,2.7777777777777777,2.7777777777777777
81,0.5,False,0,0.0,False,30.555555555555554,-2.814380631777058,-3.48888888888884,0.1975715819434205,0.050000000000000044,-0.5,-0.5,2.7777777777777777,2.7777777777777777,30.555555555555554,-0.027736336008916673,-0.7111111111110686,0.2646961628039053,0.0,-0.5,-0.5,2.7777777777777777,2.7777777777777777
81,0.6000000000000001,True,2,0.0,True,30.475555555555555,-3.088850247804177,-3.5008888888888405,-0.2477708645539265,-0.26,-0.6000000000000001,-0.6000000000000001,2.7777777777777777,2.7777777777777777,30.555555555555554,5.221819438611701,5.999999999999969,0.059117408958535345,-0.019999999999999574,-0.6000000000000001,-0.6000000000000001,2.7777777777777777,2.7777777777777777
81,0.7000000000000001,True,2,0.0,True,30.355555555555558,-3.0582559826004028,-3.560888888888857,-0.5958155866603898,-0.569999999999999,-0.7000000000000001,-0.7000000000000001,2.7777777777777777,2.7777777777777777,30.555555555555554,16.786501177295133,17.111111111111082,-0.1558393854419482,-0.009999999999999343,-0.7000000000000001,-0.7000000000000001,2.7777777777777777,2.7777777777777777
81,0.8,True,2,0.0,True,30.06905555555556,-3.3112218828411555,-3.701538888888865,-0.7946126556126096,-0.8800000000000012,-0.8,-0.8,2.7777777777777777,2.7777777777777777,30.515555555555554,25.01329210692303,25.45644444444444,0.2340685541623082,-2.220446049250313e-16,-0.8,-0.8,2.7777777777777777,2.7777777777777777
81,0.9,True,2,0.0,True,29.356555555555563,-3.7907943035650105,-3.8993888888888533,-1.0130820353695271,-1.1899999999999982,-0.9,-0.9,2.7777777777777777,2.7777777777777777,30.555555555555554,30.564146398074296,30.999999999999982,-0.03470785293581358,-0.02000000000000024,-0.9,-0.9,2.7777777777777777,2.7777777777777777
81,1.0,True,2,0.0,True,28.138055555555564,-3.463983255035134,-4.296361111111156,-1.2811787573773996,-1.5,-1.0,-1.0,2.7777777777777777,2.7777777777777777,30.555555555555554,36.193786481292484,36.555555555555536,0.1584271722059336,0.0,-1.0,-1.0,2.7777777777777777,2.7777777777777777
81,1.1,True,2,0.0,True,24.34158555555556,-3.399807063061661,-3.86555211111106,-1.5373939758484667,-1.8799999999999981,-1.1,-1.1,2.7777777777777777,2.7777777777777777,30.515555555555554,39.37159210800615,39.337333333333326,-0.09785843822911344,-0.0499999999999996,-1.1,-1.1,2.7777777777777777,2.7777777777777777
81,1.2000000000000002,True,2,0.0,True,25.10087955555556,-3.0508805958426164,-3.2441551111110583,-1.8211528023969388,-1.7999999999999998,0.0,0.0,2.7777777777777777,2.7777777777777777,30.555555555555554,41.08748321443995,42.11111111111109,0.32952572298433314,-0.07999999999999963,-1.2000000000000002,-1.2000000000000002,2.7777777777777777,2.7777777777777777
81,1.3,True,2,0.0,True,24.34158555555556,-3.0703203906705623,-3.869552111111065,-1.7801466933615977,-1.8899999999999997,0.0,0.0,2.7777777777777777,2.7777777777777777,30.555555555555554,44.408240726785614,44.88888888888888,-0.01837617947476211,-0.09000000000000008,-1.3,-1.3,2.7777777777777777,2.7777777777777777
81,1.4000000000000001,True,2,0.0,True,23.58229155555556,-4.138861594052844,-4.0291214888889355,-1.8012306856038531,-1.8999999999999986,0.0,0.0,2.7777777777777777,2.7777777777777777,30.515555555555554,47.36840164563717,47.670666666666655,0.4448187098808618,-0.08000000000000007,-1.4000000000000001,-1.4000000000000001,2.7777777777777777,2.7777777777777777
81,1.5,True,2,0.0,True,22.82299755555556,-3.1984466144438697,-3.339612333333281,-1.6757145703612781,-1.7999999999999998,0.0,0.0,2.7777777777777777,2.7777777777777777,30.555555555555554,50.254148897187015,50.444444444444436,-0.17671170468867814,-0.04999999999999982,-1.5,-1.5,2.7777777777777777,2.7777777777777777
81,1.6,True,2,0.0,True,21.30440955555556,-3.6110481504034935,-4.263343666666716,-1.883343110744449,-1.879999999999999,0.0,0.0,2.7777777777777777,2.7777777777777777,30.515555555555554,50.06009007443044,50.44844444444444,0.11596938410332891,-0.1599999999999997,-1.6,-1.6,2.7777777777777777,2.7777777777777777
81,1.7000000000000002,True,2,0.0,True,22.82299755555556,-2.6012765484412794,-3.331612333333271,-1.6997656978886517,-1.8300000000000005,0.0,0.0,2.7777777777777777,2.7777777777777777,30.555555555555554,52.64153295780924,53.22222222222221,0.0314384959845766,-0.09999999999999964,-1.7000000000000002,-1.7000000000000002,2.7777777777777777,2.7777777777777777
83,0.0,False,0,4.0,False,30.555555555555554,-4.098297498059,-3.1111111111111596,1.5483617790798498,1.6,0.0,0.0,2.7777777777777777,2.7777777777777777,,,,,,,,,
83,0.1,False,0,4.0,False,30.555555555555554,-3.915154011249217,-3.1111111111111596,1.5835039519566854,1.29,-0.1,-0.1,2.7777777777777777,2.7777777777777777,30.555555555555554,356.41176635134167,355.62222222222084,0.007030056496193149,-0.00999999999999579,-0.1,-0.1,2.7777777777777777,2.7777777777777777
83,0.2,False,0,4.0,False,30.555555555555554,-3.0232029883612226,-3.1111111111111596,0.8538783709542277,0.98,-0.2,-0.2,2.7777777777777777,2.7777777777777777,30.555555555555554,134.41388986215156,133.39999999999958,0.08829839821301189,-0.019999999999997353,-0.2,-0.2,2.7777777777777777,2.7777777777777777
83,0.30000000000000004,False,0,2.1333333333333333,False,30.555555555555554,-3.5561572059648965,-3.1111111111111596,1.0217426440941555,0.6699999999999999,-0.30000000000000004,-0.30000000000000004,2.7777777777777777,2.7777777777777777,30.555555555555554,58.93744300858104,58.399999999999906,0.14030400789608022,-0.020000000000001572,-0.30000000000000004,-0.30000000000000004,2.7777777777777777,2.7777777777777777
83,0.4,False,0,0.7999999999999985,False,30.555555555555554,-4.059273316512818,-3.1111111111111596,0.1587669369932989,0.35999999999999943,-0.4,-0.4,2.7777777777777777,2.7777777777777777,30.555555555555554,19.48278764526931,19.511111111111173,-0.19109071460065952,-6.661338147750939e-16,-0.4,-0.4,2.7777777777777777,2.7777777777777777
83,0.5,False,0,0.0,True,30.555555555555554,-2.9792790238105935,-3.1111111111111596,-0.20817117218608594,0.050000000000000044,-0.5,-0.5,2.7777777777777777,2.7777777777777777,30.515555555555554,-2.008174809060111,-2.7151111111110735,0.2016462381929771,0.0,-0.5,-0.5,2.7777777777777777,2.7777777777777777
83,0.6000000000000001,True,2,0.0,True,30.435555555555556,-3.455190955215346,-3.079111111111163,-0.25201576510053414,-0.26,-0.6000000000000001,-0.6000000000000001,2.7777777777777777,2.7777777777777777,30.555555555555554,7.542025432062371,7.999999999999969,-0.10003906822503694,-0.019999999999999574,-0.6000000000000001,-0.6000000000000001,2.7777777777777777,2.7777777777777777
83,0.7000000000000001,True,2,0.0,True,30.355555555555558,-3.3531164341675774,-3.0431111111111617,-0.2910034692158403,-0.569999999999999,-0.7000000000000001,-0.7000000000000001,2.7777777777777777,2.7777777777777777,30.555555555555554,18.987334580480873,19.111111111111082,0.18391796758183165,-0.009999999999999343,-0.7000000000000001,-0.7000000000000001,2.7777777777777777,2.7777777777777777
83,0.8,True,2,0.0,True,28.810555555555563,-2.70333991337242,-3.2801111111110712,-0.8997718536151613,-0.9600000000000013,-0.8,-0.8,2.7777777777777777,2.7777777777777777,30.515555555555554,26.82788683255765,27.44844444444443,0.3655384249819793,-2.220446049250313e-16,-0.8,-0.8,2.7777777777777777,2.7777777777777777
83,0.9,True,2,0.0,True,29.776055555555562,-2.9473893282371817,-2.993711111111071,-1.0619936804307213,-1.279999999999998,-0.9,-0.9,2.7777777777777777,2.7777777777777777,30.555555555555554,32.703335465994755,32.999999999999986,0.2810858098179465,-0.02000000000000024,-0.9,-0.9,2.7777777777777777,2.7777777777777777
83,1.0,True,2,0.0,True,27.378761555555563,-3.6215543221673583,-3.8515405111110708,-1.343735743818048,-1.6,-1.0,-1.0,2.7777777777777777,2.7777777777777777,30.555555555555554,38.212944239594286,38.555555555555536,-0.1522827735050971,0.0,-1.0,-1.0,2.7777777777777777,2.7777777777777777
83,1.1,True,2,0.0,True,25.860173555555562,-3.716785398977012,-3.9013124888889363,-1.7592238538682075,-1.8799999999999981,-1.1,-1.1,2.7777777777777777,2.7777777777777777,30.555555555555554,41.2495788668548,41.33333333333332,0.16067741493534182,-0.0499999999999996,-1.1,-1.1,2.7777777777777777,2.7777777777777777
83,1.2000000000000002,True,2,0.0,True,25.10087955555556,-3.633318253641721,-3.3558448888889414,-1.899126583317757,-1.7999999999999998,0.0,0.0,2.7777777777777777,2.7777777777777777,30.555555555555554,43.28581614367874,44.11111111111109,0.2467833367582939,-0.07999999999999963,-1.2000000000000002,-1.2000000000000002,2.7777777777777777,2.7777777777777777
83,1.3,True,2,0.0,True,23.58229155555556,-3.5010802141014237,-3.7851007333332687,-1.5841421217928806,-1.8899999999999997,0.0,0.0,2.7777777777777777,2.7777777777777777,30.555555555555554,45.16461273686658,46.88888888888888,0.8047548580278576,-0.09000000000000008,-1.3,-1.3,2.7777777777777777,2.7777777777777777
83,1.4000000000000001,True,2,0.0,True,23.58229155555556,-3.309735008594205,-3.7851007333332687,-1.8877644392456332,-1.8999999999999986,0.0,0.0,2.7777777777777777,2.7777777777777777,30.555555555555554,48.444533959811615,49.66666666666665,0.4977307576701162,-0.08000000000000007,-1.4000000000000001,-1.4000000000000001,2.7777777777777777,2.7777777777777777
83,1.5,True,2,0.0,True,22.82299755555556,-3.866035018355933,-4.04164346666673,-1.8486234192821551,-1.7999999999999998,0.0,0.0,2.7777777777777777,2.7777777777777777,30.555555555555554,51.22350426499744,52.444444444444436,0.8884682882205803,-0.04999999999999982,-1.5,-1.5,2.7777777777777777,2.7777777777777777
83,1.6,True,2,0.0,True,22.82299755555556,-4.107132619798452,-4.04164346666673,-1.6443334926992743,-1.879999999999999,0.0,0.0,2.7777777777777777,2.7777777777777777,30.555555555555554,51.991969970035846,52.444444444444436,0.08115886494662106,-0.1599999999999997,-1.6,-1.6,2.7777777777777777,2.7777777777777777
83,1.7000000000000002,True,2,0.0,True,21.30440955555556,-2.9122234256872614,-3.558878555555512,-1.6636534780077274,-1.8300000000000005,0.0,0.0,2.7777777777777777,2.7777777777777777,30.555555555555554,55.08655222303572,55.22222222222221,0.13820334980022775,-0.09999999999999964,-1.7000000000000002,-1.7000000000000002,2.7777777777777777,2.7777777777777777
85,0.0,False,0,4.0,False,30.555555555555554,-4.05298122199311,-3.888888888888931,1.6834985066194261,1.6,0.0,0.0,2.7777777777777777,2.7777777777777777,,,,,,,,,
85,0.1,False,0,4.0,False,30.555555555555554,-3.891754629029438,-3.888888888888931,1.4057144006264939,1.2799999999999998,-0.1,-0.1,2.7777777777777777,2.7777777777777777,30.555555555555554,354.1305011332558,353.62222222222084,-0.22237683212563164,-0.00999999999999579,-0.1,-0.1,2.7777777777777777,2.7777777777777777
85,0.2,False,0,4.0,False,30.555555555555554,-4.109200642011078,-3.888888888888931,0.8411008264909507,0.9599999999999995,-0.2,-0.2,2.7777777777777777,2.7777777777777777,30.555555555555554,131.62573761818106,131.39999999999958,0.12271636821431775,-0.019999999999997353,-0.2,-0.2,2.7777777777777777,2.7777777777777777
85,0.30000000000000004,False,0,2.0333333333333328,False,30.555555555555554,-3.9938537620515318,-3.888888888888931,0.9838164016538031,0.6400000000000001,-0.30000000000000004,-0.30000000000000004,2.7777777777777777,2.7777777777777777,30.555555555555554,56.58144293495357,56.399999999999906,0.1176096806938971,-0.020000000000001572,-0.30000000000000004,-0.30000000000000004,2.7777777777777777,2.7777777777777777
85,0.4,False,0,0.6999999999999984,False,30.555555555555554,-3.8961443216835105,-3.888888888888931,0.1505554750115392,0.3199999999999994,-0.4,-0.4,2.7777777777777777,2.7777777777777777,30.555555555555554,18.213081441878384,17.511111111111173,-0.03439147038668189,-6.661338147750939e-16,-0.4,-0.4,2.7777777777777777,2.7777777777777777
85,0.5,True,1,0.0,True,30.515555555555554,-3.9846456380586686,-3.8768888888889164,-0.33629174446783594,0.0,-0.5,-0.5,2.7777777777777777,2.7777777777777777,30.515555555555554,-3.9846456380586686,-3.8768888888889164,-0.33629174446783594,0.0,-0.5,-0.5,2.7777777777777777,2.7777777777777777
85,0.6000000000000001,True,2,0.0,True,30.435555555555556,-4.233805896944378,-3.8488888888889106,-0.3315234233342297,-0.3200000000000003,-0.6000000000000001,-0.6000000000000001,2.7777777777777777,2.7777777777777777,30.515555555555554,9.30609884243712,10.007999999999978,0.1891916727806069,-0.019999999999999574,-0.6000000000000001,-0.6000000000000001,2.7777777777777777,2.7777777777777777
85,0.7000000000000001,True,2,0.0,True,30.23555555555556,-4.199513358289283,-3.728888888888906,-0.8225075372229771,-0.6399999999999988,-0.7000000000000001,-0.7000000000000001,2.7777777777777777,2.7777777777777777,30.515555555555554,20.810343504799658,21.123111111111097,0.10491913653797091,-0.009999999999999343,-0.7000000000000001,-0.7000000000000001,2.7777777777777777,2.7777777777777777
85,0.8,True,2,0.0,True,29.776055555555562,-3.573567898576999,-3.6182888888889293,-1.131106772076627,-0.9600000000000013,-0.8,-0.8,2.7777777777777777,2.7777777777777777,30.555555555555554,29.465926627940615,29.444444444444425,0.03896379316567056,-2.220446049250313e-16,-0.8,-0.8,2.7777777777777777,2.7777777777777777
85,0.9,True,2,0.0,True,29.776055555555562,-4.174689046955154,-3.6182888888889293,-1.126160818219685,-1.279999999999998,-0.9,-0.9,2.7777777777777777,2.7777777777777777,30.555555555555554,34.41223859397243,34.999999999999986,0.3841267870809495,-0.02000000000000024,-0.9,-0.9,2.7777777777777777,2.7777777777777777
85,1.0,True,2,0.0,True,26.619467555555563,-2.9362423164149076,-3.45537153333328,-1.6679472194374638,-1.6999999999999997,-1.0,-1.0,2.7777777777777777,2.7777777777777777,30.555555555555554,39.84372175889862,40.555555555555536,0.26838033395495087,0.0,-1.0,-1.0,2.7777777777777777,2.7777777777777777
85,1.1,True,2,0.0,True,25.10087955555556,-3.8400516858844354,-4.133622666666727,-1.73082017133456,-1.8799999999999981,-1.1,0.0,2.7777777777777777,2.7777777777777777,30.555555555555554,41.99090308466052,43.33333333333332,0.48224586824970794,-0.0499999999999996,-1.1,-1.1,2.7777777777777777,2.7777777777777777
85,1.2000000000000002,True,2,0.0,True,24.34158555555556,-4.296561999032934,-3.5042256666667155,-1.7088297558051802,-1.7999999999999998,0.0,0.0,2.7777777777777777,2.7777777777777777,30.555555555555554,45.78498360120174,46.11111111111109,-0.11604017911189679,-0.07999999999999963,-1.2000000000000002,-1.2000000000000002,2.7777777777777777,2.7777777777777777
85,1.3,True,2,0.0,True,22.82299755555556,-3.586660684305545,-3.788578755555508,-1.7919931464005077,-1.8899999999999997,0.0,0.0,2.7777777777777777,2.7777777777777777,30.515555555555554,48.41801606790653,48.89288888888888,0.02011896555079029,-0.09000000000000008,-1.3,-1.3,2.7777777777777777,2.7777777777777777
85,1.4000000000000001,True,2,0.0,True,22.82299755555556,-3.670105343381212,-3.7965787555555037,-1.753031613782269,-1.8999999999999986,0.0,0.0,2.7777777777777777,2.7777777777777777,30.555555555555554,51.73016969440376,51.66666666666665,-0.04985439482932397,-0.08000000000000007,-1.4000000000000001,-1.4000000000000001,2.7777777777777777,2.7777777777777777
85,1.5,True,2,0.0,True,22.82299755555556,-3.3425666444445055,-3.7805787555554984,-1.8368098985293748,-1.7999999999999998,0.0,0.0,2.7777777777777777,2.7777777777777777,30.555555555555554,53.891794087624596,54.444444444444436,0.3198633447952459,-0.04999999999999982,-1.5,-1.5,2.7777777777777777,2.7777777777777777
85,1.6,True,2,0.0,True,22.06370355555556,-4.046614804459582,-3.9702360444444933,-1.7770956829057443,-1.879999999999999,0.0,0.0,2.7777777777777777,2.7777777777777777,30.555555555555554,54.194221411859026,54.444444444444436,0.00233873283377517,-0.1599999999999997,-1.6,-1.6,2.7777777777777777,2.7777777777777777
85,1.7000000000000002,True,2,0.0,True,20.545115555555558,-2.6420067020161495,-3.7781447777777286,-1.4684148036973983,-1.8300000000000005,0.0,0.0,2.7777777777777777,2.7777777777777777,30.555555555555554,56.913551491792724,57.22222222222221,0.08340293047602154,-0.09999999999999964,-1.7000000000000002,-1.7000000000000002,2.7777777777777777,2.7777777777777777
87,0.0,False,0,4.0,False,30.555555555555554,-3.5371571211564428,-3.933333333333283,1.5598296113993801,1.6,0.0,0.0,2.7777777777777777,2.7777777777777777,,,,,,,,,
87,0.1,False,0,4.0,False,30.555555555555554,-3.7544994348548384,-3.933333333333283,1.273383366876296,1.27,-0.1,-0.1,2.7777777777777777,2.7777777777777777,30.555555555555554,352.2854340114511,351.62222222222084,-0.0410559991144086,-0.00999999999999579,-0.1,-0.1,2.7777777777777777,2.7777777777777777
87,0.2,False,0,4.0,False,30.555555555555554,-2.818096697385232,-3.933333333333283,1.1898139188939374,0.94,-0.2,-0.2,2.7777777777777777,2.7777777777777777,30.555555555555554,130.1277342002185,129.39999999999958,-0.060915999942752874,-0.019999999999997353,-0.2,-0.2,2.7777777777777777,2.7777777777777777
87,0.30000000000000004,False,0,1.9333333333333318,False,30.555555555555554,-3.5238501121619548,-3.933333333333283,0.24608997138473931,0.6099999999999999,-0.30000000000000004,-0.30000000000000004,2.7777777777777777,2.7777777777777777,30.555555555555554,54.2967356073144,54.399999999999906,0.038684585270795546,-0.020000000000001572,-0.30000000000000004,-0.30000000000000004,2.7777777777777777,2.7777777777777777
87,0.4,False,0,0.5999999999999983,False,30.555555555555554,-3.6149186053872056,-3.933333333333283,0.21014537350493123,0.27999999999999936,-0.4,-0.4,2.7777777777777777,2.7777777777777777,30.555555555555554,15.92026677308031,15.511111111111173,0.05089176438115128,-6.661338147750939e-16,-0.4,-0.4,2.7777777777777777,2.7777777777777777
87,0.5,True,1,0.0,False,30.555555555555554,-3.8080081312717367,-3.933333333333283,0.07680659953340996,-0.04999999999999982,-0.5,-0.5,2.7777777777777777,2.7777777777777777,30.555555555555554,-2.1235040786400416,-1.888888888888931,0.08129572530103335,0.0,-0.5,-0.5,2.7777777777777777,2.7777777777777777
87,0.6000000000000001,True,2,0.0,True,30.355555555555558,-4.25421142311919,-4.009333333333291,-0.31753567992510834,-0.38000000000000034,-0.6000000000000001,-0.6000000000000001,2.7777777777777777,2.7777777777777777,30.515555555555554,11.297747812980045,12.007999999999978,0.23711849158964116,-0.019999999999999574,-0.6000000000000001,-0.6000000000000001,2.7777777777777777,2.7777777777777777
87,0.7000000000000001,True,2,0.0,True,29.776055555555562,-3.224994382970695,-4.21993333333329,-0.17968721356976292,-0.7099999999999986,-0.7000000000000001,-0.7000000000000001,2.7777777777777777,2.7777777777777777,30.515555555555554,22.89708732499768,23.123111111111097,-0.1895217763126371,-0.009999999999999343,-0.7000000000000001,-0.7000000000000001,2.7777777777777777,2.7777777777777777
87,0.8,True,2,0.0,True,29.776055555555562,-3.2591518474425127,-4.2119333333332944,-0.8357089450907753,-1.0400000000000014,-0.8,-0.8,2.7777777777777777,2.7777777777777777,30.555555555555554,31.167713895588786,31.444444444444425,0.17606117648588304,-2.220446049250313e-16,-0.8,-0.8,2.7777777777777777,2.7777777777777777
87,0.9,True,2,0.0,True,28.810555555555563,-3.9178092783599565,-4.097666666666714,-1.4084333427194458,-1.3699999999999979,-0.9,-0.9,2.7777777777777777,2.7777777777777777,30.555555555555554,36.30409171481645,36.999999999999986,0.17006917521587184,-0.02000000000000024,-0.9,-0.9,2.7777777777777777,2.7777777777777777
87,1.0,True,2,0.0,True,26.619467555555563,-3.8363632189697965,-3.1486284666667244,-1.7486430606365777,-1.6999999999999997,-1.0,-1.0,2.7777777777777777,2.7777777777777777,30.555555555555554,42.45305094012766,42.555555555555536,0.2071966266051386,0.0,-1.0,-1.0,2.7777777777777777,2.7777777777777777
87,1.1,True,2,0.0,True,25.860173555555562,-3.00716026779651,-3.151131955555516,-1.8977698627669386,-1.8799999999999981,0.0,0.0,2.7777777777777777,2.7777777777777777,30.555555555555554,45.094725949851444,45.33333333333332,0.10415856966909587,-0.0499999999999996,-1.1,-1.1,2.7777777777777777,2.7777777777777777
87,1.2000000000000002,True,2,0.0,True,23.58229155555556,-3.718188246680657,-3.5926770444445024,-1.713960272250368,-1.7999999999999998,-1.2000000000000002,0.0,2.7777777777777777,2.7777777777777777,30.555555555555554,47.68323288635772,48.11111111111109,0.18280700536986183,-0.07999999999999963,-1.2000000000000002,-1.2000000000000002,2.7777777777777777,2.7777777777777777
87,1.3,True,2,0.0,True,23.58229155555556,-3.6992567742376563,-3.5886770444444975,-1.8627873209262047,-1.8899999999999997,0.0,0.0,2.7777777777777777,2.7777777777777777,30.555555555555554,50.810857759105254,50.88888888888888,0.035477650279886364,-0.09000000000000008,-1.3,-1.3,2.7777777777777777,2.7777777777777777
87,1.4000000000000001,True,2,0.0,True,19.785821555555557,-3.8271254535374792,-4.077340399999943,-1.8453914278577777,-1.8999999999999986,0.0,0.0,2.7777777777777777,2.7777777777777777,30.555555555555554,53.449137011839234,53.66666666666665,-0.2630448892960737,-0.08000000000000007,-1.4000000000000001,-1.4000000000000001,2.7777777777777777,2.7777777777777777
87,1.5,True,2,0.0,True,19.785821555555557,-3.9895428435077376,-4.077340399999943,-1.5998122852925514,-1.7999999999999998,0.0,0.0,2.7777777777777777,2.7777777777777777,30.555555555555554,55.48303274363507,56.444444444444436,0.567889877318227,-0.04999999999999982,-1.5,-1.5,2.7777777777777777,2.7777777777777777
87,1.6,True,2,0.0,True,22.06370355555556,-3.833925610609586,-3.8559861777777256,-1.8421294296880415,-1.879999999999999,0.0,0.0,2.7777777777777777,2.7777777777777777,30.555555555555554,56.047152565276996,56.444444444444436,0.5242440034218383,-0.1599999999999997,-1.6,-1.6,2.7777777777777777,2.7777777777777777
87,1.7000000000000002,True,2,0.0,True,19.785821555555557,-3.8570193767647707,-4.077340399999943,-1.464416194094559,-1.8300000000000005,0.0,0.0,2.7777777777777777,2.7777777777777777,30.555555555555554,58.45375238019066,59.22222222222221,0.25985038782213543,-0.09999999999999964,-1.7000000000000002,-1.7000000000000002,2.7777777777777777,2.7777777777777777
89,0.0,False,0,4.0,False,30.555555555555554,-3.0815976321059706,-3.1555555555555115,1.699620811300521,1.6,0.0,0.0,2.7777777777777777,2.7777777777777777,,,,,,,,,
89,0.1,False,0,4.0,False,30.555555555555554,-3.0497618067331755,-3.1555555555555115,1.260500714091227,1.2599999999999998,-0.1,-0.1,2.7777777777777777,2.7777777777777777,30.555555555555554,350.14892619960216,349.62222222222084,0.01768333516002807,-0.00999999999999579,-0.1,-0.1,2.7777777777777777,2.7777777777777777
89,0.2,False,0,4.0,False,30.555555555555554,-2.597798903836778,-3.1555555555555115,1.084254441127316,0.9199999999999995,-0.2,-0.2,2.7777777777777777,2.7777777777777777,30.555555555555554,127.35130968741011,127.3999999999996,-0.08473944670663758,-0.019999999999997353,-0.2,-0.2,2.7777777777777777,2.7777777777777777
89,0.30000000000000004,False,0,1.8333333333333324,False,30.555555555555554,-2.7301856489178844,-3.1555555555555115,0.8741571959652035,0.5799999999999996,-0.30000000000000004,-0.30000000000000004,2.7777777777777777,2.7777777777777777,30.555555555555554,52.329366271751795,52.399999999999906,-0.0454675267673188,-0.020000000000001572,-0.30000000000000004,-0.30000000000000004,2.7777777777777777,2.7777777777777777
89,0.4,False,0,0.4999999999999982,False,30.555555555555554,-2.1886816140530696,-3.1555555555555115,0.3775791471894596,0.23999999999999932,-0.4,-0.4,2.7777777777777777,2.7777777777777777,30.555555555555554,13.658657673142837,13.511111111111173,-0.06708456803227447,-6.661338147750939e-16,-0.4,-0.4,2.7777777777777777,2.7777777777777777
89,0.5,True,2,0.0,True,30.515555555555554,-2.5300536535384763,-3.175555555555536,-0.1053307680500335,-0.09999999999999987,-0.5,-0.5,2.7777777777777777,2.7777777777777777,30.515555555555554,-0.6188544209443618,0.12311111111108364,0.32374896450960033,0.0,-0.5,-0.5,2.7777777777777777,2.7777777777777777
89,0.6000000000000001,True,2,0.0,True,30.395555555555557,-2.4300669481943826,-3.2275555555555284,-0.43222406719946527,-0.4400000000000004,-0.6000000000000001,-0.6000000000000001,2.7777777777777777,2.7777777777777777,30.515555555555554,13.61925733948355,14.007999999999978,0.2275416194941795,-0.019999999999999574,-0.6000000000000001,-0.6000000000000001,2.7777777777777777,2.7777777777777777
89,0.7000000000000001,True,2,0.0,True,29.776055555555562,-3.286159671423735,-3.434155555555523,-0.4266941761306935,-0.7799999999999985,-0.7000000000000001,-0.7000000000000001,2.7777777777777777,2.7777777777777777,30.515555555555554,24.75877229568645,25.115111111111087,0.1327987943983615,-0.009999999999999343,-0.7000000000000001,-0.7000000000000001,2.7777777777777777,2.7777777777777777
89,0.8,True,2,0.0,True,28.138055555555564,-3.707919112865542,-3.9783055555555107,-0.9069411821941895,-1.1200000000000014,-0.8,-0.8,2.7777777777777777,2.7777777777777777,30.555555555555554,33.01306235305947,33.44444444444443,-0.0179804972718538,-2.220446049250313e-16,-0.8,-0.8,2.7777777777777777,2.7777777777777777
89,0.9,True,2,0.0,True,26.619467555555563,-4.096438356829128,-3.918406244444486,-1.2292944870315923,-1.4599999999999977,-0.9,-0.9,2.7777777777777777,2.7777777777777777,30.555555555555554,38.44872082274044,38.999999999999986,-0.1004616228372397,-0.02000000000000024,-0.9,-0.9,2.7777777777777777,2.7777777777777777
89,1.0,True,2,0.0,True,25.860173555555562,-4.022553569883629,-3.444868044444479,-1.6435790636945269,-1.7999999999999998,-1.0,-1.0,2.7777777777777777,2.7777777777777777,30.555555555555554,44.434133726206646,44.555555555555536,-0.06618872995796332,0.0,-1.0,-1.0,2.7777777777777777,2.7777777777777777
89,1.1,True,2,0.0,True,23.58229155555556,-3.514911694765618,-4.249545177777708,-1.8432801577296825,-1.8799999999999981,-1.1,0.0,2.7777777777777777,2.7777777777777777,30.515555555555554,47.20720833699381,47.337333333333326,-0.23785141737454896,-0.0499999999999996,-1.1,-1.1,2.7777777777777777,2.7777777777777777
89,1.2000000000000002,True,2,0.0,True,22.82299755555556,-4.155805851283989,-3.593199022222282,-1.5934090286293354,-1.7999999999999998,0.0,0.0,2.7777777777777777,2.7777777777777777,30.555555555555554,50.10376470257068,50.11111111111109,-0.037835324294236417,-0.07999999999999963,-1.2000000000000002,-1.2000000000000002,2.7777777777777777,2.7777777777777777
89,1.3,True,2,0.0,True,20.545115555555558,-3.7046784959178636,-3.5996330000000567,-1.8181466968672082,-1.8899999999999997,0.0,0.0,2.7777777777777777,2.7777777777777777,30.555555555555554,53.154562560120176,52.88888888888888,-0.08701542970513931,-0.09000000000000008,-1.3,-1.3,2.7777777777777777,2.7777777777777777
89,1.4000000000000001,False,0,0.0,False,30.555555555555554,55.79934772062672,55.66666666666665,-0.20191505039158386,-0.08000000000000007,-1.4000000000000001,-1.4000000000000001,2.7777777777777777,2.7777777777777777,30.555555555555554,55.79934772062672,55.66666666666665,-0.20191505039158386,-0.08000000000000007,-1.4000000000000001,-1.4000000000000001,2.7777777777777777,2.7777777777777777
89,1.5,False,0,0.0,False,30.555555555555554,58.37603548504476,58.444444444444436,-0.05419929423489833,-0.04999999999999982,-1.5,-1.5,2.7777777777777777,2.7777777777777777,30.555555555555554,58.37603548504476,58.444444444444436,-0.05419929423489833,-0.04999999999999982,-1.5,-1.5,2.7777777777777777,2.7777777777777777
89,1.6,False,0,0.0,False,30.555555555555554,58.44440340136146,58.444444444444436,-0.24967833584410926,-0.1599999999999997,-1.6,-1.6,2.7777777777777777,2.7777777777777777,30.555555555555554,58.44440340136146,58.444444444444436,-0.24967833584410926,-0.1599999999999997,-1.6,-1.6,2.7777777777777777,2.7777777777777777
89,1.7000000000000002,False,0,0.0,False,30.555555555555554,58.0134657390846,58.444444444444436,-0.30072983190063307,-0.2699999999999996,-1.7000000000000002,-1.7000000000000002,2.7777777777777777,2.7777777777777777,30.555555555555554,61.10310115054928,61.222222222222214,0.12195998711225853,-0.09999999999999964,-1.7000000000000002,-1.7000000000000002,2.7777777777777777,2.7777777777777777
91,0.0,False,0,4.0,False,30.555555555555554,-3.5456851471173705,-3.444444444444488,1.6505321686416967,1.6,0.0,0.0,2.7777777777777777,2.7777777777777777,,,,,,,,,
91,0.1,False,0,4.0,False,30.555555555555554,-4.281756591041957,-3.444444444444488,1.0430713037048212,1.2599999999999998,-0.1,-0.1,2.7777777777777777,2.7777777777777777,30.555555555555554,348.0067885381319,347.62222222222084,-0.19774568966252648,-0.00999999999999579,-0.1,-0.1,2.7777777777777777,2.7777777777777777
91,0.2,False,0,4.0,False,30.555555555555554,-3.9529463846339494,-3.444444444444488,0.868673303074555,0.9199999999999995,-0.2,-0.2,2.7777777777777777,2.7777777777777777,30.555555555555554,125.78829127978953,125.3999999999996,-0.005097707447426769,-0.019999999999997353,-0.2,-0.2,2.7777777777777777,2.7777777777777777
91,0.30000000000000004,False,0,1.8333333333333324,False,30.555555555555554,-4.1319514565270365,-3.444444444444488,0.594319957015037,0.5799999999999996,-0.30000000000000004,-0.30000000000000004,2.7777777777777777,2.7777777777777777,30.555555555555554,50.96680413514538,50.399999999999906,0.5020357248329437,-0.020000000000001572,-0.30000000000000004,-0.30000000000000004,2.7777777777777777,2.7777777777777777
91,0.4,False,0,0.4999999999999982,False,30.555555555555554,-3.9864423710466523,-3.444444444444488,0.45952509250369333,0.23999999999999932,-0.4,-0.4,2.7777777777777777,2.7777777777777777,30.555555555555554,12.463520157953209,11.511111111111173,0.08745689698516923,-6.661338147750939e-16,-0.4,-0.4,2.7777777777777777,2.7777777777777777
91,0.5,True,2,0.0,True,30.475555555555555,-4.066787864359344,-3.428444444444483,0.24570617076087187,-0.09999999999999987,-0.5,-0.5,2.7777777777777777,2.7777777777777777,30.515555555555554,1.9687973983996985,2.115111111111074,0.17913249854399727,0.0,-0.5,-0.5,2.7777777777777777,2.7777777777777777
91,0.6000000000000001,True,2,0.0,True,30.395555555555557,-3.419576884891714,-3.3884444444444624,-0.15344379794302543,-0.4400000000000004,-0.6000000000000001,-0.6000000000000001,2.7777777777777777,2.7777777777777777,30.515555555555554,15.188574058540492,16.003999999999973,0.40930746366859116,-0.019999999999999574,-0.6000000000000001,-0.6000000000000001,2.7777777777777777,2.7777777777777777
91,0.7000000000000001,True,2,0.0,True,30.06905555555556,-4.237649483194278,-3.243794444444492,-0.39098520414433335,-0.7799999999999985,-0.7000000000000001,-0.7000000000000001,2.7777777777777777,2.7777777777777777,30.555555555555554,26.70587461240697,27.111111111111082,0.11532715608223887,-0.009999999999999343,-0.7000000000000001,-0.7000000000000001,2.7777777777777777,2.7777777777777777
91,0.8,True,2,0.0,True,28.138055555555564,-2.5848562666872708,-3.1845277777777197,-1.1922254944855657,-1.2000000000000015,-0.8,-0.8,2.7777777777777777,2.7777777777777777,30.555555555555554,34.61787058994561,35.44444444444443,0.016167977152488078,-2.220446049250313e-16,-0.8,-0.8,2.7777777777777777,2.7777777777777777
91,0.9,True,2,0.0,True,26.619467555555563,-3.445548009698828,-3.899815977777723,-1.403192602322738,-1.5499999999999976,-0.9,-0.9,2.7777777777777777,2.7777777777777777,30.555555555555554,40.67400132610088,40.999999999999986,0.02016633068606266,-0.02000000000000024,-0.9,-0.9,2.7777777777777777,2.7777777777777777
91,1.0,True,2,0.0,True,25.10087955555556,-3.661066123016954,-3.6811782222222744,-1.7466238372661458,-1.9,-1.0,-1.0,2.7777777777777777,2.7777777777777777,30.555555555555554,46.29719946909656,46.555555555555536,-0.15232397797577502,0.0,-1.0,-1.0,2.7777777777777777,2.7777777777777777
91,1.1,True,2,0.0,True,22.82299755555556,-4.1472433327271885,-4.233023199999923,-1.7767026269731,-1.8799999999999981,0.0,0.0,2.7777777777777777,2.7777777777777777,30.555555555555554,49.244749397019966,49.33333333333332,-0.10030928425772379,-0.0499999999999996,-1.1,-1.1,2.7777777777777777,2.7777777777777777
91,1.2000000000000002,True,2,0.0,True,22.06370355555556,-3.677984158835744,-3.517791600000055,-1.7866955357113485,-1.7999999999999998,0.0,0.0,2.7777777777777777,2.7777777777777777,30.555555555555554,51.84921920954489,52.11111111111109,-0.20987824791538867,-0.07999999999999963,-1.2000000000000002,-1.2000000000000002,2.7777777777777777,2.7777777777777777
91,1.3,True,2,0.0,True,20.545115555555558,-4.129888710543116,-4.2225892222221715,-1.7546638893273525,-1.8899999999999997,0.0,0.0,2.7777777777777777,2.7777777777777777,30.555555555555554,54.29538806164192,54.88888888888888,0.1533027109627545,-0.09000000000000008,-1.3,-1.3,2.7777777777777777,2.7777777777777777
91,1.4000000000000001,True,2,0.0,True,20.545115555555558,-3.1733294177283,-4.2225892222221715,-1.8595844468808673,-1.8999999999999986,0.0,0.0,2.7777777777777777,2.7777777777777777,30.555555555555554,56.62013564096197,57.66666666666665,0.7726328370869391,-0.08000000000000007,-1.4000000000000001,-1.4000000000000001,2.7777777777777777,2.7777777777777777
91,1.5,False,0,0.0,False,30.555555555555554,66.05080265573655,65.99999999999999,-0.026310070467749913,0.25,-1.5,-1.5,2.7777777777777777,2.7777777777777777,,,,,,,,,
91,1.6,False,0,0.0,False,30.555555555555554,60.11576906804085,60.44444444444444,-0.06054769043358199,-0.1599999999999997,-1.6,-1.6,2.7777777777777777,2.7777777777777777,30.555555555555554,60.11576906804085,60.44444444444444,-0.06054769043358199,-0.1599999999999997,-1.6,-1.6,2.7777777777777777,2.7777777777777777
91,1.7000000000000002,False,0,0.0,False,30.555555555555554,66.02485938724006,65.99999999999999,-0.010910642661655201,0.07000000000000028,-1.7000000000000002,-1.7000000000000002,2.7777777777777777,2.7777777777777777,,,,,,,,,
93,0.0,False,0,4.0,False,30.555555555555554,-3.7861261275030698,-4.222222222222274,1.8702316659686167,1.6,0.0,0.0,2.7777777777777777,2.7777777777777777,,,,,,,,,
93,0.1,False,0,4.0,False,30.555555555555554,-3.786885947879841,-4.222222222222274,1.1238591305989245,1.25,-0.1,-0.1,2.7777777777777777,2.7777777777777777,30.555555555555554,346.1977118936699,345.62222222222084,0.15812315438966218,-0.00999999999999579,-0.1,-0.1,2.7777777777777777,2.7777777777777777
93,0.2,False,0,4.0,False,30.555555555555554,-3.5171849220686964,-4.222222222222274,1.0533485786019319,0.8999999999999999,-0.2,-0.2,2.7777777777777777,2.7777777777777777,30.555555555555554,124.3063010131827,123.3999999999996,-0.3962396785295863,-0.019999999999997353,-0.2,-0.2,2.7777777777777777,2.7777777777777777
93,0.30000000000000004,False,0,1.7333333333333316,False,30.555555555555554,-4.040001762155842,-4.222222222222274,0.32548718086275974,0.5499999999999998,-0.30000000000000004,-0.30000000000000004,2.7777777777777777,2.7777777777777777,30.555555555555554,49.368140314849725,48.399999999999906,0.07450300004700483,-0.020000000000001572,-0.30000000000000004,-0.30000000000000004,2.7777777777777777,2.7777777777777777
93,0.4,False,0,0.39999999999999813,False,30.555555555555554,-4.0726234155201295,-4.222222222222274,0.5267707125260661,0.1999999999999993,-0.4,-0.4,2.7777777777777777,2.7777777777777777,30.555555555555554,9.92721661754798,9.511111111111173,-0.1778894078595401,-6.661338147750939e-16,-0.4,-0.4,2.7777777777777777,2.7777777777777777
93,0.5,True,2,0.0,True,30.435555555555556,-3.6124767151773254,-4.194222222222268,-0.12897562776813132,-0.1499999999999999,-0.5,-0.5,2.7777777777777777,2.7777777777777777,30.515555555555554,3.8944948094771066,4.115111111111074,0.13674112694203133,0.0,-0.5,-0.5,2.7777777777777777,2.7777777777777777
93,0.6000000000000001,True,2,0.0,True,30.355555555555558,-3.1620302183511795,-4.162222222222272,0.14564013265988196,-0.5000000000000004,-0.6000000000000001,-0.6000000000000001,2.7777777777777777,2.7777777777777777,30.555555555555554,17.62396579934848,17.999999999999968,0.14547297504552548,-0.019999999999999574,-0.6000000000000001,-0.6000000000000001,2.7777777777777777,2.7777777777777777
93,0.7000000000000001,True,2,0.0,True,29.776055555555562,-4.238229699554313,-3.9356222222222668,-0.5808230239685814,-0.8499999999999983,-0.7000000000000001,-0.7000000000000001,2.7777777777777777,2.7777777777777777,30.555555555555554,29.252699447079404,29.111111111111082,-0.27975508559079265,-0.009999999999999343,-0.7000000000000001,-0.7000000000000001,2.7777777777777777,2.7777777777777777
93,0.8,True,2,0.0,True,28.138055555555564,-4.210927598049966,-3.4034722222222653,-1.160873136971479,-1.2000000000000015,-0.8,-0.8,2.7777777777777777,2.7777777777777777,30.515555555555554,36.43501997814148,37.44844444444443,0.18707881586199715,-2.220446049250313e-16,-0.8,-0.8,2.7777777777777777,2.7777777777777777
93,0.9,True,2,0.0,True,25.10087955555556,-3.4539364078244033,-4.137043999999935,-1.3906684476560978,-1.6399999999999975,-0.9,-0.9,2.7777777777777777,2.7777777777777777,30.555555555555554,42.770092916910855,42.999999999999986,-0.06585850618438815,-0.02000000000000024,-0.9,-0.9,2.7777777777777777,2.7777777777777777
93,1.0,True,2,0.0,True,24.34158555555556,-4.122153439113677,-3.845559000000068,-1.8662446818402612,-1.7999999999999998,-1.0,-1.0,2.7777777777777777,2.7777777777777777,30.555555555555554,47.80330343044633,48.555555555555536,0.3715221944688758,0.0,-1.0,-1.0,2.7777777777777777,2.7777777777777777
93,1.1,True,2,0.0,True,24.34158555555556,-4.011047270255335,-3.8335590000000535,-1.842592833768679,-1.8799999999999981,0.0,0.0,2.7777777777777777,2.7777777777777777,30.555555555555554,51.25767416187309,51.33333333333332,-0.06854260329401929,-0.0499999999999996,-1.1,-1.1,2.7777777777777777,2.7777777777777777
93,1.2000000000000002,True,2,0.0,True,22.06370355555556,-3.63418971048917,-4.2964306222221635,-1.8704641175288106,-1.7999999999999998,0.0,0.0,2.7777777777777777,2.7777777777777777,30.555555555555554,53.92522551277039,54.11111111111109,0.16698933403933092,-0.07999999999999963,-1.2000000000000002,-1.2000000000000002,2.7777777777777777,2.7777777777777777
93,1.3,True,2,0.0,True,21.30440955555556,-4.083234569672402,-3.3784547777778355,-1.8751621845354163,-1.8899999999999997,0.0,0.0,2.7777777777777777,2.7777777777777777,30.555555555555554,56.10584961003482,56.88888888888888,0.3955202374712088,-0.09000000000000008,-1.3,-1.3,2.7777777777777777,2.7777777777777777
93,1.4000000000000001,True,2,0.0,True,20.545115555555558,-3.034103091780966,-3.4528114444443956,-1.7418034477070437,-1.8999999999999986,0.0,0.0,2.7777777777777777,2.7777777777777777,30.555555555555554,59.06385628247953,59.66666666666665,0.3355362747718922,-0.08000000000000007,-1.4000000000000001,-1.4000000000000001,2.7777777777777777,2.7777777777777777
93,1.5,False,0,0.0,False,30.555555555555554,62.322900048939445,62.44444444444444,-0.0077041022542603255,-0.04999999999999982,-1.5,-1.5,2.7777777777777777,2.7777777777777777,30.555555555555554,62.322900048939445,62.44444444444444,-0.0077041022542603255,-0.04999999999999982,-1.5,-1.5,2.7777777777777777,2.7777777777777777
93,1.6,False,0,0.0,False,30.555555555555554,62.082520996072205,62.44444444444444,-0.17517627691597193,-0.1599999999999997,-1.6,-1.6,2.7777777777777777,2.7777777777777777,30.555555555555554,62.082520996072205,62.44444444444444,-0.17517627691597193,-0.1599999999999997,-1.6,-1.6,2.7777777777777777,2.7777777777777777
93,1.7000000000000002,False,0,0.0,False,30.555555555555554,67.79529922261283,67.99999999999999,-0.14034822457241702,0.07000000000000028,-1.7000000000000002,-1.7000000000000002,2.7777777777777777,2.7777777777777777,,,,,,,,,
95,0.0,False,0,4.0,False,30.555555555555554,-3.5204272246978148,-3.59999999999994,1.8128001798070321,1.6,0.0,0.0,2.7777777777777777,2.7777777777777777,,,,,,,,,
95,0.1,False,0,4.0,False,30.555555555555554,-3.4929708131775667,-3.59999999999994,1.1848892922049106,1.2399999999999998,-0.1,-0.1,2.7777777777777777,2.7777777777777777,30.555555555555554,344.45601358986227,343.62222222222084,0.24247478165711334,-0.00999999999999579,-0.1,-0.1,2.7777777777777777,2.7777777777777777
95,0.2,False,0,4.0,False,30.555555555555554,-3.764085863596253,-3.59999999999994,0.8658684812159478,0.8799999999999994,-0.2,-0.2,2.7777777777777777,2.7777777777777777,30.555555555555554,122.66428512962848,121.3999999999996,-0.015271410090890836,-0.019999999999997353,-0.2,-0.2,2.7777777777777777,2.7777777777777777
95,0.30000000000000004,False,0,1.6333333333333324,False,30.555555555555554,-2.952454942927022,-3.59999999999994,0.4404185504428444,0.5199999999999996,-0.30000000000000004,-0.30000000000000004,2.7777777777777777,2.7777777777777777,30.555555555555554,46.550932071002364,46.399999999999906,-0.07081836679345921,-0.020000000000001572,-0.30000000000000004,-0.30000000000000004,2.7777777777777777,2.7777777777777777
95,0.4,False,0,0.29999999999999805,True,30.515555555555554,-3.675625656311982,-3.603999999999945,0.10630802460078081,0.15999999999999925,-0.4,-0.4,2.7777777777777777,2.7777777777777777,30.515555555555554,8.308007653624625,7.49111111111115,0.13063892798208832,-6.661338147750939e-16,-0.4,-0.4,2.7777777777777777,2.7777777777777777
95,0.5,True,2,0.0,True,30.395555555555557,-3.5963201909016247,-3.6559999999999517,-0.13149728719669262,-0.19999999999999996,-0.5,-0.5,2.7777777777777777,2.7777777777777777,30.515555555555554,5.411996136803762,6.119111111111079,-0.21935699496261352,0.0,-0.5,-0.5,2.7777777777777777,2.7777777777777777
95,0.6000000000000001,True,2,0.0,True,30.06905555555556,-3.527815606294342,-3.7926499999999406,-0.361549787806684,-0.5600000000000009,-0.6000000000000001,-0.6000000000000001,2.7777777777777777,2.7777777777777777,30.555555555555554,19.84896751269056,19.999999999999968,-0.168781025437287,-0.019999999999999574,-0.6000000000000001,-0.6000000000000001,2.7777777777777777,2.7777777777777777
95,0.7000000000000001,True,2,0.0,True,29.356555555555563,-3.959270436065583,-3.994499999999948,-1.0190130390685894,-0.9199999999999986,-0.7000000000000001,-0.7000000000000001,2.7777777777777777,2.7777777777777777,30.555555555555554,30.391897894979305,31.111111111111082,0.2588001225616492,-0.009999999999999343,-0.7000000000000001,-0.7000000000000001,2.7777777777777777,2.7777777777777777
95,0.8,True,2,0.0,True,26.619467555555563,-3.872113912473071,-3.481961800000067,-1.1774997685109727,-1.2800000000000016,-0.8,-0.8,2.7777777777777777,2.7777777777777777,30.555555555555554,39.04914371753131,39.44444444444443,0.009701674627017987,-2.220446049250313e-16,-0.8,-0.8,2.7777777777777777,2.7777777777777777
95,0.9,True,2,0.0,True,25.10087955555556,-3.2611098791432935,-3.3552662222221583,-1.8808482095395398,-1.7299999999999973,-0.9,-0.9,2.7777777777777777,2.7777777777777777,30.555555555555554,45.06221198456288,44.999999999999986,0.18880379956101434,-0.02000000000000024,-0.9,-0.9,2.7777777777777777,2.7777777777777777
95,1.0,True,2,0.0,True,23.58229155555556,-4.138776118091331,-3.9180103777778355,-1.7931885069597746,-1.7999999999999998,-1.0,0.0,2.7777777777777777,2.7777777777777777,30.555555555555554,50.28328879730828,50.555555555555536,0.10465534404424837,0.0,-1.0,-1.0,2.7777777777777777,2.7777777777777777
95,1.1,True,2,0.0,True,23.58229155555556,-4.263472153504909,-3.9260103777778452,-1.847196389695625,-1.8799999999999981,0.0,0.0,2.7777777777777777,2.7777777777777777,30.555555555555554,52.585193077039314,53.33333333333332,0.36797633785244654,-0.0499999999999996,-1.1,-1.1,2.7777777777777777,2.7777777777777777
95,1.2000000000000002,True,2,0.0,True,20.545115555555558,-3.517070205193593,-3.6680776666666217,-1.6879473626592632,-1.7999999999999998,0.0,0.0,2.7777777777777777,2.7777777777777777,30.555555555555554,55.67103380980783,56.11111111111109,0.07333604733615662,-0.07999999999999963,-1.2000000000000002,-1.2000000000000002,2.7777777777777777,2.7777777777777777
95,1.3,True,2,0.0,True,19.785821555555557,-2.4044858152076243,-3.7440070666666143,-1.841003789761946,-1.8899999999999997,0.0,0.0,2.7777777777777777,2.7777777777777777,30.555555555555554,57.99381332698943,58.88888888888888,0.40756466125684465,-0.09000000000000008,-1.3,-1.3,2.7777777777777777,2.7777777777777777
95,1.4000000000000001,False,0,0.0,False,30.555555555555554,58.53105015170288,58.88888888888888,-0.1970317771018959,-0.21999999999999975,-1.4000000000000001,-1.4000000000000001,2.7777777777777777,2.7777777777777777,30.555555555555554,61.58235678475553,61.66666666666664,0.06726439444207766,-0.08000000000000007,-1.4000000000000001,-1.4000000000000001,2.7777777777777777,2.7777777777777777
95,1.5,False,0,0.0,False,30.555555555555554,64.14637862235581,64.44444444444444,-0.029782309545504093,-0.04999999999999982,-1.5,-1.5,2.7777777777777777,2.7777777777777777,30.555555555555554,64.14637862235581,64.44444444444444,-0.029782309545504093,-0.04999999999999982,-1.5,-1.5,2.7777777777777777,2.7777777777777777
95,1.6,False,0,0.0,False,30.555555555555554,70.02320063252198,69.99999999999999,-0.13901884352465,0.16000000000000014,-1.6,-1.6,2.7777777777777777,2.7777777777777777,,,,,,,,,
95,1.7000000000000002,False,0,0.0,False,30.555555555555554,70.13534191325677,69.99999999999999,-0.05156472501404141,0.07000000000000028,-1.7000000000000002,-1.7000000000000002,2.7777777777777777,2.7777777777777777,,,,,,,,,
97,0.0,False,0,4.0,False,30.555555555555554,-3.8280607136751312,-3.0000000000000595,1.5726371769270382,1.6,0.0,0.0,2.7777777777777777,2.7777777777777777,,,,,,,,,
97,0.1,False,0,4.0,False,30.555555555555554,-4.037356443473089,-3.0000000000000595,1.3326851138749616,1.2399999999999998,-0.1,-0.1,2.7777777777777777,2.7777777777777777,30.555555555555554,341.8954342126457,341.62222222222084,0.18104185775502835,-0.00999999999999579,-0.1,-0.1,2.7777777777777777,2.7777777777777777
97,0.2,False,0,4.0,False,30.555555555555554,-3.3403499758195663,-3.0000000000000595,1.0314950744989067,0.8799999999999994,-0.2,-0.2,2.7777777777777777,2.7777777777777777,30.555555555555554,119.5952889336732,119.3999999999996,0.016265959485987525,-0.019999999999997353,-0.2,-0.2,2.7777777777777777,2.7777777777777777
97,0.30000000000000004,False,0,1.5333333333333314,False,30.555555555555554,-3.0229626298613423,-3.0000000000000595,0.48729233781043524,0.5199999999999996,-0.30000000000000004,-0.30000000000000004,2.7777777777777777,2.7777777777777777,30.555555555555554,44.203302130349485,44.399999999999906,-0.13494480756988203,-0.020000000000001572,-0.30000000000000004,-0.30000000000000004,2.7777777777777777,2.7777777777777777
97,0.4,False,0,0.19999999999999796,True,30.515555555555554,-3.0986649896764247,-2.98400000000004,0.14982052533270895,0.15999999999999925,-0.4,-0.4,2.7777777777777777,2.7777777777777777,30.515555555555554,6.2279222669093715,5.479111111111135,0.2813515430364122,-6.661338147750939e-16,-0.4,-0.4,2.7777777777777777,2.7777777777777777
97,0.5,True,2,0.0,True,30.435555555555556,-4.204506113496438,-2.9480000000000244,-0.1510701078094394,-0.19999999999999996,-0.5,-0.5,2.7777777777777777,2.7777777777777777,30.515555555555554,7.609782806512652,8.135111111111097,0.35581980225409326,0.0,-0.5,-0.5,2.7777777777777777,2.7777777777777777
97,0.6000000000000001,True,2,0.0,True,29.356555555555563,-3.040957906537389,-3.2127222222221716,-0.6466840738160353,-0.620000000000001,-0.6000000000000001,-0.6000000000000001,2.7777777777777777,2.7777777777777777,30.515555555555554,21.812030477880366,22.003999999999973,-0.12020736446711333,-0.019999999999999574,-0.6000000000000001,-0.6000000000000001,2.7777777777777777,2.7777777777777777
97,0.7000000000000001,True,2,0.0,True,28.138055555555564,-2.544420637134823,-3.6289722222221625,-0.8800509637163181,-0.9899999999999984,-0.7000000000000001,-0.7000000000000001,2.7777777777777777,2.7777777777777777,30.555555555555554,32.816706819928726,33.111111111111086,0.5003054174657495,-0.009999999999999343,-0.7000000000000001,-0.7000000000000001,2.7777777777777777,2.7777777777777777
97,0.8,True,2,0.0,True,25.860173555555562,-4.228758713505957,-3.7862013777778314,-1.5256820748891793,-1.3600000000000017,-0.8,-0.8,2.7777777777777777,2.7777777777777777,30.555555555555554,41.14977871168695,41.44444444444443,-0.02775655825408463,-2.220446049250313e-16,-0.8,-0.8,2.7777777777777777,2.7777777777777777
97,0.9,True,2,0.0,True,25.860173555555562,-4.231893487288164,-3.7862013777778314,-1.4837932871922255,-1.7299999999999973,-0.9,-0.9,2.7777777777777777,2.7777777777777777,30.555555555555554,46.80211428569626,46.999999999999986,0.2366227033064292,-0.02000000000000024,-0.9,-0.9,2.7777777777777777,2.7777777777777777
97,1.0,True,2,0.0,True,22.06370355555556,-3.611739606689457,-3.5940602666666193,-1.8003627105361415,-1.7999999999999998,0.0,0.0,2.7777777777777777,2.7777777777777777,30.555555555555554,52.13736642017391,52.555555555555536,-0.21594845269060126,0.0,-1.0,-1.0,2.7777777777777777,2.7777777777777777
97,1.1,True,2,0.0,True,21.30440955555556,-3.6198919556949702,-3.669989666666612,-1.850465480873221,-1.8799999999999981,0.0,0.0,2.7777777777777777,2.7777777777777777,30.555555555555554,55.09998112470429,55.33333333333332,0.23487483113330798,-0.0499999999999996,-1.1,-1.1,2.7777777777777777,2.7777777777777777
97,1.2000000000000002,False,0,0.0,False,30.555555555555554,55.55571604483743,55.33333333333332,-0.3889320084242125,-0.1999999999999995,-1.2000000000000002,-1.2000000000000002,2.7777777777777777,2.7777777777777777,30.555555555555554,57.743812785343316,58.11111111111109,0.07187059909632909,-0.07999999999999963,-1.2000000000000002,-1.2000000000000002,2.7777777777777777,2.7777777777777777
97,1.3,False,0,0.0,False,30.555555555555554,60.377976138509965,60.88888888888887,-0.01408458781313393,-0.09000000000000008,-1.3,-1.3,2.7777777777777777,2.7777777777777777,30.555555555555554,60.377976138509965,60.88888888888887,-0.01408458781313393,-0.09000000000000008,-1.3,-1.3,2.7777777777777777,2.7777777777777777
97,1.4000000000000001,False,0,0.0,False,30.555555555555554,57.862794653467226,58.11111111111109,-0.3485619818070762,-0.35999999999999965,-1.4000000000000001,-1.4000000000000001,2.7777777777777777,2.7777777777777777,30.555555555555554,63.37064861109734,63.66666666666664,0.0762124405411293,-0.08000000000000007,-1.4000000000000001,-1.4000000000000001,2.7777777777777777,2.7777777777777777
97,1.5,False,0,0.0,False,30.555555555555554,63.65744735789674,63.66666666666664,-0.3654308317251005,-0.19999999999999996,-1.5,-1.5,2.7777777777777777,2.7777777777777777,30.555555555555554,66.19569402637246,66.44444444444444,0.21961958264864778,-0.04999999999999982,-1.5,-1.5,2.7777777777777777,2.7777777777777777
97,1.6,False,0,0.0,False,30.555555555555554,69.5028161833968,69.22222222222221,-0.010287242746370495,2.220446049250313e-16,-1.6,-1.6,2.7777777777777777,2.7777777777777777,,,,,,,,,
97,1.7000000000000002,False,0,0.0,False,30.555555555555554,68.93116124036412,69.22222222222221,-0.10355369701244221,-0.09999999999999964,-1.7000000000000002,-1.7000000000000002,2.7777777777777777,2.7777777777777777,30.555555555555554,68.93116124036412,69.22222222222221,-0.10355369701244221,-0.09999999999999964,-1.7000000000000002,-1.7000000000000002,2.7777777777777777,2.7777777777777777
99,0.0,False,0,4.0,False,30.555555555555554,-3.929642802940381,-3.777777777777831,1.596906593433721,1.6,0.0,0.0,2.7777777777777777,2.7777777777777777,,,,,,,,,
99,0.1,False,0,4.0,False,30.555555555555554,-3.8513769390108505,-3.777777777777831,1.2651565078255373,1.23,-0.1,-0.1,2.7777777777777777,2.7777777777777777,30.555555555555554,339.8061926645106,339.62222222222084,0.0028896309429176092,-0.00999999999999579,-0.1,-0.1,2.7777777777777777,2.7777777777777777
99,0.2,False,0,4.0,False,30.555555555555554,-4.174615922894662,-3.777777777777831,0.7811104152568462,0.8599999999999999,-0.2,-0.2,2.7777777777777777,2.7777777777777777,30.555555555555554,117.45968738507824,117.3999999999996,-0.09136755694580123,-0.019999999999997353,-0.2,-0.2,2.7777777777777777,2.7777777777777777
99,0.30000000000000004,False,0,1.5333333333333314,False,30.555555555555554,-4.0708941819495434,-3.777777777777831,0.5835334712041913,0.48999999999999977,-0.30000000000000004,-0.30000000000000004,2.7777777777777777,2.7777777777777777,30.555555555555554,43.174594067537,42.399999999999906,0.10678025942374791,-0.020000000000001572,-0.30000000000000004,-0.30000000000000004,2.7777777777777777,2.7777777777777777
99,0.4,False,0,0.19999999999999796,False,30.555555555555554,-4.290914651824283,-3.777777777777831,0.13105321067620013,0.11999999999999922,-0.4,-0.4,2.7777777777777777,2.7777777777777777,30.555555555555554,4.083820488396694,3.511111111111174,0.0031038633014390804,-6.661338147750939e-16,-0.4,-0.4,2.7777777777777777,2.7777777777777777
99,0.5,True,2,0.0,True,30.435555555555556,-4.258034586457302,-3.7417777777778296,-0.14809790249657961,-0.25,-0.5,-0.5,2.7777777777777777,2.7777777777777777,30.555555555555554,9.827867953150754,10.111111111111068,0.05133956753768021,0.0,-0.5,-0.5,2.7777777777777777,2.7777777777777777
99,0.6000000000000001,True,2,0.0,True,30.27555555555556,-4.177583016425049,-3.661777777777817,-0.3424645235979742,-0.620000000000001,-0.6000000000000001,-0.6000000000000001,2.7777777777777777,2.7777777777777777,30.555555555555554,23.903677773213982,23.999999999999968,0.05292808682261452,-0.019999999999999574,-0.6000000000000001,-0.6000000000000001,2.7777777777777777,2.7777777777777777
99,0.7000000000000001,True,2,0.0,True,28.810555555555563,-3.660900751383113,-3.1847777777778274,-0.9474038141880887,-0.9899999999999984,-0.7000000000000001,-0.7000000000000001,2.7777777777777777,2.7777777777777777,30.515555555555554,34.46581902170668,35.11511111111109,0.25521072502397457,-0.009999999999999343,-0.7000000000000001,-0.7000000000000001,2.7777777777777777,2.7777777777777777
99,0.8,True,2,0.0,True,26.619467555555563,-3.07145995502768,-3.5664826444443802,-1.3403160339191857,-1.4400000000000017,-0.8,-0.8,2.7777777777777777,2.7777777777777777,30.555555555555554,42.82140018735663,43.44444444444443,0.10363322210551162,-2.220446049250313e-16,-0.8,-0.8,2.7777777777777777,2.7777777777777777
99,0.9,True,2,0.0,True,25.10087955555556,-4.235624564174162,-4.018511555555622,-1.7584854844585003,-1.8199999999999972,-0.9,-0.9,2.7777777777777777,2.7777777777777777,30.555555555555554,48.727196731614995,48.999999999999986,0.14481984859973895,-0.02000000000000024,-0.9,-0.9,2.7777777777777777,2.7777777777777777
99,1.0,False,0,0.0,False,30.555555555555554,57.26618345657311,57.33333333333332,-0.06715539631455592,0.10000000000000009,-1.0,-1.0,2.7777777777777777,2.7777777777777777,,,,,,,,,
99,1.1,False,0,0.0,False,30.555555555555554,59.97413582379916,60.1111111111111,-0.08433006438034574,0.0600000000000005,-1.1,-1.1,2.7777777777777777,2.7777777777777777,,,,,,,,,
99,1.2000000000000002,True,2,0.0,True,20.545115555555558,-3.6149215857886956,-3.8892558888888287,-1.6480645073350286,-1.7999999999999998,0.0,0.0,2.7777777777777777,2.7777777777777777,30.555555555555554,60.07302207903025,60.1111111111111,0.17179673595552147,-0.07999999999999963,-1.2000000000000002,-1.2000000000000002,2.7777777777777777,2.7777777777777777
99,1.3,False,0,0.0,False,30.555555555555554,56.683072364125316,57.33333333333332,-0.15158426028518712,-0.3500000000000003,-1.3,-1.3,2.7777777777777777,2.7777777777777777,30.555555555555554,62.807143803106285,62.88888888888887,0.028385655153650324,-0.09000000000000008,-1.3,-1.3,2.7777777777777777,2.7777777777777777
99,1.4000000000000001,False,0,0.0,False,30.555555555555554,56.60763120277587,57.33333333333332,-0.24707379571169574,-0.49999999999999956,-1.4000000000000001,-1.4000000000000001,2.7777777777777777,2.7777777777777777,30.555555555555554,64.53537863891931,65.66666666666664,0.5019937430264303,-0.08000000000000007,-1.4000000000000001,-1.4000000000000001,2.7777777777777777,2.7777777777777777
99,1.5,False,0,0.0,False,30.555555555555554,62.406968927117404,62.88888888888887,-0.13773413881709384,-0.34999999999999987,-1.5,-1.5,2.7777777777777777,2.7777777777777777,30.555555555555554,67.65787449547408,68.44444444444444,0.27664353782127815,-0.04999999999999982,-1.5,-1.5,2.7777777777777777,2.7777777777777777
99,1.6,False,0,0.0,False,30.555555555555554,65.54666995846178,65.66666666666664,-0.26578721523105986,-0.31999999999999984,-1.6,-1.6,2.7777777777777777,2.7777777777777777,30.555555555555554,67.95916239832316,68.44444444444444,0.27115428813835774,-0.1599999999999997,-1.6,-1.6,2.7777777777777777,2.7777777777777777
99,1.7000000000000002,False,0,0.0,False,30.555555555555554,65.7349481853155,65.66666666666664,-0.6423116766231927,-0.4399999999999995,-1.7000000000000002,-1.7000000000000002,2.7777777777777777,2.7777777777777777,30.555555555555554,70.57910309094468,71.22222222222221,0.12791112489464185,-0.09999999999999964,-1.7000000000000002,-1.7000000000000002,2.7777777777777777,2.7777777777777777
101,0.0,False,0,4.0,False,30.555555555555554,-3.2528798427832752,-4.044444444444383,1.6518331577202914,1.6,0.0,0.0,2.7777777777777777,2.7777777777777777,,,,,,,,,
101,0.1,False,0,4.0,False,30.555555555555554,-4.040485003875008,-4.044444444444383,1.1521242706421688,1.2199999999999998,-0.1,-0.1,2.7777777777777777,2.7777777777777777,30.555555555555554,338.3655859629127,337.62222222222084,-0.042545473496324204,-0.00999999999999579,-0.1,-0.1,2.7777777777777777,2.7777777777777777
101,0.2,False,0,4.0,False,30.555555555555554,-3.300422782042136,-4.044444444444383,0.8501466792891264,0.8399999999999994,-0.2,-0.2,2.7777777777777777,2.7777777777777777,30.555555555555554,115.67423043841775,115.3999999999996,-0.03693779256521368,-0.019999999999997353,-0.2,-0.2,2.7777777777777777,2.7777777777777777
101,0.30000000000000004,False,0,1.4333333333333307,False,30.555555555555554,-3.927802494676217,-4.044444444444383,0.4788818637781307,0.4599999999999995,-0.30000000000000004,-0.30000000000000004,2.7777777777777777,2.7777777777777777,30.555555555555554,40.55244636887265,40.399999999999906,-0.09289591219460913,-0.020000000000001572,-0.30000000000000004,-0.30000000000000004,2.7777777777777777,2.7777777777777777
101,0.4,False,0,0.09999999999999787,False,30.555555555555554,-3.794102634813018,-4.044444444444383,0.23737381657264667,0.07999999999999918,-0.4,-0.4,2.7777777777777777,2.7777777777777777,30.555555555555554,1.510304385776391,1.5111111111111741,-0.18023659145348403,-6.661338147750939e-16,-0.4,-0.4,2.7777777777777777,2.7777777777777777
101,0.5,True,2,0.0,True,30.395555555555557,-4.199652337578956,-4.136444444444382,-0.5029427362875116,-0.2999999999999998,-0.5,-0.5,2.7777777777777777,2.7777777777777777,30.475555555555555,11.238300793056734,12.135111111111069,0.10785826443397362,0.0,-0.5,-0.5,2.7777777777777777,2.7777777777777777
101,0.6000000000000001,True,2,0.0,True,30.23555555555556,-3.5301800743474585,-4.200444444444389,-0.5792810153963286,-0.680000000000001,-0.6000000000000001,-0.6000000000000001,2.7777777777777777,2.7777777777777777,30.555555555555554,25.556252589538456,25.999999999999968,0.06600611486414976,-0.019999999999999574,-0.6000000000000001,-0.6000000000000001,2.7777777777777777,2.7777777777777777
101,0.7000000000000001,True,2,0.0,True,28.810555555555563,-3.7493991905038966,-3.986555555555614,-0.9411299739286303,-1.0599999999999983,-0.7000000000000001,-0.7000000000000001,2.7777777777777777,2.7777777777777777,30.555555555555554,35.790055949955104,37.111111111111086,0.3076793457676743,-0.009999999999999343,-0.7000000000000001,-0.7000000000000001,2.7777777777777777,2.7777777777777777
101,0.8,True,2,0.0,True,25.860173555555562,-3.0249900954913924,-3.2542430666666062,-1.3219070239301567,-1.5200000000000018,-0.8,-0.8,2.7777777777777777,2.7777777777777777,30.555555555555554,44.44639735211325,45.44444444444443,0.3174019385811606,-2.220446049250313e-16,-0.8,-0.8,2.7777777777777777,2.7777777777777777
101,0.9,True,2,0.0,True,24.34158555555556,-4.044053776249373,-4.178892333333397,-1.8862067580401742,-1.8900000000000028,-0.9,-0.9,2.7777777777777777,2.7777777777777777,30.555555555555554,50.21130084847641,50.999999999999986,0.02867528249579654,-0.02000000000000024,-0.9,-0.9,2.7777777777777777,2.7777777777777777
101,1.0,True,2,0.0,True,19.785821555555557,-3.541149646638007,-4.188451511111043,-1.7132467640668139,-1.7999999999999998,0.0,0.0,2.7777777777777777,2.7777777777777777,30.555555555555554,56.40856113814558,56.555555555555536,0.05495715031876158,0.0,-1.0,-1.0,2.7777777777777777,2.7777777777777777
101,1.1,False,0,0.0,False,30.555555555555554,59.4288135859556,59.33333333333332,-0.02709654301238662,-0.0499999999999996,-1.1,-1.1,2.7777777777777777,2.7777777777777777,30.555555555555554,59.4288135859556,59.33333333333332,-0.02709654301238662,-0.0499999999999996,-1.1,-1.1,2.7777777777777777,2.7777777777777777
101,1.2000000000000002,False,0,0.0,False,30.555555555555554,56.49765970417318,56.555555555555536,-0.2592732405499103,-0.3199999999999994,-1.2000000000000002,-1.2000000000000002,2.7777777777777777,2.7777777777777777,30.555555555555554,61.887124976222495,62.1111111111111,0.37040620179793793,-0.07999999999999963,-1.2000000000000002,-1.2000000000000002,2.7777777777777777,2.7777777777777777
101,1.3,False,0,0.0,False,30.555555555555554,64.18514092324016,64.88888888888887,-0.23184424407783633,-0.09000000000000008,-1.3,-1.3,2.7777777777777777,2.7777777777777777,30.555555555555554,64.18514092324016,64.88888888888887,-0.23184424407783633,-0.09000000000000008,-1.3,-1.3,2.7777777777777777,2.7777777777777777
101,1.4000000000000001,False,0,0.0,False,30.555555555555554,65.1487067584218,64.88888888888887,-0.14708010831478302,-0.21999999999999975,-1.4000000000000001,-1.4000000000000001,2.7777777777777777,2.7777777777777777,30.555555555555554,67.34527859631605,67.66666666666664,0.02420122470177244,-0.08000000000000007,-1.4000000000000001,-1.4000000000000001,2.7777777777777777,2.7777777777777777
101,1.5,False,0,0.0,False,30.555555555555554,64.58347129704639,64.88888888888887,-0.16149701692008844,-0.34999999999999987,-1.5,-1.5,2.7777777777777777,2.7777777777777777,30.555555555555554,69.6627439308473,70.44444444444444,0.18352512978486457,-0.04999999999999982,-1.5,-1.5,2.7777777777777777,2.7777777777777777
101,1.6,False,0,0.0,False,30.555555555555554,67.59021920412606,67.66666666666664,-0.34477239116238834,-0.31999999999999984,-1.6,-1.6,2.7777777777777777,2.7777777777777777,30.555555555555554,70.10414740101704,70.44444444444444,0.08650962201233381,-0.1599999999999997,-1.6,-1.6,2.7777777777777777,2.7777777777777777
101,1.7000000000000002,False,0,0.0,False,30.555555555555554,67.56380584205961,67.66666666666664,-0.23622207812814144,-0.4399999999999995,-1.7000000000000002,-1.7000000000000002,2.7777777777777777,2.7777777777777777,30.555555555555554,72.30331275665567,73.22222222222221,0.3088114366371557,-0.09999999999999964,-1.7000000000000002,-1.7000000000000002,2.7777777777777777,2.7777777777777777
103,0.0,False,0,4.0,False,30.555555555555554,-3.1032912974473303,-3.2666666666666115,1.787082764139169,1.6,0.0,0.0,2.7777777777777777,2.7777777777777777,,,,,,,,,
103,0.1,False,0,4.0,False,30.555555555555554,-3.166450372813787,-3.2666666666666115,1.3017263186013053,1.21,-0.1,-0.1,2.7777777777777777,2.7777777777777777,30.555555555555554,335.7328382723641,335.62222222222084,-0.20103063081468298,-0.00999999999999579,-0.1,-0.1,2.7777777777777777,2.7777777777777777
103,0.2,False,0,3.999999999999999,False,30.555555555555554,-3.0467801928150946,-3.2666666666666115,0.8153798796367515,0.8199999999999998,-0.2,-0.2,2.7777777777777777,2.7777777777777777,30.555555555555554,113.50834662174229,113.3999999999996,0.034123567599183335,-0.019999999999997353,-0.2,-0.2,2.7777777777777777,2.7777777777777777
103,0.30000000000000004,False,0,1.3333333333333313,False,30.555555555555554,-2.314214434497262,-3.2666666666666115,0.6592446111576722,0.42999999999999927,-0.30000000000000004,-0.30000000000000004,2.7777777777777777,2.7777777777777777,30.555555555555554,38.671471342743175,38.399999999999906,0.2796630234611688,-0.020000000000001572,-0.30000000000000004,-0.30000000000000004,2.7777777777777777,2.7777777777777777
103,0.4,True,1,0.0,False,30.555555555555554,-2.3965772825185807,-3.2666666666666115,0.4401234012977713,0.03999999999999915,-0.4,-0.4,2.7777777777777777,2.7777777777777777,30.555555555555554,-0.048983135516766474,-0.48888888888882587,0.23470452193274793,-6.661338147750939e-16,-0.4,-0.4,2.7777777777777777,2.7777777777777777
103,0.5,True,2,0.0,True,30.355555555555558,-3.4406434124567964,-3.342666666666619,-0.24460214104720523,-0.34999999999999987,-0.5,-0.5,2.7777777777777777,2.7777777777777777,30.555555555555554,14.058521173059798,14.111111111111068,0.16279714667429346,0.0,-0.5,-0.5,2.7777777777777777,2.7777777777777777
103,0.6000000000000001,True,2,0.0,True,29.356555555555563,-3.2505337797281326,-3.66516666666661,-0.4675006354025628,-0.7400000000000011,-0.6000000000000001,-0.6000000000000001,2.7777777777777777,2.7777777777777777,30.555555555555554,27.633188636472223,27.999999999999968,-0.02376545997084123,-0.019999999999999574,-0.6000000000000001,-0.6000000000000001,2.7777777777777777,2.7777777777777777
103,0.7000000000000001,True,2,0.0,True,27.378761555555563,-3.2185168778956266,-4.17290393333339,-0.8016266436953863,-1.1299999999999981,-0.7000000000000001,-0.7000000000000001,2.7777777777777777,2.7777777777777777,30.515555555555554,39.38091957317398,39.1231111111111,-0.21465170931498068,-0.009999999999999343,-0.7000000000000001,-0.7000000000000001,2.7777777777777777,2.7777777777777777
103,0.8,True,2,0.0,True,24.34158555555556,-3.2049908530658824,-3.6633298888888133,-1.381559645134331,-1.6000000000000014,-0.8,-0.8,2.7777777777777777,2.7777777777777777,30.515555555555554,46.69668484918127,47.44844444444443,0.3144053688213022,-2.220446049250313e-16,-0.8,-0.8,2.7777777777777777,2.7777777777777777
103,0.9,True,2,0.0,True,22.82299755555556,-4.017779020063304,-3.486087911111187,-1.875207721462236,-1.8900000000000028,-0.9,0.0,2.7777777777777777,2.7777777777777777,30.555555555555554,52.68007561612377,52.999999999999986,0.16663933010723397,-0.02000000000000024,-0.9,-0.9,2.7777777777777777,2.7777777777777777
103,1.0,False,0,0.0,False,30.555555555555554,58.1092333371925,58.555555555555536,-0.015260870097404844,0.0,-1.0,-1.0,2.7777777777777777,2.7777777777777777,30.555555555555554,58.1092333371925,58.555555555555536,-0.015260870097404844,0.0,-1.0,-1.0,2.7777777777777777,2.7777777777777777
103,1.1,True,2,0.0,True,19.026527555555557,-4.151508042809897,-4.036423466666721,-1.8223055414464533,-1.8799999999999981,0.0,0.0,2.7777777777777777,2.7777777777777777,30.555555555555554,60.548600865448705,61.33333333333333,0.3695653669275458,-0.0499999999999996,-1.1,-1.1,2.7777777777777777,2.7777777777777777
103,1.2000000000000002,False,0,0.0,False,30.555555555555554,61.39055306693312,61.33333333333333,-0.4665591918521108,-0.1999999999999995,-1.2000000000000002,-1.2000000000000002,2.7777777777777777,2.7777777777777777,30.555555555555554,63.07779002502731,64.1111111111111,0.23285790695249764,-0.07999999999999963,-1.2000000000000002,-1.2000000000000002,2.7777777777777777,2.7777777777777777
103,1.3,False,0,0.0,False,30.555555555555554,63.83091268557307,64.1111111111111,-0.006550275934243954,-0.2200000000000002,-1.3,-1.3,2.7777777777777777,2.7777777777777777,30.555555555555554,66.92427807296748,66.88888888888887,0.10522017053708321,-0.09000000000000008,-1.3,-1.3,2.7777777777777777,2.7777777777777777
103,1.4000000000000001,False,0,0.0,False,30.555555555555554,69.44804513350199,69.66666666666664,-0.17887300761838332,-0.08000000000000007,-1.4000000000000001,-1.4000000000000001,2.7777777777777777,2.7777777777777777,30.555555555555554,69.44804513350199,69.66666666666664,-0.17887300761838332,-0.08000000000000007,-1.4000000000000001,-1.4000000000000001,2.7777777777777777,2.7777777777777777
103,1.5,False,0,0.0,False,30.555555555555554,66.67870652172665,66.88888888888887,-0.3330610725905656,-0.34999999999999987,-1.5,-1.5,2.7777777777777777,2.7777777777777777,30.555555555555554,72.33383591546307,72.44444444444444,0.3038837356614761,-0.04999999999999982,-1.5,-1.5,2.7777777777777777,2.7777777777777777
103,1.6,False,0,0.0,False,30.555555555555554,69.3064409819002,69.66666666666664,-0.21296328268145492,-0.31999999999999984,-1.6,-1.6,2.7777777777777777,2.7777777777777777,30.555555555555554,72.08728340798898,72.44444444444444,0.13217069185442387,-0.1599999999999997,-1.6,-1.6,2.7777777777777777,2.7777777777777777
103,1.7000000000000002,False,0,0.0,False,30.555555555555554,78.06785802092075,77.99999999999999,-0.008111805169173758,0.07000000000000028,-1.7000000000000002,-1.7000000000000002,2.7777777777777777,2.7777777777777777,,,,,,,,,
105,0.0,False,0,4.0,False,30.555555555555554,-3.6211226252064703,-3.333333333333388,1.6362185739272666,1.6,0.0,0.0,2.7777777777777777,2.7777777777777777,,,,,,,,,
105,0.1,False,0,4.0,False,30.555555555555554,-3.820931507478977,-3.333333333333388,1.2583925189882792,1.21,-0.1,-0.1,2.7777777777777777,2.7777777777777777,30.555555555555554,333.42674885360674,333.62222222222084,-0.006480782404844065,-0.00999999999999579,-0.1,-0.1,2.7777777777777777,2.7777777777777777
105,0.2,False,0,3.999999999999999,False,30.555555555555554,-4.218191844860828,-3.333333333333388,0.8858350572218527,0.8199999999999998,-0.2,-0.2,2.7777777777777777,2.7777777777777777,30.555555555555554,112.36862721604417,111.3999999999996,0.27866783271562534,-0.019999999999997353,-0.2,-0.2,2.7777777777777777,2.7777777777777777
105,0.30000000000000004,False,0,1.3333333333333313,False,30.555555555555554,-3.480070281281516,-3.333333333333388,0.27064596038553157,0.42999999999999927,-0.30000000000000004,-0.30000000000000004,2.7777777777777777,2.7777777777777777,30.555555555555554,36.469701427122274,36.399999999999906,-0.12178088178703406,-0.020000000000001572,-0.30000000000000004,-0.30000000000000004,2.7777777777777777,2.7777777777777777
105,0.4,True,1,0.0,True,30.515555555555554,-3.702073646147272,-3.329333333333383,0.1183062781947064,0.03999999999999915,-0.4,-0.4,2.7777777777777777,2.7777777777777777,30.515555555555554,-2.5242503304192807,-2.4968888888888356,-0.11080388044867884,-6.661338147750939e-16,-0.4,-0.4,2.7777777777777777,2.7777777777777777
105,0.5,True,2,0.0,True,30.31555555555556,-3.657457021461073,-3.2333333333333796,-0.2195611886342641,-0.34999999999999987,-0.5,-0.5,2.7777777777777777,2.7777777777777777,30.515555555555554,15.542333526549225,16.119111111111078,0.369214566377019,0.0,-0.5,-0.5,2.7777777777777777,2.7777777777777777
105,0.6000000000000001,True,2,0.0,True,30.06905555555556,-2.9948182376642647,-3.112683333333382,-0.4952521880572256,-0.7400000000000011,-0.6000000000000001,-0.6000000000000001,2.7777777777777777,2.7777777777777777,30.555555555555554,29.77516175637953,29.999999999999968,-0.11518012815697687,-0.019999999999999574,-0.6000000000000001,-0.6000000000000001,2.7777777777777777,2.7777777777777777
105,0.7000000000000001,True,2,0.0,True,25.860173555555562,-3.9612128315838957,-4.103534711111183,-0.9335815489700328,-1.199999999999998,-0.7000000000000001,-0.7000000000000001,2.7777777777777777,2.7777777777777777,30.515555555555554,40.73302061484617,41.119111111111096,-0.010947457917909631,-0.009999999999999343,-0.7000000000000001,-0.7000000000000001,2.7777777777777777,2.7777777777777777
105,0.8,True,2,0.0,True,22.82299755555556,-4.095725769054073,-4.247865688888967,-1.5047516705579997,-1.680000000000001,-0.8,-0.8,2.7777777777777777,2.7777777777777777,30.515555555555554,48.4513733936417,49.44844444444443,0.3230073680774064,-2.220446049250313e-16,-0.8,-0.8,2.7777777777777777,2.7777777777777777
105,0.9,True,2,0.0,True,20.545115555555558,-3.9642707089392415,-4.254299666666713,-1.6812253685150185,-1.8900000000000028,0.0,0.0,2.7777777777777777,2.7777777777777777,30.555555555555554,54.82165905852514,54.999999999999986,-0.008741698053071456,-0.02000000000000024,-0.9,-0.9,2.7777777777777777,2.7777777777777777
105,1.0,False,0,0.0,False,30.555555555555554,60.412794999371,60.55555555555553,-0.015341482987167643,0.0,-1.0,-1.0,2.7777777777777777,2.7777777777777777,30.555555555555554,60.412794999371,60.55555555555553,-0.015341482987167643,0.0,-1.0,-1.0,2.7777777777777777,2.7777777777777777
105,1.1,False,0,0.0,False,30.555555555555554,63.108771842658925,63.33333333333333,-0.049016518905505624,-0.0499999999999996,-1.1,-1.1,2.7777777777777777,2.7777777777777777,30.555555555555554,63.108771842658925,63.33333333333333,-0.049016518905505624,-0.0499999999999996,-1.1,-1.1,2.7777777777777777,2.7777777777777777
105,1.2000000000000002,False,0,0.0,False,30.555555555555554,63.392449516443335,63.33333333333333,-0.5206454852155795,-0.1999999999999995,-1.2000000000000002,-1.2000000000000002,2.7777777777777777,2.7777777777777777,30.555555555555554,65.6435732544981,66.1111111111111,0.025330997770773855,-0.07999999999999963,-1.2000000000000002,-1.2000000000000002,2.7777777777777777,2.7777777777777777
105,1.3,False,0,0.0,False,30.555555555555554,74.58961706470093,74.44444444444444,-0.09351351898848037,0.16999999999999993,-1.3,-1.3,2.7777777777777777,2.7777777777777777,,,,,,,,,
105,1.4000000000000001,False,0,0.0,False,30.555555555555554,68.87899758482651,68.88888888888887,-0.4239864802073574,-0.21999999999999975,-1.4000000000000001,-1.4000000000000001,2.7777777777777777,2.7777777777777777,30.555555555555554,71.65680822005295,71.66666666666664,0.12940837872761568,-0.08000000000000007,-1.4000000000000001,-1.4000000000000001,2.7777777777777777,2.7777777777777777
105,1.5,False,0,0.0,False,30.555555555555554,71.8975311156171,71.66666666666664,-0.23550031893236634,-0.19999999999999996,-1.5,-1.5,2.7777777777777777,2.7777777777777777,30.555555555555554,73.56797744293907,74.44444444444444,0.5444726583273427,-0.04999999999999982,-1.5,-1.5,2.7777777777777777,2.7777777777777777
105,1.6,False,0,0.0,False,30.555555555555554,76.82657842720347,77.22222222222221,-0.09455909915668204,2.220446049250313e-16,-1.6,-1.6,2.7777777777777777,2.7777777777777777,,,,,,,,,
105,1.7000000000000002,False,0,0.0,False,30.555555555555554,76.66136856197305,77.22222222222221,-0.03982222462624829,-0.09999999999999964,-1.7000000000000002,-1.7000000000000002,2.7777777777777777,2.7777777777777777,30.555555555555554,76.66136856197305,77.22222222222221,-0.03982222462624829,-0.09999999999999964,-1.7000000000000002,-1.7000000000000002,2.7777777777777777,2.7777777777777777
107,0.0,False,0,4.0,False,30.555555555555554,-4.26949814568498,-4.111111111111174,1.610215183055844,1.6,0.0,0.0,2.7777777777777777,2.7777777777777777,,,,,,,,,
107,0.1,False,0,4.0,False,30.555555555555554,-4.002481994388634,-4.111111111111174,1.199933208842951,1.1999999999999997,-0.1,-0.1,2.7777777777777777,2.7777777777777777,30.555555555555554,332.615038601247,331.62222222222084,-0.0604808979885707,-0.00999999999999579,-0.1,-0.1,2.7777777777777777,2.7777777777777777
107,0.2,False,0,3.899999999999999,False,30.555555555555554,-4.007137247212927,-4.111111111111174,0.6739311023867245,0.7999999999999998,-0.2,-0.2,2.7777777777777777,2.7777777777777777,30.555555555555554,109.50789377702004,109.3999999999996,-0.13286248612435614,-0.019999999999997353,-0.2,-0.2,2.7777777777777777,2.7777777777777777
107,0.30000000000000004,False,0,1.2333333333333305,False,30.555555555555554,-4.262188556002033,-4.111111111111174,0.9423750303726055,0.39999999999999947,-0.30000000000000004,-0.30000000000000004,2.7777777777777777,2.7777777777777777,30.555555555555554,34.67975096196828,34.399999999999906,-0.07438365358159849,-0.020000000000001572,-0.30000000000000004,-0.30000000000000004,2.7777777777777777,2.7777777777777777
107,0.4,True,2,0.0,False,30.555555555555554,-4.291609738823769,-4.111111111111174,0.3558582852835195,-6.661338147750939e-16,-0.4,-0.4,2.7777777777777777,2.7777777777777777,30.555555555555554,-4.291609738823769,-4.111111111111174,0.3558582852835195,-6.661338147750939e-16,-0.4,-0.4,2.7777777777777777,2.7777777777777777
107,0.5,True,2,0.0,True,30.31555555555556,-3.715475559384404,-4.01511111111117,-0.2637549784027575,-0.3999999999999999,-0.5,-0.5,2.7777777777777777,2.7777777777777777,30.555555555555554,17.48167379173017,18.111111111111068,0.09607810536538186,0.0,-0.5,-0.5,2.7777777777777777,2.7777777777777777
107,0.6000000000000001,True,2,0.0,True,29.356555555555563,-3.644830569173183,-3.7126111111111753,-0.9527953788391368,-0.8000000000000012,-0.6000000000000001,-0.6000000000000001,2.7777777777777777,2.7777777777777777,30.555555555555554,31.662078211575913,31.999999999999968,0.12289505585641125,-0.019999999999999574,-0.6000000000000001,-0.6000000000000001,2.7777777777777777,2.7777777777777777
107,0.7000000000000001,True,2,0.0,True,25.860173555555562,-3.313846279214448,-3.698687511111035,-1.1933219047906896,-1.2699999999999982,-0.7000000000000001,-0.7000000000000001,2.7777777777777777,2.7777777777777777,30.555555555555554,43.1818236281933,43.111111111111086,0.28379020724841864,-0.009999999999999343,-0.7000000000000001,-0.7000000000000001,2.7777777777777777,2.7777777777777777
107,0.8,True,2,0.0,True,22.06370355555556,-3.9733385406646162,-4.188458266666731,-1.3519471715550853,-1.7600000000000007,-0.8,-0.8,2.7777777777777777,2.7777777777777777,30.555555555555554,51.07625299257751,51.44444444444443,-0.00530165255070103,-2.220446049250313e-16,-0.8,-0.8,2.7777777777777777,2.7777777777777777
107,0.9,True,2,0.0,True,22.06370355555556,-4.2100634799289365,-4.192458266666736,-1.8343426728467036,-1.8900000000000028,0.0,0.0,2.7777777777777777,2.7777777777777777,30.555555555555554,56.7292236112751,56.999999999999986,0.25535933365417396,-0.02000000000000024,-0.9,-0.9,2.7777777777777777,2.7777777777777777
107,1.0,False,0,0.0,False,30.555555555555554,59.80329675107215,59.77777777777776,-0.12355972375192814,-0.09999999999999987,-1.0,-1.0,2.7777777777777777,2.7777777777777777,30.555555555555554,61.28430266765524,62.55555555555553,0.7261932736432946,0.0,-1.0,-1.0,2.7777777777777777,2.7777777777777777
107,1.1,False,0,0.0,False,30.555555555555554,64.9230743755238,65.33333333333333,-0.258771355668987,-0.0499999999999996,-1.1,-1.1,2.7777777777777777,2.7777777777777777,30.555555555555554,64.9230743755238,65.33333333333333,-0.258771355668987,-0.0499999999999996,-1.1,-1.1,2.7777777777777777,2.7777777777777777
107,1.2000000000000002,False,0,0.0,False,30.555555555555554,65.33808021283058,65.33333333333333,-0.2524761491516938,-0.1999999999999995,-1.2000000000000002,-1.2000000000000002,2.7777777777777777,2.7777777777777777,30.555555555555554,67.56817205079143,68.1111111111111,0.17900247793022883,-0.07999999999999963,-1.2000000000000002,-1.2000000000000002,2.7777777777777777,2.7777777777777777
107,1.3,False,0,0.0,False,30.555555555555554,64.68451162756527,65.33333333333333,-0.14402101174912252,-0.3500000000000003,-1.3,-1.3,2.7777777777777777,2.7777777777777777,30.555555555555554,70.50624009715752,70.88888888888887,0.22281039615412723,-0.09000000000000008,-1.3,-1.3,2.7777777777777777,2.7777777777777777
107,1.4000000000000001,False,0,0.0,False,30.555555555555554,76.47607729525403,76.44444444444444,-0.012923144419846766,0.05999999999999983,-1.4000000000000001,-1.4000000000000001,2.7777777777777777,2.7777777777777777,,,,,,,,,
107,1.5,False,0,0.0,False,30.555555555555554,70.00545932678132,70.88888888888887,-0.13873838944325922,-0.34999999999999987,-1.5,-1.5,2.7777777777777777,2.7777777777777777,30.555555555555554,76.14364317296683,76.44444444444444,0.2477432128622028,-0.04999999999999982,-1.5,-1.5,2.7777777777777777,2.7777777777777777
107,1.6,False,0,0.0,False,30.555555555555554,73.2387869544912,73.66666666666664,-0.26668375600342165,-0.31999999999999984,-1.6,-1.6,2.7777777777777777,2.7777777777777777,30.555555555555554,75.81500805966745,76.44444444444444,0.0356852736846327,-0.1599999999999997,-1.6,-1.6,2.7777777777777777,2.7777777777777777
107,1.7000000000000002,False,0,0.0,False,30.555555555555554,76.55671813368006,76.44444444444444,-0.48901885658534994,-0.2699999999999996,-1.7000000000000002,-1.7000000000000002,2.7777777777777777,2.7777777777777777,30.555555555555554,79.11982385268503,79.22222222222221,0.0352682583847006,-0.09999999999999964,-1.7000000000000002,-1.7000000000000002,2.7777777777777777,2.7777777777777777
109,0.0,False,0,4.0,False,30.555555555555554,-2.9514731179124594,-3.71111111111104,1.8389710971012416,1.6,0.0,0.0,2.7777777777777777,2.7777777777777777,,,,,,,,,
109,0.1,False,0,4.0,False,30.555555555555554,-3.8044218716161593,-3.71111111111104,1.1045491647862056,1.19,-0.1,-0.1,2.7777777777777777,2.7777777777777777,30.555555555555554,330.4326809365253,329.62222222222084,0.055610867222684934,-0.00999999999999579,-0.1,-0.1,2.7777777777777777,2.7777777777777777
109,0.2,False,0,3.799999999999999,False,30.555555555555554,-3.4400493730397157,-3.71111111111104,0.7316972558428279,0.7799999999999998,-0.2,-0.2,2.7777777777777777,2.7777777777777777,30.555555555555554,107.96340930913051,107.3999999999996,-0.07504720801303066,-0.019999999999997353,-0.2,-0.2,2.7777777777777777,2.7777777777777777
109,0.30000000000000004,False,0,1.1333333333333313,False,30.555555555555554,-3.4012180988251144,-3.71111111111104,0.4303216794439537,0.3699999999999992,-0.30000000000000004,-0.30000000000000004,2.7777777777777777,2.7777777777777777,30.555555555555554,32.62365042399195,32.399999999999906,0.21903258187690522,-0.020000000000001572,-0.30000000000000004,-0.30000000000000004,2.7777777777777777,2.7777777777777777
109,0.4,True,2,0.0,True,30.475555555555555,-3.1477085426488456,-3.7231111111110406,0.03139711394129652,-0.04000000000000048,-0.4,-0.4,2.7777777777777777,2.7777777777777777,30.515555555555554,-2.129645429449755,-2.107111111111169,-0.028484723984148586,-6.661338147750939e-16,-0.4,-0.4,2.7777777777777777,2.7777777777777777
109,0.5,True,2,0.0,True,30.23555555555556,-3.419838605203881,-3.8791111111110324,-0.5214808718506672,-0.44999999999999973,-0.5,-0.5,2.7777777777777777,2.7777777777777777,30.475555555555555,19.336958117526333,20.12311111111107,0.17614539609607904,0.0,-0.5,-0.5,2.7777777777777777,2.7777777777777777
109,0.6000000000000001,True,2,0.0,True,28.810555555555563,-3.5837742740174034,-4.288111111111038,-0.5207248658470711,-0.8600000000000017,-0.6000000000000001,-0.6000000000000001,2.7777777777777777,2.7777777777777777,30.555555555555554,34.130193254046276,33.99999999999997,-0.2718728201484002,-0.019999999999999574,-0.6000000000000001,-0.6000000000000001,2.7777777777777777,2.7777777777777777
109,0.7000000000000001,True,2,0.0,True,27.378761555555563,-4.146297731179405,-3.7604594888889578,-1.3402099654677389,-1.2699999999999982,-0.7000000000000001,-0.7000000000000001,2.7777777777777777,2.7777777777777777,30.555555555555554,44.59387776738474,45.111111111111086,0.21435371191504338,-0.009999999999999343,-0.7000000000000001,-0.7000000000000001,2.7777777777777777,2.7777777777777777
109,0.8,True,2,0.0,True,22.06370355555556,-3.3350245200934436,-3.6377639555554735,-1.8649267409165087,-1.8400000000000003,-0.8,-0.8,2.7777777777777777,2.7777777777777777,30.555555555555554,53.01123994248175,53.44444444444443,0.22711013270999958,-2.220446049250313e-16,-0.8,-0.8,2.7777777777777777,2.7777777777777777
109,0.9,False,0,0.0,False,30.555555555555554,56.22845742023411,56.222222222222214,-0.11025409966618005,-0.1100000000000001,-0.9,-0.9,2.7777777777777777,2.7777777777777777,30.555555555555554,58.72408692065311,58.999999999999986,0.010112339835483874,-0.02000000000000024,-0.9,-0.9,2.7777777777777777,2.7777777777777777
109,1.0,False,0,0.0,False,30.555555555555554,67.2285217605177,67.33333333333333,-0.15892180953138846,0.10000000000000009,-1.0,-1.0,2.7777777777777777,2.7777777777777777,,,,,,,,,
109,1.1,False,0,0.0,False,30.555555555555554,61.627696914915546,61.77777777777776,-0.44797882741766615,-0.2699999999999998,-1.1,-1.1,2.7777777777777777,2.7777777777777777,30.555555555555554,67.48278391652902,67.33333333333333,0.04113132547684484,-0.0499999999999996,-1.1,-1.1,2.7777777777777777,2.7777777777777777
109,1.2000000000000002,False,0,0.0,False,30.555555555555554,70.07319738107346,70.1111111111111,-0.3337307222882304,-0.07999999999999963,-1.2000000000000002,-1.2000000000000002,2.7777777777777777,2.7777777777777777,30.555555555555554,70.07319738107346,70.1111111111111,-0.3337307222882304,-0.07999999999999963,-1.2000000000000002,-1.2000000000000002,2.7777777777777777,2.7777777777777777
109,1.3,False,0,0.0,False,30.555555555555554,66.83744683241791,67.33333333333333,-0.018611493856459882,-0.3500000000000003,-1.3,-1.3,2.7777777777777777,2.7777777777777777,30.555555555555554,72.49691609376076,72.88888888888887,0.07197715234394986,-0.09000000000000008,-1.3,-1.3,2.7777777777777777,2.7777777777777777
109,1.4000000000000001,False,0,0.0,False,30.555555555555554,75.21094705734014,75.66666666666664,-0.07351638106335612,-0.08000000000000007,-1.4000000000000001,-1.4000000000000001,2.7777777777777777,2.7777777777777777,30.555555555555554,75.21094705734014,75.66666666666664,-0.07351638106335612,-0.08000000000000007,-1.4000000000000001,-1.4000000000000001,2.7777777777777777,2.7777777777777777
109,1.5,False,0,0.0,False,30.555555555555554,72.66759369479185,72.88888888888887,-0.11267349290291939,-0.34999999999999987,-1.5,-1.5,2.7777777777777777,2.7777777777777777,30.555555555555554,77.96303312182171,78.44444444444444,0.323161773826548,-0.04999999999999982,-1.5,-1.5,2.7777777777777777,2.7777777777777777
109,1.6,False,0,0.0,False,30.555555555555554,75.64861997649946,75.66666666666664,-0.132087173317599,-0.31999999999999984,-1.6,-1.6,2.7777777777777777,2.7777777777777777,30.555555555555554,78.03492247856191,78.44444444444444,0.017314853700685306,-0.1599999999999997,-1.6,-1.6,2.7777777777777777,2.7777777777777777
109,1.7000000000000002,False,0,0.0,False,30.555555555555554,78.4205361516113,78.44444444444444,-0.08675331142650311,-0.2699999999999996,-1.7000000000000002,-1.7000000000000002,2.7777777777777777,2.7777777777777777,30.555555555555554,81.1870371003525,81.22222222222221,0.13180527619924431,-0.09999999999999964,-1.7000000000000002,-1.7000000000000002,2.7777777777777777,2.7777777777777777
111,0.0,False,0,4.0,False,30.555555555555554,-2.8932183711031625,-2.933333333333283,1.7139965093746659,1.6,0.0,0.0,2.7777777777777777,2.7777777777777777,,,,,,,,,
111,0.1,False,0,4.0,False,30.555555555555554,-2.55634243916015,-2.933333333333283,1.164681516006988,1.1800000000000002,-0.1,-0.1,2.7777777777777777,2.7777777777777777,30.555555555555554,327.79793693599487,327.62222222222084,0.3549459193887867,-0.00999999999999579,-0.1,-0.1,2.7777777777777777,2.7777777777777777
111,0.2,False,0,3.699999999999999,False,30.555555555555554,-2.1039023971692243,-2.933333333333283,0.8917204273550658,0.7599999999999998,-0.2,-0.2,2.7777777777777777,2.7777777777777777,30.555555555555554,105.93999215939324,105.3999999999996,0.1075237046906099,-0.019999999999997353,-0.2,-0.2,2.7777777777777777,2.7777777777777777
111,0.30000000000000004,False,0,1.0333333333333303,False,30.555555555555554,-3.0907531401946526,-2.933333333333283,0.30476775531973876,0.3399999999999994,-0.30000000000000004,-0.30000000000000004,2.7777777777777777,2.7777777777777777,30.555555555555554,30.405845270947463,30.399999999999903,0.024554080657850363,-0.020000000000001572,-0.30000000000000004,-0.30000000000000004,2.7777777777777777,2.7777777777777777
111,0.4,True,2,0.0,True,30.475555555555555,-2.3555663273215712,-2.953333333333293,-0.038254076249890634,-0.0800000000000003,-0.4,-0.4,2.7777777777777777,2.7777777777777777,30.515555555555554,-0.017542286591750944,-0.103111111111164,0.08106857297879988,-6.661338147750939e-16,-0.4,-0.4,2.7777777777777777,2.7777777777777777
111,0.5,True,2,0.0,True,30.06905555555556,-2.5410959213548834,-3.1299833333332883,-0.32376923729553986,-0.5,-0.5,-0.5,2.7777777777777777,2.7777777777777777,30.555555555555554,21.849321586248077,22.111111111111068,-0.04452257493768719,0.0,-0.5,-0.5,2.7777777777777777,2.7777777777777777
111,0.6000000000000001,True,2,0.0,True,28.810555555555563,-2.2239851070805967,-3.5183333333332767,-0.6337579831855371,-0.9200000000000017,-0.6000000000000001,-0.6000000000000001,2.7777777777777777,2.7777777777777777,30.555555555555554,34.88354324191994,35.99999999999997,0.12578843301721365,-0.019999999999999574,-0.6000000000000001,-0.6000000000000001,2.7777777777777777,2.7777777777777777
111,0.7000000000000001,True,2,0.0,True,25.860173555555562,-4.096023853223204,-3.679090266666736,-1.1171465178472328,-1.339999999999998,-0.7000000000000001,-0.7000000000000001,2.7777777777777777,2.7777777777777777,30.555555555555554,46.78519228782076,47.111111111111086,0.07070936578192222,-0.009999999999999343,-0.7000000000000001,-0.7000000000000001,2.7777777777777777,2.7777777777777777
111,0.8,True,2,0.0,True,20.545115555555558,-4.007935238492766,-3.8178552222222804,-1.7840141905158846,-1.8799999999999994,-0.8,-0.8,2.7777777777777777,2.7777777777777777,30.555555555555554,55.52294525150265,55.44444444444443,-0.10296629413516323,-2.220446049250313e-16,-0.8,-0.8,2.7777777777777777,2.7777777777777777
111,0.9,False,0,0.0,False,30.555555555555554,60.82499036508143,60.999999999999986,-0.03162704426227436,-0.02000000000000024,-0.9,-0.9,2.7777777777777777,2.7777777777777777,30.555555555555554,60.82499036508143,60.999999999999986,-0.03162704426227436,-0.02000000000000024,-0.9,-0.9,2.7777777777777777,2.7777777777777777
111,1.0,False,0,0.0,False,30.555555555555554,69.21453168674257,69.33333333333333,-0.11911004941887793,0.10000000000000009,-1.0,-1.0,2.7777777777777777,2.7777777777777777,,,,,,,,,
111,1.1,False,0,0.0,False,30.555555555555554,68.8767770367737,69.33333333333333,-0.11282185504008213,-0.0499999999999996,-1.1,-1.1,2.7777777777777777,2.7777777777777777,30.555555555555554,68.8767770367737,69.33333333333333,-0.11282185504008213,-0.0499999999999996,-1.1,-1.1,2.7777777777777777,2.7777777777777777
111,1.2000000000000002,False,0,0.0,False,30.555555555555554,71.70285552773636,72.1111111111111,-0.026401447216696905,-0.07999999999999963,-1.2000000000000002,-1.2000000000000002,2.7777777777777777,2.7777777777777777,30.555555555555554,71.70285552773636,72.1111111111111,-0.026401447216696905,-0.07999999999999963,-1.2000000000000002,-1.2000000000000002,2.7777777777777777,2.7777777777777777
111,1.3,False,0,0.0,False,30.555555555555554,76.98994947627573,77.66666666666664,-0.02792222037507619,0.039999999999999813,-1.3,-1.3,2.7777777777777777,2.7777777777777777,,,,,,,,,
111,1.4000000000000001,False,0,0.0,False,30.555555555555554,74.66903035288051,74.88888888888887,-0.18541005994330018,-0.21999999999999975,-1.4000000000000001,-1.4000000000000001,2.7777777777777777,2.7777777777777777,30.555555555555554,77.5523908686673,77.66666666666664,0.061815378914571895,-0.08000000000000007,-1.4000000000000001,-1.4000000000000001,2.7777777777777777,2.7777777777777777
111,1.5,False,0,0.0,False,30.555555555555554,74.79835196571987,74.88888888888887,-0.312470264826604,-0.34999999999999987,-1.5,-1.5,2.7777777777777777,2.7777777777777777,30.555555555555554,80.06867878265008,80.44444444444444,0.09683395592147725,-0.04999999999999982,-1.5,-1.5,2.7777777777777777,2.7777777777777777
111,1.6,False,0,0.0,False,30.555555555555554,79.77497349002196,80.44444444444444,-0.011985374591537257,-0.1599999999999997,-1.6,-1.6,2.7777777777777777,2.7777777777777777,30.555555555555554,79.77497349002196,80.44444444444444,-0.011985374591537257,-0.1599999999999997,-1.6,-1.6,2.7777777777777777,2.7777777777777777
111,1.7000000000000002,False,0,0.0,False,30.555555555555554,77.46264857879275,77.66666666666664,-0.18168096229031772,-0.4399999999999995,-1.7000000000000002,-1.7000000000000002,2.7777777777777777,2.7777777777777777,30.555555555555554,82.98164002018281,83.22222222222221,0.04491979917656019,-0.09999999999999964,-1.7000000000000002,-1.7000000000000002,2.7777777777777777,2.7777777777777777
113,0.0,False,0,4.0,False,30.555555555555554,-3.8421398899172514,-3.666666666666731,1.7672265182586675,1.6,0.0,0.0,2.7777777777777777,2.7777777777777777,,,,,,,,,
113,0.1,False,0,4.0,False,30.555555555555554,-3.2461322033175746,-3.666666666666731,1.239499912440496,1.1800000000000002,-0.1,-0.1,2.7777777777777777,2.7777777777777777,30.555555555555554,325.8794407851803,325.62222222222084,-0.016470383568896185,-0.00999999999999579,-0.1,-0.1,2.7777777777777777,2.7777777777777777
113,0.2,False,0,3.699999999999999,False,30.555555555555554,-3.6626974737585156,-3.666666666666731,0.6817786520694726,0.7599999999999998,-0.2,-0.2,2.7777777777777777,2.7777777777777777,30.555555555555554,104.06326024117395,103.3999999999996,0.14250001550923352,-0.019999999999997353,-0.2,-0.2,2.7777777777777777,2.7777777777777777
113,0.30000000000000004,False,0,1.0333333333333303,False,30.555555555555554,-3.8438415266665684,-3.666666666666731,0.2939119985183569,0.3399999999999994,-0.30000000000000004,-0.30000000000000004,2.7777777777777777,2.7777777777777777,30.555555555555554,28.867668525525044,28.399999999999903,0.32867700672880185,-0.020000000000001572,-0.30000000000000004,-0.30000000000000004,2.7777777777777777,2.7777777777777777
113,0.4,True,2,0.0,True,30.475555555555555,-3.62642573415292,-3.65066666666674,0.0638934041119752,-0.0800000000000003,-0.4,-0.4,2.7777777777777777,2.7777777777777777,30.515555555555554,1.6940959218864409,1.8928888888888311,0.09660065268812068,-6.661338147750939e-16,-0.4,-0.4,2.7777777777777777,2.7777777777777777
113,0.5,True,2,0.0,True,30.27555555555556,-3.7758694532103787,-3.5386666666667166,-0.6084664588729622,-0.5,-0.5,-0.5,2.7777777777777777,2.7777777777777777,30.515555555555554,23.647249802095583,24.115111111111073,0.2798537643631356,0.0,-0.5,-0.5,2.7777777777777777,2.7777777777777777
113,0.6000000000000001,True,2,0.0,True,27.378761555555563,-2.416796539077228,-3.295984955555485,-0.5861784499302345,-0.9800000000000018,-0.6000000000000001,-0.6000000000000001,2.7777777777777777,2.7777777777777777,30.555555555555554,37.56093560683135,37.99999999999997,-0.07669480631659953,-0.019999999999999574,-0.6000000000000001,-0.6000000000000001,2.7777777777777777,2.7777777777777777
113,0.7000000000000001,True,2,0.0,True,25.10087955555556,-3.6528870361201085,-3.903400444444503,-1.1745672188042446,-1.409999999999998,-0.7000000000000001,-0.7000000000000001,2.7777777777777777,2.7777777777777777,30.555555555555554,49.25040861908424,49.111111111111086,0.08974566687843244,-0.009999999999999343,-0.7000000000000001,-0.7000000000000001,2.7777777777777777,2.7777777777777777
113,0.8,True,2,0.0,True,22.06370355555556,-4.226142649818416,-3.748013822222293,-1.8520861987425696,-1.8799999999999994,-0.8,-0.8,2.7777777777777777,2.7777777777777777,30.555555555555554,56.67797461125252,57.44444444444443,0.1265032190872457,-2.220446049250313e-16,-0.8,-0.8,2.7777777777777777,2.7777777777777777
113,0.9,False,0,0.0,False,30.555555555555554,62.88969920716529,62.999999999999986,-0.0789211572016828,-0.02000000000000024,-0.9,-0.9,2.7777777777777777,2.7777777777777777,30.555555555555554,62.88969920716529,62.999999999999986,-0.0789211572016828,-0.02000000000000024,-0.9,-0.9,2.7777777777777777,2.7777777777777777
113,1.0,False,0,0.0,False,30.555555555555554,62.839477966235606,62.999999999999986,-0.042032155846859265,-0.19999999999999996,-1.0,-1.0,2.7777777777777777,2.7777777777777777,30.555555555555554,68.69586982534038,68.55555555555553,0.32163406637655756,0.0,-1.0,-1.0,2.7777777777777777,2.7777777777777777
113,1.1,False,0,0.0,False,30.555555555555554,71.33580874215484,71.33333333333333,-0.050468272886335486,-0.0499999999999996,-1.1,-1.1,2.7777777777777777,2.7777777777777777,30.555555555555554,71.33580874215484,71.33333333333333,-0.050468272886335486,-0.0499999999999996,-1.1,-1.1,2.7777777777777777,2.7777777777777777
113,1.2000000000000002,False,0,0.0,False,30.555555555555554,73.98060911145912,74.1111111111111,-0.1670028049412906,-0.07999999999999963,-1.2000000000000002,-1.2000000000000002,2.7777777777777777,2.7777777777777777,30.555555555555554,73.98060911145912,74.1111111111111,-0.1670028049412906,-0.07999999999999963,-1.2000000000000002,-1.2000000000000002,2.7777777777777777,2.7777777777777777
113,1.3,False,0,0.0,False,30.555555555555554,70.41702542182522,71.33333333333333,-0.2620283475452929,-0.3500000000000003,-1.3,-1.3,2.7777777777777777,2.7777777777777777,30.555555555555554,76.71178791998686,76.88888888888887,0.08219117725161329,-0.09000000000000008,-1.3,-1.3,2.7777777777777777,2.7777777777777777
113,1.4000000000000001,False,0,0.0,False,30.555555555555554,79.40314212900715,79.66666666666664,-0.08911838153265417,-0.08000000000000007,-1.4000000000000001,-1.4000000000000001,2.7777777777777777,2.7777777777777777,30.555555555555554,79.40314212900715,79.66666666666664,-0.08911838153265417,-0.08000000000000007,-1.4000000000000001,-1.4000000000000001,2.7777777777777777,2.7777777777777777
113,1.5,False,0,0.0,False,30.555555555555554,73.34099261794138,74.1111111111111,-0.4042391438186239,-0.5,-1.5,-1.5,2.7777777777777777,2.7777777777777777,30.555555555555554,81.83112042505907,82.44444444444444,0.023885902645730095,-0.04999999999999982,-1.5,-1.5,2.7777777777777777,2.7777777777777777
113,1.6,False,0,0.0,False,30.555555555555554,87.93122363804387,87.99999999999999,-0.056811352614576816,0.16000000000000014,-1.6,-1.6,2.7777777777777777,2.7777777777777777,,,,,,,,,
113,1.7000000000000002,False,0,0.0,False,30.555555555555554,88.16914645241825,87.99999999999999,-0.16571783506376958,0.07000000000000028,-1.7000000000000002,-1.7000000000000002,2.7777777777777777,2.7777777777777777,,,,,,,,,
115,0.0,False,0,4.0,False,30.555555555555554,-3.4727746466670224,-4.155555555555526,1.5214783172841169,1.6,0.0,0.0,2.7777777777777777,2.7777777777777777,,,,,,,,,
115,0.1,False,0,4.0,False,30.555555555555554,-3.7199943152563035,-4.155555555555526,1.288284462900628,1.17,-0.1,-0.1,2.7777777777777777,2.7777777777777777,30.555555555555554,324.0259651605864,323.62222222222084,0.061970912780801024,-0.00999999999999579,-0.1,-0.1,2.7777777777777777,2.7777777777777777
115,0.2,False,0,3.600000000000001,False,30.555555555555554,-3.602211578341314,-4.155555555555526,0.7244698787189083,0.7399999999999998,-0.2,-0.2,2.7777777777777777,2.7777777777777777,30.555555555555554,101.90500765602273,101.3999999999996,-0.2151492506428545,-0.019999999999997353,-0.2,-0.2,2.7777777777777777,2.7777777777777777
115,0.30000000000000004,False,0,0.9333333333333296,False,30.555555555555554,-3.755425902550928,-4.155555555555526,0.24564213360259002,0.30999999999999917,-0.30000000000000004,-0.30000000000000004,2.7777777777777777,2.7777777777777777,30.555555555555554,26.903930126008145,26.399999999999903,0.17229012286797518,-0.020000000000001572,-0.30000000000000004,-0.30000000000000004,2.7777777777777777,2.7777777777777777
115,0.4,True,2,0.0,True,30.475555555555555,-3.7402281693493533,-4.191555555555527,0.20798679811762888,-0.1200000000000001,-0.4,-0.4,2.7777777777777777,2.7777777777777777,30.515555555555554,4.19748324787204,3.9048888888888458,0.23933656834450945,-6.661338147750939e-16,-0.4,-0.4,2.7777777777777777,2.7777777777777777
115,0.5,True,2,0.0,True,30.06905555555556,-4.1365993203245806,-4.239794444444487,-0.5527418007925169,-0.5499999999999998,-0.5,-0.5,2.7777777777777777,2.7777777777777777,30.555555555555554,26.151573604860314,26.111111111111054,0.017111287325276114,0.0,-0.5,-0.5,2.7777777777777777,2.7777777777777777
115,0.6000000000000001,True,2,0.0,True,27.378761555555563,-3.2226930755948784,-3.3200150444445056,-1.0346666237790703,-0.9800000000000018,-0.6000000000000001,-0.6000000000000001,2.7777777777777777,2.7777777777777777,30.555555555555554,39.802204299883385,39.99999999999997,0.247019743578901,-0.019999999999999574,-0.6000000000000001,-0.6000000000000001,2.7777777777777777,2.7777777777777777
115,0.7000000000000001,True,2,0.0,True,23.58229155555556,-4.2928087922343705,-3.3664548222223116,-1.303953356447292,-1.4799999999999978,-0.7000000000000001,-0.7000000000000001,2.7777777777777777,2.7777777777777777,30.555555555555554,51.29238047556149,51.111111111111086,0.12368168992950768,-0.009999999999999343,-0.7000000000000001,-0.7000000000000001,2.7777777777777777,2.7777777777777777
115,0.8,False,0,0.0,False,30.555555555555554,55.74147152563991,56.66666666666664,-0.10479200754700968,-0.0800000000000003,-0.8,-0.8,2.7777777777777777,2.7777777777777777,30.555555555555554,58.54087995506511,59.44444444444443,0.6208604445490638,-2.220446049250313e-16,-0.8,-0.8,2.7777777777777777,2.7777777777777777
115,0.9,False,0,0.0,False,30.555555555555554,58.817174675148024,59.44444444444443,-0.1385910889641051,-0.19999999999999996,-0.9,-0.9,2.7777777777777777,2.7777777777777777,30.555555555555554,64.92307279780798,64.99999999999999,0.0997075862915422,-0.02000000000000024,-0.9,-0.9,2.7777777777777777,2.7777777777777777
115,1.0,False,0,0.0,False,30.555555555555554,61.82997430306368,62.222222222222214,-0.002726434898393748,-0.2999999999999998,-1.0,-1.0,2.7777777777777777,2.7777777777777777,30.555555555555554,69.81117368298423,70.55555555555553,0.21323214494715304,0.0,-1.0,-1.0,2.7777777777777777,2.7777777777777777
115,1.1,False,0,0.0,False,30.555555555555554,70.12184257186338,70.55555555555553,-0.04000868379181033,-0.1599999999999997,-1.1,-1.1,2.7777777777777777,2.7777777777777777,30.555555555555554,72.93831551922823,73.33333333333333,0.10861091479745166,-0.0499999999999996,-1.1,-1.1,2.7777777777777777,2.7777777777777777
115,1.2000000000000002,False,0,0.0,False,30.555555555555554,78.90421779772747,78.88888888888887,-0.007048305259385712,0.04000000000000026,-1.2000000000000002,-1.2000000000000002,2.7777777777777777,2.7777777777777777,,,,,,,,,
115,1.3,False,0,0.0,False,30.555555555555554,75.83764814884249,76.1111111111111,-0.23035418242134487,-0.2200000000000002,-1.3,-1.3,2.7777777777777777,2.7777777777777777,30.555555555555554,78.58439722522884,78.88888888888887,0.07798187858889505,-0.09000000000000008,-1.3,-1.3,2.7777777777777777,2.7777777777777777
115,1.4000000000000001,False,0,0.0,False,30.555555555555554,78.34400331095652,78.88888888888887,-0.07991321288234654,-0.21999999999999975,-1.4000000000000001,-1.4000000000000001,2.7777777777777777,2.7777777777777777,30.555555555555554,81.42068552183109,81.66666666666664,0.17134289119846446,-0.08000000000000007,-1.4000000000000001,-1.4000000000000001,2.7777777777777777,2.7777777777777777
115,1.5,False,0,0.0,False,30.555555555555554,81.13011615128313,81.66666666666664,-0.10657026589921714,-0.19999999999999996,-1.5,-1.5,2.7777777777777777,2.7777777777777777,30.555555555555554,84.26657336417175,84.44444444444444,0.4416692300858509,-0.04999999999999982,-1.5,-1.5,2.7777777777777777,2.7777777777777777
115,1.6,False,0,0.0,False,30.555555555555554,81.26659490431685,81.66666666666664,-0.15787468432764595,-0.31999999999999984,-1.6,-1.6,2.7777777777777777,2.7777777777777777,30.555555555555554,83.83797160454277,84.44444444444444,0.21597569679018624,-0.1599999999999997,-1.6,-1.6,2.7777777777777777,2.7777777777777777
115,1.7000000000000002,False,0,0.0,False,30.555555555555554,81.4327917304394,81.66666666666664,-0.6897740148484797,-0.4399999999999995,-1.7000000000000002,-1.7000000000000002,2.7777777777777777,2.7777777777777777,30.555555555555554,86.35952063040229,87.22222222222221,0.37905226686667604,-0.09999999999999964,-1.7000000000000002,-1.7000000000000002,2.7777777777777777,2.7777777777777777
117,0.0,False,0,4.0,False,30.555555555555554,-2.7735706997972214,-3.3777777777777542,1.6239472608984005,1.6,0.0,0.0,2.7777777777777777,2.7777777777777777,,,,,,,,,
117,0.1,False,0,4.0,False,30.555555555555554,-3.350298208006495,-3.3777777777777542,1.1926704052632906,1.1600000000000001,-0.1,-0.1,2.7777777777777777,2.7777777777777777,30.555555555555554,321.85618863343194,321.62222222222084,0.05910457271331948,-0.00999999999999579,-0.1,-0.1,2.7777777777777777,2.7777777777777777
117,0.2,False,0,3.500000000000001,False,30.555555555555554,-2.9701197136339372,-3.3777777777777542,0.8482868608756564,0.7200000000000002,-0.2,-0.2,2.7777777777777777,2.7777777777777777,30.555555555555554,99.70427705840852,99.3999999999996,0.06874553628943292,-0.019999999999997353,-0.2,-0.2,2.7777777777777777,2.7777777777777777
117,0.30000000000000004,False,0,0.8333333333333303,False,30.555555555555554,-2.9389926617075615,-3.3777777777777542,0.4171180293103771,0.2799999999999989,-0.30000000000000004,-0.30000000000000004,2.7777777777777777,2.7777777777777777,30.555555555555554,24.43813259743136,24.399999999999903,-0.06492194739046986,-0.020000000000001572,-0.30000000000000004,-0.30000000000000004,2.7777777777777777,2.7777777777777777
117,0.4,True,2,0.0,True,30.435555555555556,-2.9127341352762697,-3.4217777777777654,-0.16938635945289016,-0.16000000000000014,-0.4,-0.4,2.7777777777777777,2.7777777777777777,30.515555555555554,5.229964439275133,5.896888888888836,0.09379831348569567,-6.661338147750939e-16,-0.4,-0.4,2.7777777777777777,2.7777777777777777
117,0.5,True,2,0.0,True,29.776055555555562,-2.788198247560632,-3.6483777777777275,-0.4360931374100594,-0.6000000000000001,-0.5,-0.5,2.7777777777777777,2.7777777777777777,30.555555555555554,27.723880550119016,28.111111111111054,0.05030486704362391,0.0,-0.5,-0.5,2.7777777777777777,2.7777777777777777
117,0.6000000000000001,True,2,0.0,True,28.138055555555564,-3.7327426465661686,-4.200527777777711,-1.137502664704236,-1.0400000000000018,-0.6000000000000001,-0.6000000000000001,2.7777777777777777,2.7777777777777777,30.555555555555554,41.920506273209796,41.99999999999996,0.20711347549795578,-0.019999999999999574,-0.6000000000000001,-0.6000000000000001,2.7777777777777777,2.7777777777777777
117,0.7000000000000001,True,2,0.0,True,21.30440955555556,-4.279282924827174,-4.221545222222136,-1.459568055657944,-1.6199999999999979,-0.7000000000000001,-0.7000000000000001,2.7777777777777777,2.7777777777777777,30.555555555555554,52.0886944295916,53.111111111111086,0.2793631106891006,-0.009999999999999343,-0.7000000000000001,-0.7000000000000001,2.7777777777777777,2.7777777777777777
117,0.8,False,0,0.0,False,30.555555555555554,58.502834399066884,58.66666666666664,-0.19654376407346952,-0.0800000000000003,-0.8,-0.8,2.7777777777777777,2.7777777777777777,30.555555555555554,60.6316632676441,61.44444444444443,0.32056353577386165,-2.220446049250313e-16,-0.8,-0.8,2.7777777777777777,2.7777777777777777
117,0.9,False,0,0.0,False,30.555555555555554,60.85137583573788,61.44444444444443,-0.173455317530383,-0.19999999999999996,-0.9,-0.9,2.7777777777777777,2.7777777777777777,30.555555555555554,65.75708980244224,66.99999999999999,0.2223095535975146,-0.02000000000000024,-0.9,-0.9,2.7777777777777777,2.7777777777777777
117,1.0,False,0,0.0,False,30.555555555555554,72.43891355965435,72.55555555555553,-0.01587398444656274,0.0,-1.0,-1.0,2.7777777777777777,2.7777777777777777,30.555555555555554,72.43891355965435,72.55555555555553,-0.01587398444656274,0.0,-1.0,-1.0,2.7777777777777777,2.7777777777777777
117,1.1,False,0,0.0,False,30.555555555555554,78.24073929135967,78.1111111111111,-0.1515356814073514,0.0600000000000005,-1.1,-1.1,2.7777777777777777,2.7777777777777777,,,,,,,,,
117,1.2000000000000002,False,0,0.0,False,30.555555555555554,77.7594651502637,78.1111111111111,-0.0425517242771396,-0.07999999999999963,-1.2000000000000002,-1.2000000000000002,2.7777777777777777,2.7777777777777777,30.555555555555554,77.7594651502637,78.1111111111111,-0.0425517242771396,-0.07999999999999963,-1.2000000000000002,-1.2000000000000002,2.7777777777777777,2.7777777777777777
117,1.3,False,0,0.0,False,30.555555555555554,80.83524692021369,80.88888888888887,-0.002463708873990722,-0.09000000000000008,-1.3,-1.3,2.7777777777777777,2.7777777777777777,30.555555555555554,80.83524692021369,80.88888888888887,-0.002463708873990722,-0.09000000000000008,-1.3,-1.3,2.7777777777777777,2.7777777777777777
117,1.4000000000000001,False,0,0.0,False,30.555555555555554,83.85207268060653,83.66666666666664,-0.3395738326362201,-0.08000000000000007,-1.4000000000000001,-1.4000000000000001,2.7777777777777777,2.7777777777777777,30.555555555555554,83.85207268060653,83.66666666666664,-0.3395738326362201,-0.08000000000000007,-1.4000000000000001,-1.4000000000000001,2.7777777777777777,2.7777777777777777
117,1.5,False,0,0.0,False,30.555555555555554,83.27325174239304,83.66666666666664,-0.17913608931420177,-0.19999999999999996,-1.5,-1.5,2.7777777777777777,2.7777777777777777,30.555555555555554,85.51808947823825,86.44444444444444,0.4316531105329764,-0.04999999999999982,-1.5,-1.5,2.7777777777777777,2.7777777777777777
117,1.6,False,0,0.0,False,30.555555555555554,83.33061810160531,83.66666666666664,-0.3858083530998957,-0.31999999999999984,-1.6,-1.6,2.7777777777777777,2.7777777777777777,30.555555555555554,86.07520021023332,86.44444444444444,0.19679283943454795,-0.1599999999999997,-1.6,-1.6,2.7777777777777777,2.7777777777777777
117,1.7000000000000002,False,0,0.0,False,30.555555555555554,86.56259474118626,86.44444444444444,-0.17192469082341288,-0.2699999999999996,-1.7000000000000002,-1.7000000000000002,2.7777777777777777,2.7777777777777777,30.555555555555554,88.98502691745564,89.22222222222221,0.3990144389042096,-0.09999999999999964,-1.7000000000000002,-1.7000000000000002,2.7777777777777777,2.7777777777777777
119,0.0,False,0,4.0,False,30.555555555555554,-3.4425016849967163,-3.2222222222222454,1.9719696622332918,1.6,0.0,0.0,2.7777777777777777,2.7777777777777777,,,,,,,,,
119,0.1,False,0,4.0,False,30.555555555555554,-3.194739881651418,-3.2222222222222454,1.0542227790021448,1.1600000000000001,-0.1,-0.1,2.7777777777777777,2.7777777777777777,30.555555555555554,319.71516388294395,319.62222222222084,0.1583274378954811,-0.00999999999999579,-0.1,-0.1,2.7777777777777777,2.7777777777777777
119,0.2,False,0,3.500000000000001,False,30.555555555555554,-3.5168768213306576,-3.2222222222222454,1.0425366505097688,0.7200000000000002,-0.2,-0.2,2.7777777777777777,2.7777777777777777,30.555555555555554,97.71432878262156,97.3999999999996,0.10979222785720522,-0.019999999999997353,-0.2,-0.2,2.7777777777777777,2.7777777777777777
119,0.30000000000000004,False,0,0.8333333333333303,False,30.555555555555554,-4.141288452519336,-3.2222222222222454,0.3092429398143528,0.2799999999999989,-0.30000000000000004,-0.30000000000000004,2.7777777777777777,2.7777777777777777,30.555555555555554,22.840891947536544,22.399999999999903,0.07273921367565817,-0.020000000000001572,-0.30000000000000004,-0.30000000000000004,2.7777777777777777,2.7777777777777777
119,0.4,True,2,0.0,True,30.475555555555555,-3.8358523974890657,-3.170222222222253,-0.11600613233226897,-0.16000000000000014,-0.4,-0.4,2.7777777777777777,2.7777777777777777,30.515555555555554,7.557868537340991,7.9128888888888556,0.055709452829293626,-6.661338147750939e-16,-0.4,-0.4,2.7777777777777777,2.7777777777777777
119,0.5,True,2,0.0,True,30.23555555555556,-3.905039436765338,-3.0782222222222684,-0.46170139489718,-0.6000000000000001,-0.5,-0.5,2.7777777777777777,2.7777777777777777,30.555555555555554,29.81093459286131,30.111111111111054,0.32098941946606363,0.0,-0.5,-0.5,2.7777777777777777,2.7777777777777777
119,0.6000000000000001,True,2,0.0,True,25.10087955555556,-4.1313917934864035,-3.4669560000000557,-0.9672181874145079,-1.1000000000000019,-0.6000000000000001,-0.6000000000000001,2.7777777777777777,2.7777777777777777,30.555555555555554,42.69075894288311,43.99999999999996,0.24686752348434515,-0.019999999999999574,-0.6000000000000001,-0.6000000000000001,2.7777777777777777,2.7777777777777777
119,0.7000000000000001,False,0,0.0,False,30.555555555555554,71.71913264033851,71.77777777777776,-0.00953188750895606,0.4100000000000006,-0.7000000000000001,-0.7000000000000001,2.7777777777777777,2.7777777777777777,,,,,,,,,
119,0.8,False,0,0.0,False,30.555555555555554,71.7179934798759,71.77777777777776,-0.03137161724002557,0.23999999999999977,-0.8,-0.8,2.7777777777777777,2.7777777777777777,,,,,,,,,
119,0.9,False,0,0.0,False,30.555555555555554,68.70807410657082,69.0,-0.09855623056332963,-0.02000000000000024,-0.9,-0.9,2.7777777777777777,2.7777777777777777,30.555555555555554,68.70807410657082,69.0,-0.09855623056332963,-0.02000000000000024,-0.9,-0.9,2.7777777777777777,2.7777777777777777
119,1.0,False,0,0.0,False,30.555555555555554,65.91526886490998,66.22222222222221,-0.08928064006147252,-0.2999999999999998,-1.0,-1.0,2.7777777777777777,2.7777777777777777,30.555555555555554,74.5816354177593,74.55555555555553,0.04667429204616447,0.0,-1.0,-1.0,2.7777777777777777,2.7777777777777777
119,1.1,False,0,0.0,False,30.555555555555554,71.26596706615963,71.77777777777776,-0.023384185782915345,-0.2699999999999998,-1.1,-1.1,2.7777777777777777,2.7777777777777777,30.555555555555554,76.42406678820318,77.33333333333333,0.18568826522628523,-0.0499999999999996,-1.1,-1.1,2.7777777777777777,2.7777777777777777
119,1.2000000000000002,False,0,0.0,False,30.555555555555554,82.79850874977983,82.88888888888887,-0.0005952193327596333,0.04000000000000026,-1.2000000000000002,-1.2000000000000002,2.7777777777777777,2.7777777777777777,,,,,,,,,
119,1.3,False,0,0.0,False,30.555555555555554,83.03768402146589,82.88888888888887,-0.21143288601255383,-0.09000000000000008,-1.3,-1.3,2.7777777777777777,2.7777777777777777,30.555555555555554,83.03768402146589,82.88888888888887,-0.21143288601255383,-0.09000000000000008,-1.3,-1.3,2.7777777777777777,2.7777777777777777
119,1.4000000000000001,False,0,0.0,False,30.555555555555554,85.22095319354564,85.66666666666664,-0.24217294590211758,-0.08000000000000007,-1.4000000000000001,-1.4000000000000001,2.7777777777777777,2.7777777777777777,30.555555555555554,85.22095319354564,85.66666666666664,-0.24217294590211758,-0.08000000000000007,-1.4000000000000001,-1.4000000000000001,2.7777777777777777,2.7777777777777777
119,1.5,False,0,0.0,False,30.555555555555554,85.52771873274632,85.66666666666664,-0.5723355801834658,-0.19999999999999996,-1.5,-1.5,2.7777777777777777,2.7777777777777777,30.555555555555554,88.21493052129749,88.44444444444444,0.20778848824046303,-0.04999999999999982,-1.5,-1.5,2.7777777777777777,2.7777777777777777
119,1.6,False,0,0.0,False,30.555555555555554,88.41673702585568,88.44444444444444,-0.10974657025789814,-0.1599999999999997,-1.6,-1.6,2.7777777777777777,2.7777777777777777,30.555555555555554,88.41673702585568,88.44444444444444,-0.10974657025789814,-0.1599999999999997,-1.6,-1.6,2.7777777777777777,2.7777777777777777
119,1.7000000000000002,False,0,0.0,False,30.555555555555554,82.40035980029747,82.88888888888887,-0.5282429818438097,-0.6099999999999994,-1.7000000000000002,-1.7000000000000002,2.7777777777777777,2.7777777777777777,30.555555555555554,91.32091217444197,91.22222222222221,0.1372123388462141,-0.09999999999999964,-1.7000000000000002,-1.7000000000000002,2.7777777777777777,2.7777777777777777
