long_dist,lat_vel,Crash,Crash type,minTTC,reacted,ego_speed,perceived_gap,true_gap,perceived_lat_gap,true_lat_gap,perceived_lat_speed,true_lat_speed,perceived_speed,true_speed,entry_ego_speed,entry_perceived_gap,entry_true_gap,entry_perceived_lat_gap,entry_true_lat_gap,entry_perceived_lat_speed,entry_true_lat_speed,entry_perceived_speed,entry_true_speed
1,0.0,False,0,4.0,False,30.555555555555554,-4.044444444444444,-4.044444444444444,1.6,1.6,0.0,0.0,2.7777777777777777,2.7777777777777777,,,,,,,,,
1,0.1,False,0,4.0,False,30.555555555555554,-4.044444444444444,-4.044444444444444,1.58,1.58,-0.1,-0.1,2.7777777777777777,2.7777777777777777,30.555555555555554,437.62222222222084,437.62222222222084,-0.00999999999999579,-0.00999999999999579,-0.1,-0.1,2.7777777777777777,2.7777777777777777
1,0.2,False,0,4.0,False,30.555555555555554,-4.044444444444444,-4.044444444444444,1.56,1.56,-0.2,-0.2,2.7777777777777777,2.7777777777777777,30.555555555555554,215.39999999999958,215.39999999999958,-0.019999999999997353,-0.019999999999997353,-0.2,-0.2,2.7777777777777777,2.7777777777777777
1,0.30000000000000004,False,0,4.0,False,30.555555555555554,-4.044444444444444,-4.044444444444444,1.54,1.54,-0.30000000000000004,-0.30000000000000004,2.7777777777777777,2.7777777777777777,30.555555555555554,140.3999999999999,140.3999999999999,-0.020000000000001572,-0.020000000000001572,-0.30000000000000004,-0.30000000000000004,2.7777777777777777,2.7777777777777777
1,0.4,False,0,3.6999999999999993,False,30.555555555555554,-4.044444444444444,-4.044444444444444,1.52,1.52,-0.4,-0.4,2.7777777777777777,2.7777777777777777,30.555555555555554,101.51111111111118,101.51111111111118,-6.661338147750939e-16,-6.661338147750939e-16,-0.4,-0.4,2.7777777777777777,2.7777777777777777
1,0.5,False,0,2.900000000000001,True,30.555555555555554,-4.044444444444444,-4.044444444444444,1.5,1.5,-0.5,-0.5,2.7777777777777777,2.7777777777777777,30.555555555555554,79.28888888888893,79.28888888888893,0.0,0.0,-0.5,-0.5,2.7777777777777777,2.7777777777777777
1,0.6000000000000001,False,0,2.3666666666666667,True,30.555555555555554,-4.044444444444444,-4.044444444444444,1.48,1.48,-0.6000000000000001,-0.6000000000000001,2.7777777777777777,2.7777777777777777,30.555555555555554,65.40000000000003,65.40000000000003,-0.019999999999999574,-0.019999999999999574,-0.6000000000000001,-0.6000000000000001,2.7777777777777777,2.7777777777777777
1,0.7000000000000001,False,0,1.9857142857142853,True,30.555555555555554,-4.044444444444444,-4.044444444444444,1.46,1.46,-0.7000000000000001,-0.7000000000000001,2.7777777777777777,2.7777777777777777,30.555555555555554,54.28888888888891,54.28888888888891,-0.009999999999999343,-0.009999999999999343,-0.7000000000000001,-0.7000000000000001,2.7777777777777777,2.7777777777777777
1,0.8,False,0,1.6999999999999995,True,30.555555555555554,-4.044444444444444,-4.044444444444444,1.44,1.44,-0.8,-0.8,2.7777777777777777,2.7777777777777777,30.555555555555554,45.95555555555558,45.95555555555558,-2.220446049250313e-16,-2.220446049250313e-16,-0.8,-0.8,2.7777777777777777,2.7777777777777777
1,0.9,False,0,1.477777777777778,True,30.555555555555554,-4.044444444444444,-4.044444444444444,1.42,1.42,-0.9,-0.9,2.7777777777777777,2.7777777777777777,30.555555555555554,40.40000000000002,40.40000000000002,-0.02000000000000024,-0.02000000000000024,-0.9,-0.9,2.7777777777777777,2.7777777777777777
1,1.0,False,0,1.3,True,30.555555555555554,-4.044444444444441,-4.044444444444441,1.4,1.4,-1.0,-1.0,2.7777777777777777,2.7777777777777777,30.555555555555554,34.84444444444446,34.84444444444446,0.0,0.0,-1.0,-1.0,2.7777777777777777,2.7777777777777777
1,1.1,False,0,1.1545454545454543,True,30.555555555555554,-4.044444444444441,-4.044444444444441,1.38,1.38,-1.1,-1.1,2.7777777777777777,2.7777777777777777,30.555555555555554,32.066666666666684,32.066666666666684,-0.0499999999999996,-0.0499999999999996,-1.1,-1.1,2.7777777777777777,2.7777777777777777
1,1.2000000000000002,False,0,1.0333333333333334,True,30.555555555555554,-4.044444444444441,-4.044444444444441,1.3599999999999999,1.3599999999999999,-1.2000000000000002,-1.2000000000000002,2.7777777777777777,2.7777777777777777,30.555555555555554,29.288888888888902,29.288888888888902,-0.07999999999999963,-0.07999999999999963,-1.2000000000000002,-1.2000000000000002,2.7777777777777777,2.7777777777777777
1,1.3,False,0,0.9307692307692309,True,30.555555555555554,-4.044444444444441,-4.044444444444441,1.3400000000000003,1.3400000000000003,-1.3,-1.3,2.7777777777777777,2.7777777777777777,30.555555555555554,26.511111111111124,26.511111111111124,-0.09000000000000008,-0.09000000000000008,-1.3,-1.3,2.7777777777777777,2.7777777777777777
1,1.4000000000000001,False,0,0.8428571428571427,True,30.555555555555554,-4.044444444444441,-4.044444444444441,1.3199999999999998,1.3199999999999998,-1.4000000000000001,-1.4000000000000001,2.7777777777777777,2.7777777777777777,30.555555555555554,23.733333333333345,23.733333333333345,-0.08000000000000007,-0.08000000000000007,-1.4000000000000001,-1.4000000000000001,2.7777777777777777,2.7777777777777777
1,1.5,False,0,0.7666666666666665,True,30.555555555555554,-4.044444444444441,-4.044444444444441,1.3000000000000003,1.3000000000000003,-1.5,-1.5,2.7777777777777777,2.7777777777777777,30.555555555555554,20.955555555555566,20.955555555555566,-0.04999999999999982,-0.04999999999999982,-1.5,-1.5,2.7777777777777777,2.7777777777777777
1,1.6,False,0,0.7000000000000002,True,30.555555555555554,-4.044444444444441,-4.044444444444441,1.2800000000000002,1.2800000000000002,-1.6,-1.6,2.7777777777777777,2.7777777777777777,30.555555555555554,20.955555555555566,20.955555555555566,-0.1599999999999997,-0.1599999999999997,-1.6,-1.6,2.7777777777777777,2.7777777777777777
1,1.7000000000000002,False,0,0.6411764705882352,True,30.555555555555554,-4.044444444444441,-4.044444444444441,1.2600000000000002,1.2600000000000002,-1.7000000000000002,-1.7000000000000002,2.7777777777777777,2.7777777777777777,30.555555555555554,18.177777777777788,18.177777777777788,-0.09999999999999964,-0.09999999999999964,-1.7000000000000002,-1.7000000000000002,2.7777777777777777,2.7777777777777777
3,0.0,False,0,4.0,False,30.555555555555554,-3.2666666666666666,-3.2666666666666666,1.6,1.6,0.0,0.0,2.7777777777777777,2.7777777777777777,,,,,,,,,
3,0.1,False,0,4.0,False,30.555555555555554,-3.2666666666666666,-3.2666666666666666,1.5700000000000003,1.5700000000000003,-0.1,-0.1,2.7777777777777777,2.7777777777777777,30.555555555555554,435.62222222222084,435.62222222222084,-0.00999999999999579,-0.00999999999999579,-0.1,-0.1,2.7777777777777777,2.7777777777777777
3,0.2,False,0,4.0,False,30.555555555555554,-3.2666666666666666,-3.2666666666666666,1.54,1.54,-0.2,-0.2,2.7777777777777777,2.7777777777777777,30.555555555555554,213.39999999999958,213.39999999999958,-0.019999999999997353,-0.019999999999997353,-0.2,-0.2,2.7777777777777777,2.7777777777777777
3,0.30000000000000004,False,0,4.0,False,30.555555555555554,-3.2666666666666666,-3.2666666666666666,1.5100000000000002,1.5100000000000002,-0.30000000000000004,-0.30000000000000004,2.7777777777777777,2.7777777777777777,30.555555555555554,138.3999999999999,138.3999999999999,-0.020000000000001572,-0.020000000000001572,-0.30000000000000004,-0.30000000000000004,2.7777777777777777,2.7777777777777777
3,0.4,False,0,3.599999999999999,True,30.555555555555554,-3.2666666666666666,-3.2666666666666666,1.48,1.48,-0.4,-0.4,2.7777777777777777,2.7777777777777777,30.555555555555554,99.51111111111118,99.51111111111118,-6.661338147750939e-16,-6.661338147750939e-16,-0.4,-0.4,2.7777777777777777,2.7777777777777777
3,0.5,False,0,2.7999999999999994,True,30.555555555555554,-3.2666666666666666,-3.2666666666666666,1.4500000000000002,1.4500000000000002,-0.5,-0.5,2.7777777777777777,2.7777777777777777,30.555555555555554,77.28888888888893,77.28888888888893,0.0,0.0,-0.5,-0.5,2.7777777777777777,2.7777777777777777
3,0.6000000000000001,False,0,2.2666666666666657,True,30.555555555555554,-3.2666666666666666,-3.2666666666666666,1.42,1.42,-0.6000000000000001,-0.6000000000000001,2.7777777777777777,2.7777777777777777,30.555555555555554,63.400000000000034,63.400000000000034,-0.019999999999999574,-0.019999999999999574,-0.6000000000000001,-0.6000000000000001,2.7777777777777777,2.7777777777777777
3,0.7000000000000001,False,0,1.885714285714285,True,30.555555555555554,-3.2666666666666666,-3.2666666666666666,1.3900000000000001,1.3900000000000001,-0.7000000000000001,-0.7000000000000001,2.7777777777777777,2.7777777777777777,30.555555555555554,52.28888888888891,52.28888888888891,-0.009999999999999343,-0.009999999999999343,-0.7000000000000001,-0.7000000000000001,2.7777777777777777,2.7777777777777777
3,0.8,False,0,1.6000000000000005,True,30.555555555555554,-3.2666666666666666,-3.2666666666666666,1.3599999999999999,1.3599999999999999,-0.8,-0.8,2.7777777777777777,2.7777777777777777,30.555555555555554,43.95555555555558,43.95555555555558,-2.220446049250313e-16,-2.220446049250313e-16,-0.8,-0.8,2.7777777777777777,2.7777777777777777
3,0.9,False,0,1.3777777777777782,True,30.555555555555554,-3.2666666666666666,-3.2666666666666666,1.33,1.33,-0.9,-0.9,2.7777777777777777,2.7777777777777777,30.555555555555554,38.40000000000002,38.40000000000002,-0.02000000000000024,-0.02000000000000024,-0.9,-0.9,2.7777777777777777,2.7777777777777777
3,1.0,False,0,1.2000000000000004,True,30.555555555555554,-3.266666666666663,-3.266666666666663,1.3000000000000003,1.3000000000000003,-1.0,-1.0,2.7777777777777777,2.7777777777777777,30.555555555555554,32.84444444444446,32.84444444444446,0.0,0.0,-1.0,-1.0,2.7777777777777777,2.7777777777777777
3,1.1,False,0,1.054545454545455,True,30.555555555555554,-3.266666666666663,-3.266666666666663,1.27,1.27,-1.1,-1.1,2.7777777777777777,2.7777777777777777,30.555555555555554,30.06666666666668,30.06666666666668,-0.0499999999999996,-0.0499999999999996,-1.1,-1.1,2.7777777777777777,2.7777777777777777
3,1.2000000000000002,False,0,0.9333333333333335,True,30.555555555555554,-3.266666666666663,-3.266666666666663,1.2400000000000002,1.2400000000000002,-1.2000000000000002,-1.2000000000000002,2.7777777777777777,2.7777777777777777,30.555555555555554,27.288888888888902,27.288888888888902,-0.07999999999999963,-0.07999999999999963,-1.2000000000000002,-1.2000000000000002,2.7777777777777777,2.7777777777777777
3,1.3,False,0,0.8307692307692309,True,30.555555555555554,-3.266666666666663,-3.266666666666663,1.21,1.21,-1.3,-1.3,2.7777777777777777,2.7777777777777777,30.555555555555554,24.511111111111124,24.511111111111124,-0.09000000000000008,-0.09000000000000008,-1.3,-1.3,2.7777777777777777,2.7777777777777777
3,1.4000000000000001,False,0,0.7428571428571428,True,30.555555555555554,-3.266666666666663,-3.266666666666663,1.1800000000000002,1.1800000000000002,-1.4000000000000001,-1.4000000000000001,2.7777777777777777,2.7777777777777777,30.555555555555554,21.733333333333345,21.733333333333345,-0.08000000000000007,-0.08000000000000007,-1.4000000000000001,-1.4000000000000001,2.7777777777777777,2.7777777777777777
3,1.5,False,0,0.6666666666666666,True,30.555555555555554,-3.266666666666663,-3.266666666666663,1.15,1.15,-1.5,-1.5,2.7777777777777777,2.7777777777777777,30.555555555555554,18.955555555555566,18.955555555555566,-0.04999999999999982,-0.04999999999999982,-1.5,-1.5,2.7777777777777777,2.7777777777777777
3,1.6,False,0,0.6,True,30.555555555555554,-3.266666666666663,-3.266666666666663,1.12,1.12,-1.6,-1.6,2.7777777777777777,2.7777777777777777,30.555555555555554,18.955555555555566,18.955555555555566,-0.1599999999999997,-0.1599999999999997,-1.6,-1.6,2.7777777777777777,2.7777777777777777
3,1.7000000000000002,False,0,0.5411764705882351,True,30.429055555555554,-3.279316666666662,-3.279316666666662,1.0900000000000003,1.0900000000000003,-1.7000000000000002,-1.7000000000000002,2.7777777777777777,2.7777777777777777,30.429055555555554,16.07657777777779,16.07657777777779,-0.09999999999999964,-0.09999999999999964,-1.7000000000000002,-1.7000000000000002,2.7777777777777777,2.7777777777777777
5,0.0,False,0,4.0,False,30.555555555555554,-3.3333333333333313,-3.3333333333333313,1.6,1.6,0.0,0.0,2.7777777777777777,2.7777777777777777,,,,,,,,,
5,0.1,False,0,4.0,False,30.555555555555554,-3.3333333333333313,-3.3333333333333313,1.5700000000000003,1.5700000000000003,-0.1,-0.1,2.7777777777777777,2.7777777777777777,30.555555555555554,433.62222222222084,433.62222222222084,-0.00999999999999579,-0.00999999999999579,-0.1,-0.1,2.7777777777777777,2.7777777777777777
5,0.2,False,0,4.0,False,30.555555555555554,-3.3333333333333313,-3.3333333333333313,1.54,1.54,-0.2,-0.2,2.7777777777777777,2.7777777777777777,30.555555555555554,211.39999999999958,211.39999999999958,-0.019999999999997353,-0.019999999999997353,-0.2,-0.2,2.7777777777777777,2.7777777777777777
5,0.30000000000000004,False,0,4.0,False,30.555555555555554,-3.3333333333333313,-3.3333333333333313,1.5100000000000002,1.5100000000000002,-0.30000000000000004,-0.30000000000000004,2.7777777777777777,2.7777777777777777,30.555555555555554,136.3999999999999,136.3999999999999,-0.020000000000001572,-0.020000000000001572,-0.30000000000000004,-0.30000000000000004,2.7777777777777777,2.7777777777777777
5,0.4,False,0,3.599999999999999,True,30.555555555555554,-3.3333333333333313,-3.3333333333333313,1.48,1.48,-0.4,-0.4,2.7777777777777777,2.7777777777777777,30.555555555555554,97.51111111111116,97.51111111111116,-6.661338147750939e-16,-6.661338147750939e-16,-0.4,-0.4,2.7777777777777777,2.7777777777777777
5,0.5,False,0,2.7999999999999994,True,30.555555555555554,-3.3333333333333313,-3.3333333333333313,1.4500000000000002,1.4500000000000002,-0.5,-0.5,2.7777777777777777,2.7777777777777777,30.555555555555554,75.28888888888893,75.28888888888893,0.0,0.0,-0.5,-0.5,2.7777777777777777,2.7777777777777777
5,0.6000000000000001,False,0,2.2666666666666657,True,30.555555555555554,-3.3333333333333313,-3.3333333333333313,1.42,1.42,-0.6000000000000001,-0.6000000000000001,2.7777777777777777,2.7777777777777777,30.555555555555554,61.400000000000034,61.400000000000034,-0.019999999999999574,-0.019999999999999574,-0.6000000000000001,-0.6000000000000001,2.7777777777777777,2.7777777777777777
5,0.7000000000000001,False,0,1.885714285714285,True,30.555555555555554,-3.3333333333333313,-3.3333333333333313,1.3900000000000001,1.3900000000000001,-0.7000000000000001,-0.7000000000000001,2.7777777777777777,2.7777777777777777,30.555555555555554,50.28888888888891,50.28888888888891,-0.009999999999999343,-0.009999999999999343,-0.7000000000000001,-0.7000000000000001,2.7777777777777777,2.7777777777777777
5,0.8,False,0,1.6000000000000005,True,30.555555555555554,-3.3333333333333313,-3.3333333333333313,1.3599999999999999,1.3599999999999999,-0.8,-0.8,2.7777777777777777,2.7777777777777777,30.555555555555554,41.95555555555558,41.95555555555558,-2.220446049250313e-16,-2.220446049250313e-16,-0.8,-0.8,2.7777777777777777,2.7777777777777777
5,0.9,False,0,1.3777777777777782,True,30.555555555555554,-3.3333333333333313,-3.3333333333333313,1.33,1.33,-0.9,-0.9,2.7777777777777777,2.7777777777777777,30.555555555555554,36.40000000000002,36.40000000000002,-0.02000000000000024,-0.02000000000000024,-0.9,-0.9,2.7777777777777777,2.7777777777777777
5,1.0,False,0,1.2000000000000004,True,30.555555555555554,-3.333333333333335,-3.333333333333335,1.3000000000000003,1.3000000000000003,-1.0,-1.0,2.7777777777777777,2.7777777777777777,30.555555555555554,30.84444444444446,30.84444444444446,0.0,0.0,-1.0,-1.0,2.7777777777777777,2.7777777777777777
5,1.1,False,0,1.054545454545455,True,30.555555555555554,-3.333333333333335,-3.333333333333335,1.27,1.27,-1.1,-1.1,2.7777777777777777,2.7777777777777777,30.555555555555554,28.06666666666668,28.06666666666668,-0.0499999999999996,-0.0499999999999996,-1.1,-1.1,2.7777777777777777,2.7777777777777777
5,1.2000000000000002,False,0,0.9333333333333335,True,30.555555555555554,-3.333333333333335,-3.333333333333335,1.2400000000000002,1.2400000000000002,-1.2000000000000002,-1.2000000000000002,2.7777777777777777,2.7777777777777777,30.555555555555554,25.288888888888902,25.288888888888902,-0.07999999999999963,-0.07999999999999963,-1.2000000000000002,-1.2000000000000002,2.7777777777777777,2.7777777777777777
5,1.3,False,0,0.8307692307692309,True,30.555555555555554,-3.333333333333335,-3.333333333333335,1.21,1.21,-1.3,-1.3,2.7777777777777777,2.7777777777777777,30.555555555555554,22.511111111111124,22.511111111111124,-0.09000000000000008,-0.09000000000000008,-1.3,-1.3,2.7777777777777777,2.7777777777777777
5,1.4000000000000001,False,0,0.7428571428571428,True,30.555555555555554,-3.333333333333335,-3.333333333333335,1.1800000000000002,1.1800000000000002,-1.4000000000000001,-1.4000000000000001,2.7777777777777777,2.7777777777777777,30.429055555555554,19.61948333333334,19.61948333333334,-0.08000000000000007,-0.08000000000000007,-1.4000000000000001,-1.4000000000000001,2.7777777777777777,2.7777777777777777
5,1.5,False,0,0.6666666666666666,True,30.555555555555554,-3.333333333333335,-3.333333333333335,1.15,1.15,-1.5,-1.5,2.7777777777777777,2.7777777777777777,30.429055555555554,16.854355555555557,16.854355555555557,-0.04999999999999982,-0.04999999999999982,-1.5,-1.5,2.7777777777777777,2.7777777777777777
5,1.6,False,0,0.6,True,30.555555555555554,-3.333333333333335,-3.333333333333335,1.12,1.12,-1.6,-1.6,2.7777777777777777,2.7777777777777777,30.429055555555554,16.854355555555557,16.854355555555557,-0.1599999999999997,-0.1599999999999997,-1.6,-1.6,2.7777777777777777,2.7777777777777777
5,1.7000000000000002,False,0,0.5411764705882351,True,30.429055555555554,-3.320683333333336,-3.320683333333336,1.0900000000000003,1.0900000000000003,-1.7000000000000002,-1.7000000000000002,2.7777777777777777,2.7777777777777777,30.176055555555553,13.899477777777776,13.899477777777776,-0.09999999999999964,-0.09999999999999964,-1.7000000000000002,-1.7000000000000002,2.7777777777777777,2.7777777777777777
7,0.0,False,0,4.0,False,30.555555555555554,-4.11111111111111,-4.11111111111111,1.6,1.6,0.0,0.0,2.7777777777777777,2.7777777777777777,,,,,,,,,
7,0.1,False,0,4.0,False,30.555555555555554,-4.11111111111111,-4.11111111111111,1.56,1.56,-0.1,-0.1,2.7777777777777777,2.7777777777777777,30.555555555555554,431.62222222222084,431.62222222222084,-0.00999999999999579,-0.00999999999999579,-0.1,-0.1,2.7777777777777777,2.7777777777777777
7,0.2,False,0,4.0,False,30.555555555555554,-4.11111111111111,-4.11111111111111,1.52,1.52,-0.2,-0.2,2.7777777777777777,2.7777777777777777,30.555555555555554,209.39999999999958,209.39999999999958,-0.019999999999997353,-0.019999999999997353,-0.2,-0.2,2.7777777777777777,2.7777777777777777
7,0.30000000000000004,False,0,4.0,False,30.555555555555554,-4.11111111111111,-4.11111111111111,1.48,1.48,-0.30000000000000004,-0.30000000000000004,2.7777777777777777,2.7777777777777777,30.555555555555554,134.3999999999999,134.3999999999999,-0.020000000000001572,-0.020000000000001572,-0.30000000000000004,-0.30000000000000004,2.7777777777777777,2.7777777777777777
7,0.4,False,0,3.499999999999999,True,30.555555555555554,-4.11111111111111,-4.11111111111111,1.44,1.44,-0.4,-0.4,2.7777777777777777,2.7777777777777777,30.555555555555554,95.51111111111116,95.51111111111116,-6.661338147750939e-16,-6.661338147750939e-16,-0.4,-0.4,2.7777777777777777,2.7777777777777777
7,0.5,False,0,2.6999999999999997,True,30.555555555555554,-4.11111111111111,-4.11111111111111,1.4,1.4,-0.5,-0.5,2.7777777777777777,2.7777777777777777,30.555555555555554,73.28888888888893,73.28888888888893,0.0,0.0,-0.5,-0.5,2.7777777777777777,2.7777777777777777
7,0.6000000000000001,False,0,2.1666666666666665,True,30.555555555555554,-4.11111111111111,-4.11111111111111,1.3599999999999999,1.3599999999999999,-0.6000000000000001,-0.6000000000000001,2.7777777777777777,2.7777777777777777,30.555555555555554,59.400000000000034,59.400000000000034,-0.019999999999999574,-0.019999999999999574,-0.6000000000000001,-0.6000000000000001,2.7777777777777777,2.7777777777777777
7,0.7000000000000001,False,0,1.7857142857142858,True,30.555555555555554,-4.11111111111111,-4.11111111111111,1.3199999999999998,1.3199999999999998,-0.7000000000000001,-0.7000000000000001,2.7777777777777777,2.7777777777777777,30.555555555555554,48.28888888888891,48.28888888888891,-0.009999999999999343,-0.009999999999999343,-0.7000000000000001,-0.7000000000000001,2.7777777777777777,2.7777777777777777
7,0.8,False,0,1.5000000000000004,True,30.555555555555554,-4.11111111111111,-4.11111111111111,1.2800000000000002,1.2800000000000002,-0.8,-0.8,2.7777777777777777,2.7777777777777777,30.555555555555554,39.95555555555558,39.95555555555558,-2.220446049250313e-16,-2.220446049250313e-16,-0.8,-0.8,2.7777777777777777,2.7777777777777777
7,0.9,False,0,1.2777777777777775,True,30.555555555555554,-4.11111111111111,-4.11111111111111,1.2400000000000002,1.2400000000000002,-0.9,-0.9,2.7777777777777777,2.7777777777777777,30.555555555555554,34.40000000000002,34.40000000000002,-0.02000000000000024,-0.02000000000000024,-0.9,-0.9,2.7777777777777777,2.7777777777777777
7,1.0,False,0,1.0999999999999999,True,30.555555555555554,-4.111111111111113,-4.111111111111113,1.2000000000000002,1.2000000000000002,-1.0,-1.0,2.7777777777777777,2.7777777777777777,30.555555555555554,28.84444444444446,28.84444444444446,0.0,0.0,-1.0,-1.0,2.7777777777777777,2.7777777777777777
7,1.1,False,0,0.9545454545454545,True,30.555555555555554,-4.111111111111113,-4.111111111111113,1.1600000000000001,1.1600000000000001,-1.1,-1.1,2.7777777777777777,2.7777777777777777,30.429055555555554,25.927516666666673,25.927516666666673,-0.0499999999999996,-0.0499999999999996,-1.1,-1.1,2.7777777777777777,2.7777777777777777
7,1.2000000000000002,False,0,0.8333333333333333,True,30.555555555555554,-4.111111111111113,-4.111111111111113,1.12,1.12,-1.2000000000000002,-1.2000000000000002,2.7777777777777777,2.7777777777777777,30.429055555555554,23.162388888888895,23.162388888888895,-0.07999999999999963,-0.07999999999999963,-1.2000000000000002,-1.2000000000000002,2.7777777777777777,2.7777777777777777
7,1.3,False,0,0.7307692307692308,True,30.555555555555554,-4.111111111111113,-4.111111111111113,1.08,1.08,-1.3,-1.3,2.7777777777777777,2.7777777777777777,30.429055555555554,20.397261111111117,20.397261111111117,-0.09000000000000008,-0.09000000000000008,-1.3,-1.3,2.7777777777777777,2.7777777777777777
7,1.4000000000000001,False,0,0.6428571428571427,True,30.429055555555554,-4.098461111111113,-4.098461111111113,1.04,1.04,-1.4000000000000001,-1.4000000000000001,2.7777777777777777,2.7777777777777777,30.176055555555553,17.417083333333334,17.417083333333334,-0.08000000000000007,-0.08000000000000007,-1.4000000000000001,-1.4000000000000001,2.7777777777777777,2.7777777777777777
7,1.5,False,0,0.5666666666666668,True,30.429055555555554,-4.098461111111113,-4.098461111111113,1.0,1.0,-1.5,-1.5,2.7777777777777777,2.7777777777777777,30.176055555555553,14.677255555555554,14.677255555555554,-0.04999999999999982,-0.04999999999999982,-1.5,-1.5,2.7777777777777777,2.7777777777777777
7,1.6,False,0,0.5000000000000001,True,30.429055555555554,-4.098461111111113,-4.098461111111113,0.96,0.96,-1.6,-1.6,2.7777777777777777,2.7777777777777777,30.176055555555553,14.677255555555554,14.677255555555554,-0.1599999999999997,-0.1599999999999997,-1.6,-1.6,2.7777777777777777,2.7777777777777777
7,1.7000000000000002,False,0,0.4411764705882352,True,30.176055555555553,-4.060511111111114,-4.060511111111114,0.9199999999999999,0.9199999999999999,-1.7000000000000002,-1.7000000000000002,2.7777777777777777,2.7777777777777777,29.796555555555553,11.671777777777784,11.671777777777784,-0.09999999999999964,-0.09999999999999964,-1.7000000000000002,-1.7000000000000002,2.7777777777777777,2.7777777777777777
9,0.0,False,0,4.0,False,30.555555555555554,-3.711111111111113,-3.711111111111113,1.6,1.6,0.0,0.0,2.7777777777777777,2.7777777777777777,,,,,,,,,
9,0.1,False,0,4.0,False,30.555555555555554,-3.711111111111113,-3.711111111111113,1.5500000000000003,1.5500000000000003,-0.1,-0.1,2.7777777777777777,2.7777777777777777,30.555555555555554,429.62222222222084,429.62222222222084,-0.00999999999999579,-0.00999999999999579,-0.1,-0.1,2.7777777777777777,2.7777777777777777
9,0.2,False,0,4.0,False,30.555555555555554,-3.711111111111113,-3.711111111111113,1.5,1.5,-0.2,-0.2,2.7777777777777777,2.7777777777777777,30.555555555555554,207.39999999999958,207.39999999999958,-0.019999999999997353,-0.019999999999997353,-0.2,-0.2,2.7777777777777777,2.7777777777777777
9,0.30000000000000004,False,0,4.0,False,30.555555555555554,-3.711111111111113,-3.711111111111113,1.4500000000000002,1.4500000000000002,-0.30000000000000004,-0.30000000000000004,2.7777777777777777,2.7777777777777777,30.555555555555554,132.3999999999999,132.3999999999999,-0.020000000000001572,-0.020000000000001572,-0.30000000000000004,-0.30000000000000004,2.7777777777777777,2.7777777777777777
9,0.4,False,0,3.399999999999999,True,30.555555555555554,-3.711111111111113,-3.711111111111113,1.4,1.4,-0.4,-0.4,2.7777777777777777,2.7777777777777777,30.555555555555554,93.51111111111116,93.51111111111116,-6.661338147750939e-16,-6.661338147750939e-16,-0.4,-0.4,2.7777777777777777,2.7777777777777777
9,0.5,False,0,2.6,True,30.555555555555554,-3.711111111111113,-3.711111111111113,1.35,1.35,-0.5,-0.5,2.7777777777777777,2.7777777777777777,30.555555555555554,71.28888888888893,71.28888888888893,0.0,0.0,-0.5,-0.5,2.7777777777777777,2.7777777777777777
9,0.6000000000000001,False,0,2.066666666666667,True,30.555555555555554,-3.711111111111113,-3.711111111111113,1.3000000000000003,1.3000000000000003,-0.6000000000000001,-0.6000000000000001,2.7777777777777777,2.7777777777777777,30.555555555555554,57.400000000000034,57.400000000000034,-0.019999999999999574,-0.019999999999999574,-0.6000000000000001,-0.6000000000000001,2.7777777777777777,2.7777777777777777
9,0.7000000000000001,False,0,1.6857142857142855,True,30.555555555555554,-3.711111111111113,-3.711111111111113,1.25,1.25,-0.7000000000000001,-0.7000000000000001,2.7777777777777777,2.7777777777777777,30.555555555555554,46.28888888888891,46.28888888888891,-0.009999999999999343,-0.009999999999999343,-0.7000000000000001,-0.7000000000000001,2.7777777777777777,2.7777777777777777
9,0.8,False,0,1.4000000000000004,True,30.555555555555554,-3.711111111111113,-3.711111111111113,1.2000000000000002,1.2000000000000002,-0.8,-0.8,2.7777777777777777,2.7777777777777777,30.555555555555554,37.95555555555558,37.95555555555558,-2.220446049250313e-16,-2.220446049250313e-16,-0.8,-0.8,2.7777777777777777,2.7777777777777777
9,0.9,False,0,1.1777777777777776,True,30.555555555555554,-3.711111111111113,-3.711111111111113,1.15,1.15,-0.9,-0.9,2.7777777777777777,2.7777777777777777,30.555555555555554,32.40000000000002,32.40000000000002,-0.02000000000000024,-0.02000000000000024,-0.9,-0.9,2.7777777777777777,2.7777777777777777
9,1.0,False,0,1.0,True,30.555555555555554,-3.7111111111111095,-3.7111111111111095,1.1,1.1,-1.0,-1.0,2.7777777777777777,2.7777777777777777,30.555555555555554,26.84444444444446,26.84444444444446,0.0,0.0,-1.0,-1.0,2.7777777777777777,2.7777777777777777
9,1.1,False,0,0.8545454545454544,True,30.429055555555554,-3.7237611111111084,-3.7237611111111084,1.0500000000000003,1.0500000000000003,-1.1,-1.1,2.7777777777777777,2.7777777777777777,30.429055555555554,23.927516666666673,23.927516666666673,-0.0499999999999996,-0.0499999999999996,-1.1,-1.1,2.7777777777777777,2.7777777777777777
9,1.2000000000000002,False,0,0.7333333333333332,True,30.429055555555554,-3.7237611111111084,-3.7237611111111084,1.0,1.0,-1.2000000000000002,-1.2000000000000002,2.7777777777777777,2.7777777777777777,30.429055555555554,21.162388888888895,21.162388888888895,-0.07999999999999963,-0.07999999999999963,-1.2000000000000002,-1.2000000000000002,2.7777777777777777,2.7777777777777777
9,1.3,False,0,0.6307692307692306,True,30.429055555555554,-3.7237611111111084,-3.7237611111111084,0.9500000000000002,0.9500000000000002,-1.3,-1.3,2.7777777777777777,2.7777777777777777,30.429055555555554,18.397261111111117,18.397261111111117,-0.09000000000000008,-0.09000000000000008,-1.3,-1.3,2.7777777777777777,2.7777777777777777
9,1.4000000000000001,False,0,0.5428571428571429,True,30.176055555555553,-3.7617111111111106,-3.7617111111111106,0.8999999999999999,0.8999999999999999,-1.4000000000000001,-1.4000000000000001,2.7777777777777777,2.7777777777777777,30.176055555555553,15.417083333333334,15.417083333333334,-0.08000000000000007,-0.08000000000000007,-1.4000000000000001,-1.4000000000000001,2.7777777777777777,2.7777777777777777
9,1.5,False,0,0.4666666666666668,True,30.176055555555553,-3.7617111111111106,-3.7617111111111106,0.8500000000000001,0.8500000000000001,-1.5,-1.5,2.7777777777777777,2.7777777777777777,30.176055555555553,12.677255555555554,12.677255555555554,-0.04999999999999982,-0.04999999999999982,-1.5,-1.5,2.7777777777777777,2.7777777777777777
9,1.6,False,0,0.4000000000000001,True,30.176055555555553,-3.7617111111111106,-3.7617111111111106,0.8000000000000003,0.8000000000000003,-1.6,-1.6,2.7777777777777777,2.7777777777777777,30.176055555555553,12.677255555555554,12.677255555555554,-0.1599999999999997,-0.1599999999999997,-1.6,-1.6,2.7777777777777777,2.7777777777777777
9,1.7000000000000002,False,0,0.3411764705882353,True,29.796555555555553,-3.8376111111111078,-3.8376111111111078,0.75,0.75,-1.7000000000000002,-1.7000000000000002,2.7777777777777777,2.7777777777777777,29.796555555555553,9.671777777777784,9.671777777777784,-0.09999999999999964,-0.09999999999999964,-1.7000000000000002,-1.7000000000000002,2.7777777777777777,2.7777777777777777
11,0.0,False,0,4.0,False,30.555555555555554,-2.9333333333333362,-2.9333333333333362,1.6,1.6,0.0,0.0,2.7777777777777777,2.7777777777777777,,,,,,,,,
11,0.1,False,0,4.0,False,30.555555555555554,-2.9333333333333362,-2.9333333333333362,1.54,1.54,-0.1,-0.1,2.7777777777777777,2.7777777777777777,30.555555555555554,427.62222222222084,427.62222222222084,-0.00999999999999579,-0.00999999999999579,-0.1,-0.1,2.7777777777777777,2.7777777777777777
11,0.2,False,0,4.0,False,30.555555555555554,-2.9333333333333362,-2.9333333333333362,1.48,1.48,-0.2,-0.2,2.7777777777777777,2.7777777777777777,30.555555555555554,205.39999999999958,205.39999999999958,-0.019999999999997353,-0.019999999999997353,-0.2,-0.2,2.7777777777777777,2.7777777777777777
11,0.30000000000000004,False,0,4.0,False,30.555555555555554,-2.9333333333333362,-2.9333333333333362,1.42,1.42,-0.30000000000000004,-0.30000000000000004,2.7777777777777777,2.7777777777777777,30.555555555555554,130.3999999999999,130.3999999999999,-0.020000000000001572,-0.020000000000001572,-0.30000000000000004,-0.30000000000000004,2.7777777777777777,2.7777777777777777
11,0.4,False,0,3.300000000000001,True,30.555555555555554,-2.9333333333333362,-2.9333333333333362,1.3599999999999999,1.3599999999999999,-0.4,-0.4,2.7777777777777777,2.7777777777777777,30.555555555555554,91.51111111111116,91.51111111111116,-6.661338147750939e-16,-6.661338147750939e-16,-0.4,-0.4,2.7777777777777777,2.7777777777777777
11,0.5,False,0,2.5000000000000004,True,30.555555555555554,-2.9333333333333362,-2.9333333333333362,1.3000000000000003,1.3000000000000003,-0.5,-0.5,2.7777777777777777,2.7777777777777777,30.555555555555554,69.28888888888893,69.28888888888893,0.0,0.0,-0.5,-0.5,2.7777777777777777,2.7777777777777777
11,0.6000000000000001,False,0,1.9666666666666663,True,30.555555555555554,-2.9333333333333362,-2.9333333333333362,1.2400000000000002,1.2400000000000002,-0.6000000000000001,-0.6000000000000001,2.7777777777777777,2.7777777777777777,30.555555555555554,55.400000000000034,55.400000000000034,-0.019999999999999574,-0.019999999999999574,-0.6000000000000001,-0.6000000000000001,2.7777777777777777,2.7777777777777777
11,0.7000000000000001,False,0,1.585714285714285,True,30.555555555555554,-2.9333333333333362,-2.9333333333333362,1.1800000000000002,1.1800000000000002,-0.7000000000000001,-0.7000000000000001,2.7777777777777777,2.7777777777777777,30.555555555555554,44.28888888888891,44.28888888888891,-0.009999999999999343,-0.009999999999999343,-0.7000000000000001,-0.7000000000000001,2.7777777777777777,2.7777777777777777
11,0.8,False,0,1.3,True,30.555555555555554,-2.9333333333333362,-2.9333333333333362,1.12,1.12,-0.8,-0.8,2.7777777777777777,2.7777777777777777,30.555555555555554,35.95555555555558,35.95555555555558,-2.220446049250313e-16,-2.220446049250313e-16,-0.8,-0.8,2.7777777777777777,2.7777777777777777
11,0.9,False,0,1.077777777777778,True,30.555555555555554,-2.9333333333333362,-2.9333333333333362,1.06,1.06,-0.9,-0.9,2.7777777777777777,2.7777777777777777,30.555555555555554,30.400000000000016,30.400000000000016,-0.02000000000000024,-0.02000000000000024,-0.9,-0.9,2.7777777777777777,2.7777777777777777
11,1.0,False,0,0.8999999999999999,True,30.429055555555554,-2.9459833333333334,-2.9459833333333334,1.0,1.0,-1.0,-1.0,2.7777777777777777,2.7777777777777777,30.429055555555554,24.70529444444445,24.70529444444445,0.0,0.0,-1.0,-1.0,2.7777777777777777,2.7777777777777777
11,1.1,False,0,0.7545454545454545,True,30.176055555555553,-2.983933333333332,-2.983933333333332,0.94,0.94,-1.1,-1.1,2.7777777777777777,2.7777777777777777,30.176055555555553,21.674516666666666,21.674516666666666,-0.0499999999999996,-0.0499999999999996,-1.1,-1.1,2.7777777777777777,2.7777777777777777
11,1.2000000000000002,False,0,0.6333333333333331,True,30.176055555555553,-2.983933333333332,-2.983933333333332,0.8799999999999999,0.8799999999999999,-1.2000000000000002,-1.2000000000000002,2.7777777777777777,2.7777777777777777,30.176055555555553,18.93468888888889,18.93468888888889,-0.07999999999999963,-0.07999999999999963,-1.2000000000000002,-1.2000000000000002,2.7777777777777777,2.7777777777777777
11,1.3,False,0,0.5307692307692307,True,30.176055555555553,-2.983933333333332,-2.983933333333332,0.8199999999999998,0.8199999999999998,-1.3,-1.3,2.7777777777777777,2.7777777777777777,30.176055555555553,16.194861111111113,16.194861111111113,-0.09000000000000008,-0.09000000000000008,-1.3,-1.3,2.7777777777777777,2.7777777777777777
11,1.4000000000000001,False,0,0.4428571428571429,True,29.796555555555553,-3.0598333333333327,-3.0598333333333327,0.7600000000000002,0.7600000000000002,-1.4000000000000001,-1.4000000000000001,2.7777777777777777,2.7777777777777777,29.796555555555553,13.151433333333333,13.151433333333333,-0.08000000000000007,-0.08000000000000007,-1.4000000000000001,-1.4000000000000001,2.7777777777777777,2.7777777777777777
11,1.5,False,0,0.36666666666666686,True,29.796555555555553,-3.0598333333333327,-3.0598333333333327,0.7000000000000002,0.7000000000000002,-1.5,-1.5,2.7777777777777777,2.7777777777777777,29.796555555555553,10.449555555555555,10.449555555555555,-0.04999999999999982,-0.04999999999999982,-1.5,-1.5,2.7777777777777777,2.7777777777777777
11,1.6,False,0,0.3,True,29.796555555555553,-3.0598333333333327,-3.0598333333333327,0.6400000000000001,0.6400000000000001,-1.6,-1.6,2.7777777777777777,2.7777777777777777,29.796555555555553,10.449555555555555,10.449555555555555,-0.1599999999999997,-0.1599999999999997,-1.6,-1.6,2.7777777777777777,2.7777777777777777
11,1.7000000000000002,False,0,0.24117647058823535,True,29.290555555555553,-3.186333333333333,-3.186333333333333,0.5800000000000001,0.5800000000000001,-1.7000000000000002,-1.7000000000000002,2.7777777777777777,2.7777777777777777,29.290555555555553,7.418777777777785,7.418777777777785,-0.09999999999999964,-0.09999999999999964,-1.7000000000000002,-1.7000000000000002,2.7777777777777777,2.7777777777777777
13,0.0,False,0,4.0,False,30.555555555555554,-3.6666666666666634,-3.6666666666666634,1.6,1.6,0.0,0.0,2.7777777777777777,2.7777777777777777,,,,,,,,,
13,0.1,False,0,4.0,False,30.555555555555554,-3.6666666666666634,-3.6666666666666634,1.54,1.54,-0.1,-0.1,2.7777777777777777,2.7777777777777777,30.555555555555554,425.62222222222084,425.62222222222084,-0.00999999999999579,-0.00999999999999579,-0.1,-0.1,2.7777777777777777,2.7777777777777777
13,0.2,False,0,4.0,False,30.555555555555554,-3.6666666666666634,-3.6666666666666634,1.48,1.48,-0.2,-0.2,2.7777777777777777,2.7777777777777777,30.555555555555554,203.39999999999958,203.39999999999958,-0.019999999999997353,-0.019999999999997353,-0.2,-0.2,2.7777777777777777,2.7777777777777777
13,0.30000000000000004,False,0,4.0,False,30.555555555555554,-3.6666666666666634,-3.6666666666666634,1.42,1.42,-0.30000000000000004,-0.30000000000000004,2.7777777777777777,2.7777777777777777,30.555555555555554,128.3999999999999,128.3999999999999,-0.020000000000001572,-0.020000000000001572,-0.30000000000000004,-0.30000000000000004,2.7777777777777777,2.7777777777777777
13,0.4,False,0,3.300000000000001,True,30.555555555555554,-3.6666666666666634,-3.6666666666666634,1.3599999999999999,1.3599999999999999,-0.4,-0.4,2.7777777777777777,2.7777777777777777,30.555555555555554,89.51111111111116,89.51111111111116,-6.661338147750939e-16,-6.661338147750939e-16,-0.4,-0.4,2.7777777777777777,2.7777777777777777
13,0.5,False,0,2.5000000000000004,True,30.555555555555554,-3.6666666666666634,-3.6666666666666634,1.3000000000000003,1.3000000000000003,-0.5,-0.5,2.7777777777777777,2.7777777777777777,30.555555555555554,67.28888888888893,67.28888888888893,0.0,0.0,-0.5,-0.5,2.7777777777777777,2.7777777777777777
13,0.6000000000000001,False,0,1.9666666666666663,True,30.555555555555554,-3.6666666666666634,-3.6666666666666634,1.2400000000000002,1.2400000000000002,-0.6000000000000001,-0.6000000000000001,2.7777777777777777,2.7777777777777777,30.555555555555554,53.400000000000034,53.400000000000034,-0.019999999999999574,-0.019999999999999574,-0.6000000000000001,-0.6000000000000001,2.7777777777777777,2.7777777777777777
13,0.7000000000000001,False,0,1.585714285714285,True,30.555555555555554,-3.6666666666666634,-3.6666666666666634,1.1800000000000002,1.1800000000000002,-0.7000000000000001,-0.7000000000000001,2.7777777777777777,2.7777777777777777,30.555555555555554,42.28888888888891,42.28888888888891,-0.009999999999999343,-0.009999999999999343,-0.7000000000000001,-0.7000000000000001,2.7777777777777777,2.7777777777777777
13,0.8,False,0,1.3,True,30.555555555555554,-3.6666666666666634,-3.6666666666666634,1.12,1.12,-0.8,-0.8,2.7777777777777777,2.7777777777777777,30.429055555555554,33.77845555555557,33.77845555555557,-2.220446049250313e-16,-2.220446049250313e-16,-0.8,-0.8,2.7777777777777777,2.7777777777777777
13,0.9,False,0,1.077777777777778,True,30.555555555555554,-3.6666666666666634,-3.6666666666666634,1.06,1.06,-0.9,-0.9,2.7777777777777777,2.7777777777777777,30.429055555555554,28.248200000000008,28.248200000000008,-0.02000000000000024,-0.02000000000000024,-0.9,-0.9,2.7777777777777777,2.7777777777777777
13,1.0,False,0,0.8999999999999999,True,30.429055555555554,-3.6540166666666662,-3.6540166666666662,1.0,1.0,-1.0,-1.0,2.7777777777777777,2.7777777777777777,30.176055555555553,22.452294444444437,22.452294444444437,0.0,0.0,-1.0,-1.0,2.7777777777777777,2.7777777777777777
13,1.1,False,0,0.7545454545454545,True,30.176055555555553,-3.6160666666666677,-3.6160666666666677,0.94,0.94,-1.1,-1.1,2.7777777777777777,2.7777777777777777,29.796555555555553,19.33296666666666,19.33296666666666,-0.0499999999999996,-0.0499999999999996,-1.1,-1.1,2.7777777777777777,2.7777777777777777
13,1.2000000000000002,False,0,0.6333333333333331,True,30.176055555555553,-3.6160666666666677,-3.6160666666666677,0.8799999999999999,0.8799999999999999,-1.2000000000000002,-1.2000000000000002,2.7777777777777777,2.7777777777777777,29.796555555555553,16.631088888888886,16.631088888888886,-0.07999999999999963,-0.07999999999999963,-1.2000000000000002,-1.2000000000000002,2.7777777777777777,2.7777777777777777
13,1.3,False,0,0.5307692307692307,True,30.176055555555553,-3.6160666666666677,-3.6160666666666677,0.8199999999999998,0.8199999999999998,-1.3,-1.3,2.7777777777777777,2.7777777777777777,29.796555555555553,13.929211111111112,13.929211111111112,-0.09000000000000008,-0.09000000000000008,-1.3,-1.3,2.7777777777777777,2.7777777777777777
13,1.4000000000000001,False,0,0.4428571428571429,True,29.796555555555553,-3.540166666666667,-3.540166666666667,0.7600000000000002,0.7600000000000002,-1.4000000000000001,-1.4000000000000001,2.7777777777777777,2.7777777777777777,29.290555555555553,10.847833333333345,10.847833333333345,-0.08000000000000007,-0.08000000000000007,-1.4000000000000001,-1.4000000000000001,2.7777777777777777,2.7777777777777777
13,1.5,False,0,0.36666666666666686,True,29.796555555555553,-3.540166666666667,-3.540166666666667,0.7000000000000002,0.7000000000000002,-1.5,-1.5,2.7777777777777777,2.7777777777777777,29.290555555555553,8.196555555555562,8.196555555555562,-0.04999999999999982,-0.04999999999999982,-1.5,-1.5,2.7777777777777777,2.7777777777777777
13,1.6,False,0,0.3,True,29.796555555555553,-3.540166666666667,-3.540166666666667,0.6400000000000001,0.6400000000000001,-1.6,-1.6,2.7777777777777777,2.7777777777777777,29.290555555555553,8.196555555555562,8.196555555555562,-0.1599999999999997,-0.1599999999999997,-1.6,-1.6,2.7777777777777777,2.7777777777777777
13,1.7000000000000002,False,0,0.1411764705882354,True,29.290555555555553,-3.413666666666667,-3.413666666666667,0.5800000000000001,0.5800000000000001,-1.7000000000000002,-1.7000000000000002,2.7777777777777777,2.7777777777777777,28.658055555555553,5.1657777777777705,5.1657777777777705,-0.09999999999999964,-0.09999999999999964,-1.7000000000000002,-1.7000000000000002,2.7777777777777777,2.7777777777777777
15,0.0,False,0,4.0,False,30.555555555555554,-4.155555555555561,-4.155555555555561,1.6,1.6,0.0,0.0,2.7777777777777777,2.7777777777777777,,,,,,,,,
15,0.1,False,0,4.0,False,30.555555555555554,-4.155555555555561,-4.155555555555561,1.5300000000000002,1.5300000000000002,-0.1,-0.1,2.7777777777777777,2.7777777777777777,30.555555555555554,423.62222222222084,423.62222222222084,-0.00999999999999579,-0.00999999999999579,-0.1,-0.1,2.7777777777777777,2.7777777777777777
15,0.2,False,0,4.0,False,30.555555555555554,-4.155555555555561,-4.155555555555561,1.46,1.46,-0.2,-0.2,2.7777777777777777,2.7777777777777777,30.555555555555554,201.39999999999958,201.39999999999958,-0.019999999999997353,-0.019999999999997353,-0.2,-0.2,2.7777777777777777,2.7777777777777777
15,0.30000000000000004,False,0,4.0,False,30.555555555555554,-4.155555555555561,-4.155555555555561,1.3900000000000001,1.3900000000000001,-0.30000000000000004,-0.30000000000000004,2.7777777777777777,2.7777777777777777,30.555555555555554,126.3999999999999,126.3999999999999,-0.020000000000001572,-0.020000000000001572,-0.30000000000000004,-0.30000000000000004,2.7777777777777777,2.7777777777777777
15,0.4,False,0,3.200000000000001,True,30.555555555555554,-4.155555555555561,-4.155555555555561,1.3200000000000003,1.3200000000000003,-0.4,-0.4,2.7777777777777777,2.7777777777777777,30.555555555555554,87.51111111111116,87.51111111111116,-6.661338147750939e-16,-6.661338147750939e-16,-0.4,-0.4,2.7777777777777777,2.7777777777777777
15,0.5,False,0,2.400000000000001,True,30.555555555555554,-4.155555555555561,-4.155555555555561,1.25,1.25,-0.5,-0.5,2.7777777777777777,2.7777777777777777,30.555555555555554,65.28888888888893,65.28888888888893,0.0,0.0,-0.5,-0.5,2.7777777777777777,2.7777777777777777
15,0.6000000000000001,False,0,1.866666666666667,True,30.555555555555554,-4.155555555555561,-4.155555555555561,1.1800000000000002,1.1800000000000002,-0.6000000000000001,-0.6000000000000001,2.7777777777777777,2.7777777777777777,30.555555555555554,51.400000000000034,51.400000000000034,-0.019999999999999574,-0.019999999999999574,-0.6000000000000001,-0.6000000000000001,2.7777777777777777,2.7777777777777777
15,0.7000000000000001,False,0,1.4857142857142855,True,30.555555555555554,-4.155555555555561,-4.155555555555561,1.1099999999999999,1.1099999999999999,-0.7000000000000001,-0.7000000000000001,2.7777777777777777,2.7777777777777777,30.555555555555554,40.28888888888891,40.28888888888891,-0.009999999999999343,-0.009999999999999343,-0.7000000000000001,-0.7000000000000001,2.7777777777777777,2.7777777777777777
15,0.8,False,0,1.2000000000000004,True,30.429055555555554,-4.168205555555558,-4.168205555555558,1.04,1.04,-0.8,-0.8,2.7777777777777777,2.7777777777777777,30.429055555555554,31.778455555555563,31.778455555555563,-2.220446049250313e-16,-2.220446049250313e-16,-0.8,-0.8,2.7777777777777777,2.7777777777777777
15,0.9,False,0,0.9777777777777776,True,30.429055555555554,-4.168205555555558,-4.168205555555558,0.9700000000000002,0.9700000000000002,-0.9,-0.9,2.7777777777777777,2.7777777777777777,30.429055555555554,26.248200000000004,26.248200000000004,-0.02000000000000024,-0.02000000000000024,-0.9,-0.9,2.7777777777777777,2.7777777777777777
15,1.0,False,0,0.8000000000000003,True,30.176055555555553,-4.206155555555557,-4.206155555555557,0.8999999999999999,0.8999999999999999,-1.0,-1.0,2.7777777777777777,2.7777777777777777,30.176055555555553,20.452294444444437,20.452294444444437,0.0,0.0,-1.0,-1.0,2.7777777777777777,2.7777777777777777
15,1.1,False,0,0.6545454545454547,True,29.796555555555553,-4.282055555555554,-4.282055555555554,0.8300000000000001,0.8300000000000001,-1.1,-1.1,2.7777777777777777,2.7777777777777777,29.796555555555553,17.33296666666666,17.33296666666666,-0.0499999999999996,-0.0499999999999996,-1.1,-1.1,2.7777777777777777,2.7777777777777777
15,1.2000000000000002,False,0,0.5333333333333333,True,29.796555555555553,-4.282055555555554,-4.282055555555554,0.7599999999999998,0.7599999999999998,-1.2000000000000002,-1.2000000000000002,2.7777777777777777,2.7777777777777777,29.796555555555553,14.631088888888886,14.631088888888886,-0.07999999999999963,-0.07999999999999963,-1.2000000000000002,-1.2000000000000002,2.7777777777777777,2.7777777777777777
15,1.3,False,0,0.4307692307692308,True,29.796555555555553,-4.282055555555554,-4.282055555555554,0.69,0.69,-1.3,-1.3,2.7777777777777777,2.7777777777777777,29.796555555555553,11.929211111111112,11.929211111111112,-0.09000000000000008,-0.09000000000000008,-1.3,-1.3,2.7777777777777777,2.7777777777777777
15,1.4000000000000001,False,0,0.3428571428571428,True,29.290555555555553,-4.191444444444445,-4.191444444444445,0.6200000000000001,0.6200000000000001,-1.4000000000000001,-1.4000000000000001,2.7777777777777777,2.7777777777777777,28.658055555555553,8.531583333333327,8.531583333333327,-0.08000000000000007,-0.08000000000000007,-1.4000000000000001,-1.4000000000000001,2.7777777777777777,2.7777777777777777
15,1.5,False,0,0.2666666666666666,True,29.290555555555553,-4.191444444444445,-4.191444444444445,0.5500000000000003,0.5500000000000003,-1.5,-1.5,2.7777777777777777,2.7777777777777777,28.658055555555553,5.943555555555549,5.943555555555549,-0.04999999999999982,-0.04999999999999982,-1.5,-1.5,2.7777777777777777,2.7777777777777777
15,1.6,False,0,0.20000000000000018,True,29.290555555555553,-4.191444444444445,-4.191444444444445,0.48,0.48,-1.6,-1.6,2.7777777777777777,2.7777777777777777,28.658055555555553,5.943555555555549,5.943555555555549,-0.1599999999999997,-0.1599999999999997,-1.6,-1.6,2.7777777777777777,2.7777777777777777
15,1.7000000000000002,False,0,0.1411764705882354,True,28.658055555555553,-4.001694444444442,-4.001694444444442,0.41000000000000014,0.41000000000000014,-1.7000000000000002,-1.7000000000000002,2.7777777777777777,2.7777777777777777,27.899055555555552,2.938077777777779,2.938077777777779,-0.09999999999999964,-0.09999999999999964,-1.7000000000000002,-1.7000000000000002,2.7777777777777777,2.7777777777777777
17,0.0,False,0,4.0,False,30.555555555555554,-3.377777777777779,-3.377777777777779,1.6,1.6,0.0,0.0,2.7777777777777777,2.7777777777777777,,,,,,,,,
17,0.1,False,0,4.0,False,30.555555555555554,-3.377777777777779,-3.377777777777779,1.52,1.52,-0.1,-0.1,2.7777777777777777,2.7777777777777777,30.555555555555554,421.62222222222084,421.62222222222084,-0.00999999999999579,-0.00999999999999579,-0.1,-0.1,2.7777777777777777,2.7777777777777777
17,0.2,False,0,4.0,False,30.555555555555554,-3.377777777777779,-3.377777777777779,1.44,1.44,-0.2,-0.2,2.7777777777777777,2.7777777777777777,30.555555555555554,199.39999999999958,199.39999999999958,-0.019999999999997353,-0.019999999999997353,-0.2,-0.2,2.7777777777777777,2.7777777777777777
17,0.30000000000000004,False,0,4.0,False,30.555555555555554,-3.377777777777779,-3.377777777777779,1.3599999999999999,1.3599999999999999,-0.30000000000000004,-0.30000000000000004,2.7777777777777777,2.7777777777777777,30.555555555555554,124.3999999999999,124.3999999999999,-0.020000000000001572,-0.020000000000001572,-0.30000000000000004,-0.30000000000000004,2.7777777777777777,2.7777777777777777
17,0.4,False,0,3.100000000000001,True,30.555555555555554,-3.377777777777779,-3.377777777777779,1.2800000000000002,1.2800000000000002,-0.4,-0.4,2.7777777777777777,2.7777777777777777,30.555555555555554,85.51111111111116,85.51111111111116,-6.661338147750939e-16,-6.661338147750939e-16,-0.4,-0.4,2.7777777777777777,2.7777777777777777
17,0.5,False,0,2.2999999999999994,True,30.555555555555554,-3.377777777777779,-3.377777777777779,1.2000000000000002,1.2000000000000002,-0.5,-0.5,2.7777777777777777,2.7777777777777777,30.555555555555554,63.288888888888934,63.288888888888934,0.0,0.0,-0.5,-0.5,2.7777777777777777,2.7777777777777777
17,0.6000000000000001,False,0,1.7666666666666662,True,30.429055555555554,-3.39042777777778,-3.39042777777778,1.12,1.12,-0.6000000000000001,-0.6000000000000001,2.7777777777777777,2.7777777777777777,30.429055555555554,49.14699999999998,49.14699999999998,-0.019999999999999574,-0.019999999999999574,-0.6000000000000001,-0.6000000000000001,2.7777777777777777,2.7777777777777777
17,0.7000000000000001,False,0,1.385714285714286,True,30.429055555555554,-3.39042777777778,-3.39042777777778,1.04,1.04,-0.7000000000000001,-0.7000000000000001,2.7777777777777777,2.7777777777777777,30.429055555555554,38.08648888888889,38.08648888888889,-0.009999999999999343,-0.009999999999999343,-0.7000000000000001,-0.7000000000000001,2.7777777777777777,2.7777777777777777
17,0.8,False,0,1.1000000000000003,True,30.176055555555553,-3.4283777777777784,-3.4283777777777784,0.9600000000000004,0.9600000000000004,-0.8,-0.8,2.7777777777777777,2.7777777777777777,30.176055555555553,29.449555555555545,29.449555555555545,-2.220446049250313e-16,-2.220446049250313e-16,-0.8,-0.8,2.7777777777777777,2.7777777777777777
17,0.9,False,0,0.8777777777777778,True,30.176055555555553,-3.4283777777777784,-3.4283777777777784,0.8799999999999999,0.8799999999999999,-0.9,-0.9,2.7777777777777777,2.7777777777777777,30.176055555555553,23.969899999999996,23.969899999999996,-0.02000000000000024,-0.02000000000000024,-0.9,-0.9,2.7777777777777777,2.7777777777777777
17,1.0,False,0,0.7000000000000002,True,29.796555555555553,-3.5042777777777756,-3.5042777777777756,0.8000000000000003,0.8000000000000003,-1.0,-1.0,2.7777777777777777,2.7777777777777777,29.796555555555553,18.110744444444432,18.110744444444432,0.0,0.0,-1.0,-1.0,2.7777777777777777,2.7777777777777777
17,1.1,False,0,0.5545454545454548,True,29.290555555555553,-3.630777777777772,-3.630777777777772,0.7200000000000002,0.7200000000000002,-1.1,-1.1,2.7777777777777777,2.7777777777777777,29.290555555555553,14.92816666666668,14.92816666666668,-0.0499999999999996,-0.0499999999999996,-1.1,-1.1,2.7777777777777777,2.7777777777777777
17,1.2000000000000002,False,0,0.4333333333333333,True,29.290555555555553,-3.630777777777772,-3.630777777777772,0.6400000000000001,0.6400000000000001,-1.2000000000000002,-1.2000000000000002,2.7777777777777777,2.7777777777777777,29.290555555555553,12.276888888888902,12.276888888888902,-0.07999999999999963,-0.07999999999999963,-1.2000000000000002,-1.2000000000000002,2.7777777777777777,2.7777777777777777
17,1.3,False,0,0.33076923076923087,True,29.290555555555553,-3.630777777777772,-3.630777777777772,0.56,0.56,-1.3,-1.3,2.7777777777777777,2.7777777777777777,29.290555555555553,9.625611111111123,9.625611111111123,-0.09000000000000008,-0.09000000000000008,-1.3,-1.3,2.7777777777777777,2.7777777777777777
17,1.4000000000000001,False,0,0.24285714285714274,True,28.658055555555553,-3.8205277777777757,-3.8205277777777757,0.48,0.48,-1.4000000000000001,-1.4000000000000001,2.7777777777777777,2.7777777777777777,28.658055555555553,6.5315833333333275,6.5315833333333275,-0.08000000000000007,-0.08000000000000007,-1.4000000000000001,-1.4000000000000001,2.7777777777777777,2.7777777777777777
17,1.5,False,0,0.16666666666666666,True,28.658055555555553,-3.8205277777777757,-3.8205277777777757,0.3999999999999999,0.3999999999999999,-1.5,-1.5,2.7777777777777777,2.7777777777777777,28.658055555555553,3.943555555555549,3.943555555555549,-0.04999999999999982,-0.04999999999999982,-1.5,-1.5,2.7777777777777777,2.7777777777777777
17,1.6,False,0,0.10000000000000009,True,28.658055555555553,-3.8205277777777757,-3.8205277777777757,0.3200000000000003,0.3200000000000003,-1.6,-1.6,2.7777777777777777,2.7777777777777777,28.658055555555553,3.943555555555549,3.943555555555549,-0.1599999999999997,-0.1599999999999997,-1.6,-1.6,2.7777777777777777,2.7777777777777777
17,1.7000000000000002,False,0,0.04117647058823546,True,27.899055555555552,-4.086177777777777,-4.086177777777777,0.2400000000000002,0.2400000000000002,-1.7000000000000002,-1.7000000000000002,2.7777777777777777,2.7777777777777777,27.899055555555552,0.9380777777777789,0.9380777777777789,-0.09999999999999964,-0.09999999999999964,-1.7000000000000002,-1.7000000000000002,2.7777777777777777,2.7777777777777777
19,0.0,False,0,4.0,False,30.555555555555554,-3.2222222222222205,-3.2222222222222205,1.6,1.6,0.0,0.0,2.7777777777777777,2.7777777777777777,,,,,,,,,
19,0.1,False,0,4.0,False,30.555555555555554,-3.2222222222222205,-3.2222222222222205,1.52,1.52,-0.1,-0.1,2.7777777777777777,2.7777777777777777,30.555555555555554,419.62222222222084,419.62222222222084,-0.00999999999999579,-0.00999999999999579,-0.1,-0.1,2.7777777777777777,2.7777777777777777
19,0.2,False,0,4.0,False,30.555555555555554,-3.2222222222222205,-3.2222222222222205,1.44,1.44,-0.2,-0.2,2.7777777777777777,2.7777777777777777,30.555555555555554,197.39999999999958,197.39999999999958,-0.019999999999997353,-0.019999999999997353,-0.2,-0.2,2.7777777777777777,2.7777777777777777
19,0.30000000000000004,False,0,4.0,False,30.555555555555554,-3.2222222222222205,-3.2222222222222205,1.3599999999999999,1.3599999999999999,-0.30000000000000004,-0.30000000000000004,2.7777777777777777,2.7777777777777777,30.555555555555554,122.3999999999999,122.3999999999999,-0.020000000000001572,-0.020000000000001572,-0.30000000000000004,-0.30000000000000004,2.7777777777777777,2.7777777777777777
19,0.4,False,0,3.100000000000001,True,30.555555555555554,-3.2222222222222205,-3.2222222222222205,1.2800000000000002,1.2800000000000002,-0.4,-0.4,2.7777777777777777,2.7777777777777777,30.555555555555554,83.51111111111116,83.51111111111116,-6.661338147750939e-16,-6.661338147750939e-16,-0.4,-0.4,2.7777777777777777,2.7777777777777777
19,0.5,False,0,2.2999999999999994,True,30.555555555555554,-3.2222222222222205,-3.2222222222222205,1.2000000000000002,1.2000000000000002,-0.5,-0.5,2.7777777777777777,2.7777777777777777,30.429055555555554,60.98528888888883,60.98528888888883,0.0,0.0,-0.5,-0.5,2.7777777777777777,2.7777777777777777
19,0.6000000000000001,False,0,1.7666666666666662,True,30.429055555555554,-3.20957222222222,-3.20957222222222,1.12,1.12,-0.6000000000000001,-0.6000000000000001,2.7777777777777777,2.7777777777777777,30.176055555555553,46.666300000000035,46.666300000000035,-0.019999999999999574,-0.019999999999999574,-0.6000000000000001,-0.6000000000000001,2.7777777777777777,2.7777777777777777
19,0.7000000000000001,False,0,1.385714285714286,True,30.429055555555554,-3.20957222222222,-3.20957222222222,1.04,1.04,-0.7000000000000001,-0.7000000000000001,2.7777777777777777,2.7777777777777777,30.176055555555553,35.706988888888894,35.706988888888894,-0.009999999999999343,-0.009999999999999343,-0.7000000000000001,-0.7000000000000001,2.7777777777777777,2.7777777777777777
19,0.8,False,0,1.0000000000000002,True,30.176055555555553,-3.1716222222222212,-3.1716222222222212,0.9600000000000004,0.9600000000000004,-0.8,-0.8,2.7777777777777777,2.7777777777777777,29.796555555555553,26.99415555555553,26.99415555555553,-2.220446049250313e-16,-2.220446049250313e-16,-0.8,-0.8,2.7777777777777777,2.7777777777777777
19,0.9,False,0,0.7777777777777775,True,30.176055555555553,-3.1716222222222212,-3.1716222222222212,0.8799999999999999,0.8799999999999999,-0.9,-0.9,2.7777777777777777,2.7777777777777777,29.796555555555553,21.59039999999998,21.59039999999998,-0.02000000000000024,-0.02000000000000024,-0.9,-0.9,2.7777777777777777,2.7777777777777777
19,1.0,False,0,0.6000000000000001,True,29.796555555555553,-3.095722222222224,-3.095722222222224,0.8000000000000003,0.8000000000000003,-1.0,-1.0,2.7777777777777777,2.7777777777777777,29.290555555555553,15.705944444444452,15.705944444444452,0.0,0.0,-1.0,-1.0,2.7777777777777777,2.7777777777777777
19,1.1,False,0,0.4545454545454549,True,28.658055555555553,-3.042749999999997,-3.042749999999997,0.6100000000000003,0.6100000000000003,-1.1,-1.1,2.7777777777777777,2.7777777777777777,28.658055555555553,12.485416666666655,12.485416666666655,-0.0499999999999996,-0.0499999999999996,-1.1,-1.1,2.7777777777777777,2.7777777777777777
19,1.2000000000000002,False,0,0.3333333333333332,True,28.658055555555553,-3.042749999999997,-3.042749999999997,0.52,0.52,-1.2000000000000002,-1.2000000000000002,2.7777777777777777,2.7777777777777777,28.658055555555553,9.89738888888888,9.89738888888888,-0.07999999999999963,-0.07999999999999963,-1.2000000000000002,-1.2000000000000002,2.7777777777777777,2.7777777777777777
19,1.3,False,0,0.23076923076923062,True,28.658055555555553,-3.042749999999997,-3.042749999999997,0.43000000000000016,0.43000000000000016,-1.3,-1.3,2.7777777777777777,2.7777777777777777,28.658055555555553,7.309361111111106,7.309361111111106,-0.09000000000000008,-0.09000000000000008,-1.3,-1.3,2.7777777777777777,2.7777777777777777
19,1.4000000000000001,False,0,0.14285714285714265,True,27.899055555555552,-3.308399999999998,-3.308399999999998,0.33999999999999986,0.33999999999999986,-1.4000000000000001,-1.4000000000000001,2.7777777777777777,2.7777777777777777,27.899055555555552,4.227983333333339,4.227983333333339,-0.08000000000000007,-0.08000000000000007,-1.4000000000000001,-1.4000000000000001,2.7777777777777777,2.7777777777777777
19,1.5,False,0,0.06666666666666672,True,27.899055555555552,-3.308399999999998,-3.308399999999998,0.25,0.25,-1.5,-1.5,2.7777777777777777,2.7777777777777777,27.899055555555552,1.7158555555555575,1.7158555555555575,-0.04999999999999982,-0.04999999999999982,-1.5,-1.5,2.7777777777777777,2.7777777777777777
19,1.6,False,0,1.3877787807814457e-16,True,27.899055555555552,-3.308399999999998,-3.308399999999998,0.16000000000000014,0.16000000000000014,-1.6,-1.6,2.7777777777777777,2.7777777777777777,27.899055555555552,1.7158555555555575,1.7158555555555575,-0.1599999999999997,-0.1599999999999997,-1.6,-1.6,2.7777777777777777,2.7777777777777777
19,1.7000000000000002,True,1,0.0,True,27.139761555555552,-3.6499793999999985,-3.6499793999999985,0.07000000000000028,0.07000000000000028,-1.7000000000000002,-1.7000000000000002,2.7777777777777777,2.7777777777777777,27.139761555555552,-1.2137810222222205,-1.2137810222222205,-0.09999999999999964,-0.09999999999999964,-1.7000000000000002,-1.7000000000000002,2.7777777777777777,2.7777777777777777
21,0.0,False,0,4.0,False,30.555555555555554,-3.999999999999999,-3.999999999999999,1.6,1.6,0.0,0.0,2.7777777777777777,2.7777777777777777,,,,,,,,,
21,0.1,False,0,4.0,False,30.555555555555554,-3.999999999999999,-3.999999999999999,1.5100000000000002,1.5100000000000002,-0.1,-0.1,2.7777777777777777,2.7777777777777777,30.555555555555554,417.62222222222084,417.62222222222084,-0.00999999999999579,-0.00999999999999579,-0.1,-0.1,2.7777777777777777,2.7777777777777777
21,0.2,False,0,4.0,False,30.555555555555554,-3.999999999999999,-3.999999999999999,1.42,1.42,-0.2,-0.2,2.7777777777777777,2.7777777777777777,30.555555555555554,195.39999999999958,195.39999999999958,-0.019999999999997353,-0.019999999999997353,-0.2,-0.2,2.7777777777777777,2.7777777777777777
21,0.30000000000000004,False,0,4.0,True,30.555555555555554,-3.999999999999999,-3.999999999999999,1.33,1.33,-0.30000000000000004,-0.30000000000000004,2.7777777777777777,2.7777777777777777,30.555555555555554,120.3999999999999,120.3999999999999,-0.020000000000001572,-0.020000000000001572,-0.30000000000000004,-0.30000000000000004,2.7777777777777777,2.7777777777777777
21,0.4,False,0,3.000000000000001,True,30.555555555555554,-3.999999999999999,-3.999999999999999,1.2400000000000002,1.2400000000000002,-0.4,-0.4,2.7777777777777777,2.7777777777777777,30.555555555555554,81.51111111111116,81.51111111111116,-6.661338147750939e-16,-6.661338147750939e-16,-0.4,-0.4,2.7777777777777777,2.7777777777777777
21,0.5,False,0,2.1999999999999997,True,30.429055555555554,-3.9873499999999984,-3.9873499999999984,1.15,1.15,-0.5,-0.5,2.7777777777777777,2.7777777777777777,30.176055555555553,58.403388888888955,58.403388888888955,0.0,0.0,-0.5,-0.5,2.7777777777777777,2.7777777777777777
21,0.6000000000000001,False,0,1.6666666666666665,True,30.176055555555553,-3.9493999999999962,-3.9493999999999962,1.06,1.06,-0.6000000000000001,-0.6000000000000001,2.7777777777777777,2.7777777777777777,29.796555555555553,43.98319999999997,43.98319999999997,-0.019999999999999574,-0.019999999999999574,-0.6000000000000001,-0.6000000000000001,2.7777777777777777,2.7777777777777777
21,0.7000000000000001,False,0,1.2857142857142854,True,30.176055555555553,-3.9493999999999962,-3.9493999999999962,0.9700000000000002,0.9700000000000002,-0.7000000000000001,-0.7000000000000001,2.7777777777777777,2.7777777777777777,29.796555555555553,33.175688888888864,33.175688888888864,-0.009999999999999343,-0.009999999999999343,-0.7000000000000001,-0.7000000000000001,2.7777777777777777,2.7777777777777777
21,0.8,False,0,1.0000000000000002,True,29.796555555555553,-3.873499999999999,-3.873499999999999,0.8800000000000003,0.8800000000000003,-0.8,-0.8,2.7777777777777777,2.7777777777777777,29.290555555555553,24.43755555555557,24.43755555555557,-2.220446049250313e-16,-2.220446049250313e-16,-0.8,-0.8,2.7777777777777777,2.7777777777777777
21,0.9,False,0,0.7777777777777775,True,29.796555555555553,-3.873499999999999,-3.873499999999999,0.79,0.79,-0.9,-0.9,2.7777777777777777,2.7777777777777777,29.290555555555553,19.135000000000012,19.135000000000012,-0.02000000000000024,-0.02000000000000024,-0.9,-0.9,2.7777777777777777,2.7777777777777777
21,1.0,False,0,0.6000000000000001,True,29.290555555555553,-3.746999999999999,-3.746999999999999,0.7000000000000002,0.7000000000000002,-1.0,-1.0,2.7777777777777777,2.7777777777777777,28.658055555555553,13.263194444444427,13.263194444444427,0.0,0.0,-1.0,-1.0,2.7777777777777777,2.7777777777777777
21,1.1,False,0,0.3545454545454546,True,28.658055555555553,-3.5572500000000025,-3.5572500000000025,0.6100000000000003,0.6100000000000003,-1.1,-1.1,2.7777777777777777,2.7777777777777777,27.899055555555552,10.030016666666672,10.030016666666672,-0.0499999999999996,-0.0499999999999996,-1.1,-1.1,2.7777777777777777,2.7777777777777777
21,1.2000000000000002,False,0,0.2333333333333335,True,28.658055555555553,-3.5572500000000025,-3.5572500000000025,0.52,0.52,-1.2000000000000002,-1.2000000000000002,2.7777777777777777,2.7777777777777777,27.899055555555552,7.517888888888895,7.517888888888895,-0.07999999999999963,-0.07999999999999963,-1.2000000000000002,-1.2000000000000002,2.7777777777777777,2.7777777777777777
21,1.3,False,0,0.13076923076923072,True,28.658055555555553,-3.5572500000000025,-3.5572500000000025,0.43000000000000016,0.43000000000000016,-1.3,-1.3,2.7777777777777777,2.7777777777777777,27.899055555555552,5.005761111111117,5.005761111111117,-0.09000000000000008,-0.09000000000000008,-1.3,-1.3,2.7777777777777777,2.7777777777777777
21,1.4000000000000001,False,0,0.04285714285714273,True,27.899055555555552,-3.2916000000000016,-3.2916000000000016,0.33999999999999986,0.33999999999999986,-1.4000000000000001,-1.4000000000000001,2.7777777777777777,2.7777777777777777,27.139761555555552,2.0001951333333396,2.0001951333333396,-0.08000000000000007,-0.08000000000000007,-1.4000000000000001,-1.4000000000000001,2.7777777777777777,2.7777777777777777
21,1.5,True,1,0.0,True,27.899055555555552,-3.2916000000000016,-3.2916000000000016,0.25,0.25,-1.5,-1.5,2.7777777777777777,2.7777777777777777,27.139761555555552,-0.43600324444444194,-0.43600324444444194,-0.04999999999999982,-0.04999999999999982,-1.5,-1.5,2.7777777777777777,2.7777777777777777
21,1.6,True,1,0.0,True,27.899055555555552,-3.2916000000000016,-3.2916000000000016,0.16000000000000014,0.16000000000000014,-1.6,-1.6,2.7777777777777777,2.7777777777777777,27.139761555555552,-0.43600324444444194,-0.43600324444444194,-0.1599999999999997,-0.1599999999999997,-1.6,-1.6,2.7777777777777777,2.7777777777777777
21,1.7000000000000002,True,1,0.0,True,26.38046755555555,-3.28971042222222,-3.28971042222222,-0.09999999999999964,-0.09999999999999964,-1.7000000000000002,-1.7000000000000002,2.7777777777777777,2.7777777777777777,26.38046755555555,-3.28971042222222,-3.28971042222222,-0.09999999999999964,-0.09999999999999964,-1.7000000000000002,-1.7000000000000002,2.7777777777777777,2.7777777777777777
23,0.0,False,0,4.0,False,30.555555555555554,-3.822222222222222,-3.822222222222222,1.6,1.6,0.0,0.0,2.7777777777777777,2.7777777777777777,,,,,,,,,
23,0.1,False,0,4.0,False,30.555555555555554,-3.822222222222222,-3.822222222222222,1.5,1.5,-0.1,-0.1,2.7777777777777777,2.7777777777777777,30.555555555555554,415.62222222222084,415.62222222222084,-0.00999999999999579,-0.00999999999999579,-0.1,-0.1,2.7777777777777777,2.7777777777777777
23,0.2,False,0,4.0,False,30.555555555555554,-3.822222222222222,-3.822222222222222,1.4,1.4,-0.2,-0.2,2.7777777777777777,2.7777777777777777,30.555555555555554,193.39999999999958,193.39999999999958,-0.019999999999997353,-0.019999999999997353,-0.2,-0.2,2.7777777777777777,2.7777777777777777
23,0.30000000000000004,False,0,4.0,True,30.555555555555554,-3.822222222222222,-3.822222222222222,1.3000000000000003,1.3000000000000003,-0.30000000000000004,-0.30000000000000004,2.7777777777777777,2.7777777777777777,30.555555555555554,118.3999999999999,118.3999999999999,-0.020000000000001572,-0.020000000000001572,-0.30000000000000004,-0.30000000000000004,2.7777777777777777,2.7777777777777777
23,0.4,False,0,2.900000000000001,True,30.555555555555554,-3.822222222222222,-3.822222222222222,1.2000000000000002,1.2000000000000002,-0.4,-0.4,2.7777777777777777,2.7777777777777777,30.555555555555554,79.51111111111116,79.51111111111116,-6.661338147750939e-16,-6.661338147750939e-16,-0.4,-0.4,2.7777777777777777,2.7777777777777777
23,0.5,False,0,2.1,True,30.176055555555553,-3.872822222222225,-3.872822222222225,1.1,1.1,-0.5,-0.5,2.7777777777777777,2.7777777777777777,30.176055555555553,56.403388888888955,56.403388888888955,0.0,0.0,-0.5,-0.5,2.7777777777777777,2.7777777777777777
23,0.6000000000000001,False,0,1.5666666666666664,True,29.796555555555553,-3.9487222222222256,-3.9487222222222256,1.0,1.0,-0.6000000000000001,-0.6000000000000001,2.7777777777777777,2.7777777777777777,29.796555555555553,41.98319999999997,41.98319999999997,-0.019999999999999574,-0.019999999999999574,-0.6000000000000001,-0.6000000000000001,2.7777777777777777,2.7777777777777777
23,0.7000000000000001,False,0,1.1857142857142857,True,29.796555555555553,-3.9487222222222256,-3.9487222222222256,0.8999999999999999,0.8999999999999999,-0.7000000000000001,-0.7000000000000001,2.7777777777777777,2.7777777777777777,29.796555555555553,31.17568888888886,31.17568888888886,-0.009999999999999343,-0.009999999999999343,-0.7000000000000001,-0.7000000000000001,2.7777777777777777,2.7777777777777777
23,0.8,False,0,0.9000000000000002,True,29.290555555555553,-4.075222222222222,-4.075222222222222,0.8000000000000003,0.8000000000000003,-0.8,-0.8,2.7777777777777777,2.7777777777777777,29.290555555555553,22.437555555555573,22.437555555555573,-2.220446049250313e-16,-2.220446049250313e-16,-0.8,-0.8,2.7777777777777777,2.7777777777777777
23,0.9,False,0,0.6777777777777776,True,29.290555555555553,-4.075222222222222,-4.075222222222222,0.6999999999999997,0.6999999999999997,-0.9,-0.9,2.7777777777777777,2.7777777777777777,29.290555555555553,17.13500000000001,17.13500000000001,-0.02000000000000024,-0.02000000000000024,-0.9,-0.9,2.7777777777777777,2.7777777777777777
23,1.0,False,0,0.5,True,28.658055555555553,-4.264972222222226,-4.264972222222226,0.6000000000000001,0.6000000000000001,-1.0,-1.0,2.7777777777777777,2.7777777777777777,28.658055555555553,11.263194444444427,11.263194444444427,0.0,0.0,-1.0,-1.0,2.7777777777777777,2.7777777777777777
23,1.1,False,0,0.3545454545454546,True,27.899055555555552,-4.06937777777778,-4.06937777777778,0.5000000000000004,0.5000000000000004,-1.1,-1.1,2.7777777777777777,2.7777777777777777,27.139761555555552,7.650369666666674,7.650369666666674,-0.0499999999999996,-0.0499999999999996,-1.1,-1.1,2.7777777777777777,2.7777777777777777
23,1.2000000000000002,False,0,0.2333333333333335,True,27.899055555555552,-4.06937777777778,-4.06937777777778,0.3999999999999999,0.3999999999999999,-1.2000000000000002,-1.2000000000000002,2.7777777777777777,2.7777777777777777,27.139761555555552,5.214171288888896,5.214171288888896,-0.07999999999999963,-0.07999999999999963,-1.2000000000000002,-1.2000000000000002,2.7777777777777777,2.7777777777777777
23,1.3,False,0,0.13076923076923072,True,27.899055555555552,-4.06937777777778,-4.06937777777778,0.2999999999999998,0.2999999999999998,-1.3,-1.3,2.7777777777777777,2.7777777777777777,27.139761555555552,2.777972911111118,2.777972911111118,-0.09000000000000008,-0.09000000000000008,-1.3,-1.3,2.7777777777777777,2.7777777777777777
23,1.4000000000000001,True,1,0.0,True,27.139761555555552,-3.7277983777777797,-3.7277983777777797,0.19999999999999973,0.19999999999999973,-1.4000000000000001,-1.4000000000000001,2.7777777777777777,2.7777777777777777,26.38046755555555,-0.15166366666665976,-0.15166366666665976,-0.08000000000000007,-0.08000000000000007,-1.4000000000000001,-1.4000000000000001,2.7777777777777777,2.7777777777777777
23,1.5,True,1,0.0,True,27.139761555555552,-3.7277983777777797,-3.7277983777777797,0.10000000000000009,0.10000000000000009,-1.5,-1.5,2.7777777777777777,2.7777777777777777,26.38046755555555,-2.5119326444444416,-2.5119326444444416,-0.04999999999999982,-0.04999999999999982,-1.5,-1.5,2.7777777777777777,2.7777777777777777
23,1.6,True,1,0.0,True,27.139761555555552,-3.7277983777777797,-3.7277983777777797,2.220446049250313e-16,2.220446049250313e-16,-1.6,-1.6,2.7777777777777777,2.7777777777777777,26.38046755555555,-2.5119326444444416,-2.5119326444444416,-0.1599999999999997,-0.1599999999999997,-1.6,-1.6,2.7777777777777777,2.7777777777777777
23,1.7000000000000002,True,2,0.0,True,26.38046755555555,-3.3102895777777794,-3.3102895777777794,-0.09999999999999964,-0.09999999999999964,-1.7000000000000002,-1.7000000000000002,2.7777777777777777,2.7777777777777777,26.38046755555555,-3.3102895777777794,-3.3102895777777794,-0.09999999999999964,-0.09999999999999964,-1.7000000000000002,-1.7000000000000002,2.7777777777777777,2.7777777777777777
25,0.0,False,0,4.0,False,30.555555555555554,-3.04444444444444,-3.04444444444444,1.6,1.6,0.0,0.0,2.7777777777777777,2.7777777777777777,,,,,,,,,
25,0.1,False,0,4.0,False,30.555555555555554,-3.04444444444444,-3.04444444444444,1.4900000000000002,1.4900000000000002,-0.1,-0.1,2.7777777777777777,2.7777777777777777,30.555555555555554,413.62222222222084,413.62222222222084,-0.00999999999999579,-0.00999999999999579,-0.1,-0.1,2.7777777777777777,2.7777777777777777
25,0.2,False,0,4.0,False,30.555555555555554,-3.04444444444444,-3.04444444444444,1.3800000000000003,1.3800000000000003,-0.2,-0.2,2.7777777777777777,2.7777777777777777,30.555555555555554,191.39999999999958,191.39999999999958,-0.019999999999997353,-0.019999999999997353,-0.2,-0.2,2.7777777777777777,2.7777777777777777
25,0.30000000000000004,False,0,4.0,True,30.555555555555554,-3.04444444444444,-3.04444444444444,1.27,1.27,-0.30000000000000004,-0.30000000000000004,2.7777777777777777,2.7777777777777777,30.555555555555554,116.3999999999999,116.3999999999999,-0.020000000000001572,-0.020000000000001572,-0.30000000000000004,-0.30000000000000004,2.7777777777777777,2.7777777777777777
25,0.4,False,0,2.8000000000000007,True,30.429055555555554,-3.0570944444444406,-3.0570944444444406,1.1600000000000001,1.1600000000000001,-0.4,-0.4,2.7777777777777777,2.7777777777777777,30.429055555555554,77.13161111111101,77.13161111111101,-6.661338147750939e-16,-6.661338147750939e-16,-0.4,-0.4,2.7777777777777777,2.7777777777777777
25,0.5,False,0,2.0,True,29.796555555555553,-3.170944444444447,-3.170944444444447,1.0500000000000003,1.0500000000000003,-0.5,-0.5,2.7777777777777777,2.7777777777777777,29.796555555555553,53.56848888888884,53.56848888888884,0.0,0.0,-0.5,-0.5,2.7777777777777777,2.7777777777777777
25,0.6000000000000001,False,0,1.466666666666667,True,29.290555555555553,-3.297444444444447,-3.297444444444447,0.94,0.94,-0.6000000000000001,-0.6000000000000001,2.7777777777777777,2.7777777777777777,29.290555555555553,39.12299999999999,39.12299999999999,-0.019999999999999574,-0.019999999999999574,-0.6000000000000001,-0.6000000000000001,2.7777777777777777,2.7777777777777777
25,0.7000000000000001,False,0,1.0857142857142859,True,29.290555555555553,-3.297444444444447,-3.297444444444447,0.8300000000000001,0.8300000000000001,-0.7000000000000001,-0.7000000000000001,2.7777777777777777,2.7777777777777777,29.290555555555553,28.517888888888894,28.517888888888894,-0.009999999999999343,-0.009999999999999343,-0.7000000000000001,-0.7000000000000001,2.7777777777777777,2.7777777777777777
25,0.8,False,0,0.8000000000000002,True,28.658055555555553,-3.4871944444444436,-3.4871944444444436,0.7200000000000002,0.7200000000000002,-0.8,-0.8,2.7777777777777777,2.7777777777777777,28.658055555555553,19.805055555555537,19.805055555555537,-2.220446049250313e-16,-2.220446049250313e-16,-0.8,-0.8,2.7777777777777777,2.7777777777777777
25,0.9,False,0,0.5777777777777778,True,28.658055555555553,-3.4871944444444436,-3.4871944444444436,0.6099999999999999,0.6099999999999999,-0.9,-0.9,2.7777777777777777,2.7777777777777777,28.658055555555553,14.62899999999998,14.62899999999998,-0.02000000000000024,-0.02000000000000024,-0.9,-0.9,2.7777777777777777,2.7777777777777777
25,1.0,False,0,0.3999999999999999,True,27.899055555555552,-3.7528444444444444,-3.7528444444444444,0.5,0.5,-1.0,-1.0,2.7777777777777777,2.7777777777777777,27.899055555555552,8.807794444444443,8.807794444444443,0.0,0.0,-1.0,-1.0,2.7777777777777777,2.7777777777777777
25,1.1,False,0,0.25454545454545474,True,27.139761555555552,-4.094423844444438,-4.094423844444438,0.3900000000000001,0.3900000000000001,-1.1,-1.1,2.7777777777777777,2.7777777777777777,27.139761555555552,5.650369666666674,5.650369666666674,-0.0499999999999996,-0.0499999999999996,-1.1,-1.1,2.7777777777777777,2.7777777777777777
25,1.2000000000000002,False,0,0.13333333333333344,True,27.139761555555552,-4.094423844444438,-4.094423844444438,0.28000000000000025,0.28000000000000025,-1.2000000000000002,-1.2000000000000002,2.7777777777777777,2.7777777777777777,27.139761555555552,3.2141712888888962,3.2141712888888962,-0.07999999999999963,-0.07999999999999963,-1.2000000000000002,-1.2000000000000002,2.7777777777777777,2.7777777777777777
25,1.3,False,0,0.030769230769230625,True,27.139761555555552,-4.094423844444438,-4.094423844444438,0.16999999999999993,0.16999999999999993,-1.3,-1.3,2.7777777777777777,2.7777777777777777,27.139761555555552,0.7779729111111182,0.7779729111111182,-0.09000000000000008,-0.09000000000000008,-1.3,-1.3,2.7777777777777777,2.7777777777777777
25,1.4000000000000001,True,1,0.0,True,26.38046755555555,-4.0880673555555616,-4.0880673555555616,0.05999999999999983,0.05999999999999983,-1.4000000000000001,-1.4000000000000001,2.7777777777777777,2.7777777777777777,25.62117355555555,-2.2275930666666595,-2.2275930666666595,-0.08000000000000007,-0.08000000000000007,-1.4000000000000001,-1.4000000000000001,2.7777777777777777,2.7777777777777777
25,1.5,True,2,0.0,True,26.38046755555555,-4.0880673555555616,-4.0880673555555616,-0.04999999999999982,-0.04999999999999982,-1.5,-1.5,2.7777777777777777,2.7777777777777777,26.38046755555555,-4.0880673555555616,-4.0880673555555616,-0.04999999999999982,-0.04999999999999982,-1.5,-1.5,2.7777777777777777,2.7777777777777777
25,1.6,True,2,0.0,True,26.38046755555555,-4.0880673555555616,-4.0880673555555616,-0.1599999999999997,-0.1599999999999997,-1.6,-1.6,2.7777777777777777,2.7777777777777777,26.38046755555555,-4.0880673555555616,-4.0880673555555616,-0.1599999999999997,-0.1599999999999997,-1.6,-1.6,2.7777777777777777,2.7777777777777777
25,1.7000000000000002,True,2,0.0,True,25.62117355555555,-3.594629155555558,-3.594629155555558,-0.2699999999999996,-0.2699999999999996,-1.7000000000000002,-1.7000000000000002,2.7777777777777777,2.7777777777777777,26.38046755555555,-1.310289577777783,-1.310289577777783,-0.09999999999999964,-0.09999999999999964,-1.7000000000000002,-1.7000000000000002,2.7777777777777777,2.7777777777777777
27,0.0,False,0,4.0,False,30.555555555555554,-3.55555555555556,-3.55555555555556,1.6,1.6,0.0,0.0,2.7777777777777777,2.7777777777777777,,,,,,,,,
27,0.1,False,0,4.0,False,30.555555555555554,-3.55555555555556,-3.55555555555556,1.4900000000000002,1.4900000000000002,-0.1,-0.1,2.7777777777777777,2.7777777777777777,30.555555555555554,411.62222222222084,411.62222222222084,-0.00999999999999579,-0.00999999999999579,-0.1,-0.1,2.7777777777777777,2.7777777777777777
27,0.2,False,0,4.0,False,30.555555555555554,-3.55555555555556,-3.55555555555556,1.3800000000000003,1.3800000000000003,-0.2,-0.2,2.7777777777777777,2.7777777777777777,30.555555555555554,189.39999999999958,189.39999999999958,-0.019999999999997353,-0.019999999999997353,-0.2,-0.2,2.7777777777777777,2.7777777777777777
27,0.30000000000000004,False,0,4.0,True,30.555555555555554,-3.55555555555556,-3.55555555555556,1.27,1.27,-0.30000000000000004,-0.30000000000000004,2.7777777777777777,2.7777777777777777,30.555555555555554,114.3999999999999,114.3999999999999,-0.020000000000001572,-0.020000000000001572,-0.30000000000000004,-0.30000000000000004,2.7777777777777777,2.7777777777777777
27,0.4,False,0,2.8000000000000007,True,30.429055555555554,-3.542905555555559,-3.542905555555559,1.1600000000000001,1.1600000000000001,-0.4,-0.4,2.7777777777777777,2.7777777777777777,30.176055555555553,74.39791111111124,74.39791111111124,-6.661338147750939e-16,-6.661338147750939e-16,-0.4,-0.4,2.7777777777777777,2.7777777777777777
27,0.5,False,0,2.0,True,29.796555555555553,-3.4290555555555526,-3.4290555555555526,1.0500000000000003,1.0500000000000003,-0.5,-0.5,2.7777777777777777,2.7777777777777777,29.290555555555553,50.50588888888885,50.50588888888885,0.0,0.0,-0.5,-0.5,2.7777777777777777,2.7777777777777777
27,0.6000000000000001,False,0,1.366666666666667,True,29.290555555555553,-3.3025555555555526,-3.3025555555555526,0.94,0.94,-0.6000000000000001,-0.6000000000000001,2.7777777777777777,2.7777777777777777,28.658055555555553,36.110999999999976,36.110999999999976,-0.019999999999999574,-0.019999999999999574,-0.6000000000000001,-0.6000000000000001,2.7777777777777777,2.7777777777777777
27,0.7000000000000001,False,0,0.9857142857142855,True,29.290555555555553,-3.3025555555555526,-3.3025555555555526,0.8300000000000001,0.8300000000000001,-0.7000000000000001,-0.7000000000000001,2.7777777777777777,2.7777777777777777,28.658055555555553,25.758888888888865,25.758888888888865,-0.009999999999999343,-0.009999999999999343,-0.7000000000000001,-0.7000000000000001,2.7777777777777777,2.7777777777777777
27,0.8,False,0,0.7000000000000001,True,28.658055555555553,-3.112805555555556,-3.112805555555556,0.7200000000000002,0.7200000000000002,-0.8,-0.8,2.7777777777777777,2.7777777777777777,27.899055555555552,17.121955555555562,17.121955555555562,-2.220446049250313e-16,-2.220446049250313e-16,-0.8,-0.8,2.7777777777777777,2.7777777777777777
27,0.9,False,0,0.47777777777777747,True,28.658055555555553,-3.112805555555556,-3.112805555555556,0.6099999999999999,0.6099999999999999,-0.9,-0.9,2.7777777777777777,2.7777777777777777,27.899055555555552,12.0977,12.0977,-0.02000000000000024,-0.02000000000000024,-0.9,-0.9,2.7777777777777777,2.7777777777777777
27,1.0,False,0,0.30000000000000027,True,27.139761555555552,-3.3166460666666664,-3.3166460666666664,0.3999999999999999,0.3999999999999999,-1.0,-1.0,2.7777777777777777,2.7777777777777777,27.139761555555552,6.428147444444446,6.428147444444446,0.0,0.0,-1.0,-1.0,2.7777777777777777,2.7777777777777777
27,1.1,False,0,0.15454545454545487,True,26.38046755555555,-3.7341548666666595,-3.7341548666666595,0.28000000000000025,0.28000000000000025,-1.1,-1.1,2.7777777777777777,2.7777777777777777,26.38046755555555,3.3466520666666755,3.3466520666666755,-0.0499999999999996,-0.0499999999999996,-1.1,-1.1,2.7777777777777777,2.7777777777777777
27,1.2000000000000002,False,0,0.03333333333333354,True,26.38046755555555,-3.7341548666666595,-3.7341548666666595,0.16000000000000014,0.16000000000000014,-1.2000000000000002,-1.2000000000000002,2.7777777777777777,2.7777777777777777,26.38046755555555,0.9863830888888971,0.9863830888888971,-0.07999999999999963,-0.07999999999999963,-1.2000000000000002,-1.2000000000000002,2.7777777777777777,2.7777777777777777
27,1.3,True,1,0.0,True,26.38046755555555,-3.7341548666666595,-3.7341548666666595,0.039999999999999813,0.039999999999999813,-1.3,-1.3,2.7777777777777777,2.7777777777777777,26.38046755555555,-1.3738858888888812,-1.3738858888888812,-0.09000000000000008,-0.09000000000000008,-1.3,-1.3,2.7777777777777777,2.7777777777777777
27,1.4000000000000001,True,1,0.0,True,25.62117355555555,-4.2275930666666595,-4.2275930666666595,-0.08000000000000007,-0.08000000000000007,-1.4000000000000001,-1.4000000000000001,2.7777777777777777,2.7777777777777777,25.62117355555555,-4.2275930666666595,-4.2275930666666595,-0.08000000000000007,-0.08000000000000007,-1.4000000000000001,-1.4000000000000001,2.7777777777777777,2.7777777777777777
27,1.5,True,2,0.0,True,25.62117355555555,-4.2275930666666595,-4.2275930666666595,-0.19999999999999996,-0.19999999999999996,-1.5,-1.5,2.7777777777777777,2.7777777777777777,26.38046755555555,-2.0880673555555616,-2.0880673555555616,-0.04999999999999982,-0.04999999999999982,-1.5,-1.5,2.7777777777777777,2.7777777777777777
27,1.6,True,2,0.0,True,25.62117355555555,-4.2275930666666595,-4.2275930666666595,-0.31999999999999984,-0.31999999999999984,-1.6,-1.6,2.7777777777777777,2.7777777777777777,26.38046755555555,-2.0880673555555616,-2.0880673555555616,-0.1599999999999997,-0.1599999999999997,-1.6,-1.6,2.7777777777777777,2.7777777777777777
27,1.7000000000000002,True,2,0.0,True,24.86187955555555,-3.8030393333333334,-3.8030393333333334,-0.4399999999999995,-0.4399999999999995,-1.7000000000000002,-1.7000000000000002,2.7777777777777777,2.7777777777777777,26.38046755555555,0.689710422222217,0.689710422222217,-0.09999999999999964,-0.09999999999999964,-1.7000000000000002,-1.7000000000000002,2.7777777777777777,2.7777777777777777
29,0.0,False,0,4.0,False,30.555555555555554,-4.266666666666661,-4.266666666666661,1.6,1.6,0.0,0.0,2.7777777777777777,2.7777777777777777,,,,,,,,,
29,0.1,False,0,4.0,False,30.555555555555554,-4.266666666666661,-4.266666666666661,1.48,1.48,-0.1,-0.1,2.7777777777777777,2.7777777777777777,30.555555555555554,409.62222222222084,409.62222222222084,-0.00999999999999579,-0.00999999999999579,-0.1,-0.1,2.7777777777777777,2.7777777777777777
29,0.2,False,0,4.0,False,30.555555555555554,-4.266666666666661,-4.266666666666661,1.3599999999999999,1.3599999999999999,-0.2,-0.2,2.7777777777777777,2.7777777777777777,30.555555555555554,187.39999999999958,187.39999999999958,-0.019999999999997353,-0.019999999999997353,-0.2,-0.2,2.7777777777777777,2.7777777777777777
29,0.30000000000000004,False,0,4.0,True,30.555555555555554,-4.266666666666661,-4.266666666666661,1.2400000000000002,1.2400000000000002,-0.30000000000000004,-0.30000000000000004,2.7777777777777777,2.7777777777777777,30.555555555555554,112.3999999999999,112.3999999999999,-0.020000000000001572,-0.020000000000001572,-0.30000000000000004,-0.30000000000000004,2.7777777777777777,2.7777777777777777
29,0.4,False,0,2.7000000000000006,True,30.176055555555553,-4.2827333333333355,-4.2827333333333355,1.12,1.12,-0.4,-0.4,2.7777777777777777,2.7777777777777777,29.796555555555553,71.33531111111105,71.33531111111105,-6.661338147750939e-16,-6.661338147750939e-16,-0.4,-0.4,2.7777777777777777,2.7777777777777777
29,0.5,False,0,1.9000000000000004,True,29.290555555555553,-4.080333333333331,-4.080333333333331,1.0,1.0,-0.5,-0.5,2.7777777777777777,2.7777777777777777,28.658055555555553,47.24088888888886,47.24088888888886,0.0,0.0,-0.5,-0.5,2.7777777777777777,2.7777777777777777
29,0.6000000000000001,False,0,1.366666666666667,True,28.658055555555553,-3.8905833333333275,-3.8905833333333275,0.8800000000000003,0.8800000000000003,-0.6000000000000001,-0.6000000000000001,2.7777777777777777,2.7777777777777777,27.899055555555552,32.97249999999997,32.97249999999997,-0.019999999999999574,-0.019999999999999574,-0.6000000000000001,-0.6000000000000001,2.7777777777777777,2.7777777777777777
29,0.7000000000000001,False,0,0.9857142857142855,True,28.658055555555553,-3.8905833333333275,-3.8905833333333275,0.7600000000000002,0.7600000000000002,-0.7000000000000001,-0.7000000000000001,2.7777777777777777,2.7777777777777777,27.899055555555552,22.923988888888875,22.923988888888875,-0.009999999999999343,-0.009999999999999343,-0.7000000000000001,-0.7000000000000001,2.7777777777777777,2.7777777777777777
29,0.8,False,0,0.6,True,27.899055555555552,-3.624933333333334,-3.624933333333334,0.6400000000000001,0.6400000000000001,-0.8,-0.8,2.7777777777777777,2.7777777777777777,27.139761555555552,14.514520355555565,14.514520355555565,-2.220446049250313e-16,-2.220446049250313e-16,-0.8,-0.8,2.7777777777777777,2.7777777777777777
29,0.9,False,0,0.3777777777777776,True,27.899055555555552,-3.624933333333334,-3.624933333333334,0.52,0.52,-0.9,-0.9,2.7777777777777777,2.7777777777777777,27.139761555555552,9.642123600000009,9.642123600000009,-0.02000000000000024,-0.02000000000000024,-0.9,-0.9,2.7777777777777777,2.7777777777777777
29,1.0,False,0,0.20000000000000018,True,27.139761555555552,-3.2833539333333333,-3.2833539333333333,0.3999999999999999,0.3999999999999999,-1.0,-1.0,2.7777777777777777,2.7777777777777777,26.38046755555555,4.124429844444454,4.124429844444454,0.0,0.0,-1.0,-1.0,2.7777777777777777,2.7777777777777777
29,1.1,False,0,0.054545454545454994,True,25.62117355555555,-3.449815288888881,-3.449815288888881,0.17000000000000037,0.17000000000000037,-1.1,-1.1,2.7777777777777777,2.7777777777777777,25.62117355555555,1.1188638666666835,1.1188638666666835,-0.0499999999999996,-0.0499999999999996,-1.1,-1.1,2.7777777777777777,2.7777777777777777
29,1.2000000000000002,True,1,0.0,True,25.62117355555555,-3.449815288888881,-3.449815288888881,0.04000000000000026,0.04000000000000026,-1.2000000000000002,-1.2000000000000002,2.7777777777777777,2.7777777777777777,25.62117355555555,-1.1654757111110952,-1.1654757111110952,-0.07999999999999963,-0.07999999999999963,-1.2000000000000002,-1.2000000000000002,2.7777777777777777,2.7777777777777777
29,1.3,True,1,0.0,True,25.62117355555555,-3.449815288888881,-3.449815288888881,-0.09000000000000008,-0.09000000000000008,-1.3,-1.3,2.7777777777777777,2.7777777777777777,25.62117355555555,-3.449815288888881,-3.449815288888881,-0.09000000000000008,-0.09000000000000008,-1.3,-1.3,2.7777777777777777,2.7777777777777777
29,1.4000000000000001,True,2,0.0,True,24.86187955555555,-4.0191828888888805,-4.0191828888888805,-0.21999999999999975,-0.21999999999999975,-1.4000000000000001,-1.4000000000000001,2.7777777777777777,2.7777777777777777,25.62117355555555,-2.37240693333334,-2.37240693333334,-0.08000000000000007,-0.08000000000000007,-1.4000000000000001,-1.4000000000000001,2.7777777777777777,2.7777777777777777
29,1.5,True,2,0.0,True,24.86187955555555,-4.0191828888888805,-4.0191828888888805,-0.34999999999999987,-0.34999999999999987,-1.5,-1.5,2.7777777777777777,2.7777777777777777,26.38046755555555,-0.08806735555556156,-0.08806735555556156,-0.04999999999999982,-0.04999999999999982,-1.5,-1.5,2.7777777777777777,2.7777777777777777
29,1.6,True,2,0.0,True,24.86187955555555,-4.0191828888888805,-4.0191828888888805,-0.48,-0.48,-1.6,-1.6,2.7777777777777777,2.7777777777777777,26.38046755555555,-0.08806735555556156,-0.08806735555556156,-0.1599999999999997,-0.1599999999999997,-1.6,-1.6,2.7777777777777777,2.7777777777777777
29,1.7000000000000002,True,2,0.0,True,24.10258555555555,-3.9355201111111127,-3.9355201111111127,-0.6099999999999994,-0.6099999999999994,-1.7000000000000002,-1.7000000000000002,2.7777777777777777,2.7777777777777777,26.38046755555555,2.689710422222217,2.689710422222217,-0.09999999999999964,-0.09999999999999964,-1.7000000000000002,-1.7000000000000002,2.7777777777777777,2.7777777777777777
31,0.0,False,0,4.0,False,30.555555555555554,-3.4888888888888827,-3.4888888888888827,1.6,1.6,0.0,0.0,2.7777777777777777,2.7777777777777777,,,,,,,,,
31,0.1,False,0,4.0,False,30.555555555555554,-3.4888888888888827,-3.4888888888888827,1.4700000000000002,1.4700000000000002,-0.1,-0.1,2.7777777777777777,2.7777777777777777,30.555555555555554,407.62222222222084,407.62222222222084,-0.00999999999999579,-0.00999999999999579,-0.1,-0.1,2.7777777777777777,2.7777777777777777
31,0.2,False,0,4.0,False,30.555555555555554,-3.4888888888888827,-3.4888888888888827,1.3400000000000003,1.3400000000000003,-0.2,-0.2,2.7777777777777777,2.7777777777777777,30.555555555555554,185.39999999999958,185.39999999999958,-0.019999999999997353,-0.019999999999997353,-0.2,-0.2,2.7777777777777777,2.7777777777777777
31,0.30000000000000004,False,0,3.9333333333333327,True,30.555555555555554,-3.4888888888888827,-3.4888888888888827,1.21,1.21,-0.30000000000000004,-0.30000000000000004,2.7777777777777777,2.7777777777777777,30.555555555555554,110.3999999999999,110.3999999999999,-0.020000000000001572,-0.020000000000001572,-0.30000000000000004,-0.30000000000000004,2.7777777777777777,2.7777777777777777
31,0.4,False,0,2.6,True,29.796555555555553,-3.61538888888889,-3.61538888888889,1.08,1.08,-0.4,-0.4,2.7777777777777777,2.7777777777777777,29.796555555555553,69.33531111111105,69.33531111111105,-6.661338147750939e-16,-6.661338147750939e-16,-0.4,-0.4,2.7777777777777777,2.7777777777777777
31,0.5,False,0,1.7999999999999998,True,28.658055555555553,-3.9316388888888936,-3.9316388888888936,0.9500000000000002,0.9500000000000002,-0.5,-0.5,2.7777777777777777,2.7777777777777777,28.658055555555553,45.24088888888886,45.24088888888886,0.0,0.0,-0.5,-0.5,2.7777777777777777,2.7777777777777777
31,0.6000000000000001,False,0,1.2666666666666668,True,27.899055555555552,-4.197288888888894,-4.197288888888894,0.8200000000000003,0.8200000000000003,-0.6000000000000001,-0.6000000000000001,2.7777777777777777,2.7777777777777777,27.899055555555552,30.972499999999965,30.972499999999965,-0.019999999999999574,-0.019999999999999574,-0.6000000000000001,-0.6000000000000001,2.7777777777777777,2.7777777777777777
31,0.7000000000000001,False,0,0.8857142857142858,True,27.899055555555552,-4.197288888888894,-4.197288888888894,0.69,0.69,-0.7000000000000001,-0.7000000000000001,2.7777777777777777,2.7777777777777777,27.899055555555552,20.923988888888875,20.923988888888875,-0.009999999999999343,-0.009999999999999343,-0.7000000000000001,-0.7000000000000001,2.7777777777777777,2.7777777777777777
31,0.8,False,0,0.6,True,27.139761555555552,-4.061131711111112,-4.061131711111112,0.56,0.56,-0.8,-0.8,2.7777777777777777,2.7777777777777777,26.38046755555555,11.983014555555567,11.983014555555567,-2.220446049250313e-16,-2.220446049250313e-16,-0.8,-0.8,2.7777777777777777,2.7777777777777777
31,0.9,False,0,0.3777777777777776,True,27.139761555555552,-4.061131711111112,-4.061131711111112,0.4299999999999997,0.4299999999999997,-0.9,-0.9,2.7777777777777777,2.7777777777777777,26.38046755555555,7.262476600000011,7.262476600000011,-0.02000000000000024,-0.02000000000000024,-0.9,-0.9,2.7777777777777777,2.7777777777777777
31,1.0,False,0,0.10000000000000009,True,26.38046755555555,-3.6436229111111116,-3.6436229111111116,0.30000000000000027,0.30000000000000027,-1.0,-1.0,2.7777777777777777,2.7777777777777777,25.62117355555555,1.896641644444455,1.896641644444455,0.0,0.0,-1.0,-1.0,2.7777777777777777,2.7777777777777777
31,1.1,True,1,0.0,True,24.86187955555555,-3.241405111111095,-3.241405111111095,0.0600000000000005,0.0600000000000005,-1.1,-1.1,2.7777777777777777,2.7777777777777777,24.86187955555555,-1.032994933333316,-1.032994933333316,-0.0499999999999996,-0.0499999999999996,-1.1,-1.1,2.7777777777777777,2.7777777777777777
31,1.2000000000000002,True,1,0.0,True,24.86187955555555,-3.241405111111095,-3.241405111111095,-0.07999999999999963,-0.07999999999999963,-1.2000000000000002,-1.2000000000000002,2.7777777777777777,2.7777777777777777,24.86187955555555,-3.241405111111095,-3.241405111111095,-0.07999999999999963,-0.07999999999999963,-1.2000000000000002,-1.2000000000000002,2.7777777777777777,2.7777777777777777
31,1.3,True,2,0.0,True,24.86187955555555,-3.241405111111095,-3.241405111111095,-0.2200000000000002,-0.2200000000000002,-1.3,-1.3,2.7777777777777777,2.7777777777777777,25.62117355555555,-3.1501847111111188,-3.1501847111111188,-0.09000000000000008,-0.09000000000000008,-1.3,-1.3,2.7777777777777777,2.7777777777777777
31,1.4000000000000001,True,2,0.0,True,24.10258555555555,-3.886702111111094,-3.886702111111094,-0.35999999999999965,-0.35999999999999965,-1.4000000000000001,-1.4000000000000001,2.7777777777777777,2.7777777777777777,25.62117355555555,-0.3724069333333402,-0.3724069333333402,-0.08000000000000007,-0.08000000000000007,-1.4000000000000001,-1.4000000000000001,2.7777777777777777,2.7777777777777777
31,1.5,True,2,0.0,True,24.10258555555555,-3.886702111111094,-3.886702111111094,-0.5,-0.5,-1.5,-1.5,2.7777777777777777,2.7777777777777777,26.38046755555555,1.9119326444444384,1.9119326444444384,-0.04999999999999982,-0.04999999999999982,-1.5,-1.5,2.7777777777777777,2.7777777777777777
31,1.6,True,2,0.0,True,24.10258555555555,-3.886702111111094,-3.886702111111094,-0.6400000000000001,-0.6400000000000001,-1.6,-1.6,2.7777777777777777,2.7777777777777777,26.38046755555555,1.9119326444444384,1.9119326444444384,-0.1599999999999997,-0.1599999999999997,-1.6,-1.6,2.7777777777777777,2.7777777777777777
31,1.7000000000000002,True,2,0.0,True,23.34329155555555,-3.9920714888888993,-3.9920714888888993,-0.7799999999999994,-0.7799999999999994,-1.7000000000000002,-1.7000000000000002,2.7777777777777777,2.7777777777777777,26.38046755555555,4.689710422222217,4.689710422222217,-0.09999999999999964,-0.09999999999999964,-1.7000000000000002,-1.7000000000000002,2.7777777777777777,2.7777777777777777
33,0.0,False,0,4.0,False,30.555555555555554,-3.111111111111117,-3.111111111111117,1.6,1.6,0.0,0.0,2.7777777777777777,2.7777777777777777,,,,,,,,,
33,0.1,False,0,4.0,False,30.555555555555554,-3.111111111111117,-3.111111111111117,1.4700000000000002,1.4700000000000002,-0.1,-0.1,2.7777777777777777,2.7777777777777777,30.555555555555554,405.62222222222084,405.62222222222084,-0.00999999999999579,-0.00999999999999579,-0.1,-0.1,2.7777777777777777,2.7777777777777777
33,0.2,False,0,4.0,False,30.555555555555554,-3.111111111111117,-3.111111111111117,1.3400000000000003,1.3400000000000003,-0.2,-0.2,2.7777777777777777,2.7777777777777777,30.555555555555554,183.39999999999958,183.39999999999958,-0.019999999999997353,-0.019999999999997353,-0.2,-0.2,2.7777777777777777,2.7777777777777777
33,0.30000000000000004,False,0,3.9333333333333327,True,30.555555555555554,-3.111111111111117,-3.111111111111117,1.21,1.21,-0.30000000000000004,-0.30000000000000004,2.7777777777777777,2.7777777777777777,30.555555555555554,108.3999999999999,108.3999999999999,-0.020000000000001572,-0.020000000000001572,-0.30000000000000004,-0.30000000000000004,2.7777777777777777,2.7777777777777777
33,0.4,False,0,2.5,True,29.796555555555553,-2.9846111111111098,-2.9846111111111098,1.08,1.08,-0.4,-0.4,2.7777777777777777,2.7777777777777777,29.290555555555553,65.96911111111103,65.96911111111103,-6.661338147750939e-16,-6.661338147750939e-16,-0.4,-0.4,2.7777777777777777,2.7777777777777777
33,0.5,False,0,1.7000000000000002,True,27.899055555555552,-3.4195111111111087,-3.4195111111111087,0.8999999999999999,0.8999999999999999,-0.5,-0.5,2.7777777777777777,2.7777777777777777,27.899055555555552,41.798788888888836,41.798788888888836,0.0,0.0,-0.5,-0.5,2.7777777777777777,2.7777777777777777
33,0.6000000000000001,False,0,1.1666666666666667,True,27.139761555555552,-3.7610905111111093,-3.7610905111111093,0.7600000000000002,0.7600000000000002,-0.6000000000000001,-0.6000000000000001,2.7777777777777777,2.7777777777777777,27.139761555555552,27.90948840000001,27.90948840000001,-0.019999999999999574,-0.019999999999999574,-0.6000000000000001,-0.6000000000000001,2.7777777777777777,2.7777777777777777
33,0.7000000000000001,False,0,0.785714285714286,True,27.139761555555552,-3.7610905111111093,-3.7610905111111093,0.6200000000000001,0.6200000000000001,-0.7000000000000001,-0.7000000000000001,2.7777777777777777,2.7777777777777777,27.139761555555552,18.164694888888892,18.164694888888892,-0.009999999999999343,-0.009999999999999343,-0.7000000000000001,-0.7000000000000001,2.7777777777777777,2.7777777777777777
33,0.8,False,0,0.4999999999999999,True,26.38046755555555,-4.178599311111102,-4.178599311111102,0.48,0.48,-0.8,-0.8,2.7777777777777777,2.7777777777777777,26.38046755555555,9.983014555555567,9.983014555555567,-2.220446049250313e-16,-2.220446049250313e-16,-0.8,-0.8,2.7777777777777777,2.7777777777777777
33,0.9,False,0,0.2777777777777773,True,26.38046755555555,-4.178599311111102,-4.178599311111102,0.33999999999999986,0.33999999999999986,-0.9,-0.9,2.7777777777777777,2.7777777777777777,26.38046755555555,5.262476600000011,5.262476600000011,-0.02000000000000024,-0.02000000000000024,-0.9,-0.9,2.7777777777777777,2.7777777777777777
33,1.0,False,0,0.0,True,25.62117355555555,-3.9279624888888973,-3.9279624888888973,0.20000000000000018,0.20000000000000018,-1.0,-1.0,2.7777777777777777,2.7777777777777777,24.86187955555555,-0.2552171555555445,-0.2552171555555445,0.0,0.0,-1.0,-1.0,2.7777777777777777,2.7777777777777777
33,1.1,True,1,0.0,True,24.86187955555555,-3.358594888888905,-3.358594888888905,0.0600000000000005,0.0600000000000005,-1.1,-1.1,2.7777777777777777,2.7777777777777777,24.10258555555555,-3.1089243333333156,-3.1089243333333156,-0.0499999999999996,-0.0499999999999996,-1.1,-1.1,2.7777777777777777,2.7777777777777777
33,1.2000000000000002,True,2,0.0,True,24.86187955555555,-3.358594888888905,-3.358594888888905,-0.07999999999999963,-0.07999999999999963,-1.2000000000000002,-1.2000000000000002,2.7777777777777777,2.7777777777777777,24.86187955555555,-3.358594888888905,-3.358594888888905,-0.07999999999999963,-0.07999999999999963,-1.2000000000000002,-1.2000000000000002,2.7777777777777777,2.7777777777777777
33,1.3,True,2,0.0,True,24.86187955555555,-3.358594888888905,-3.358594888888905,-0.2200000000000002,-0.2200000000000002,-1.3,-1.3,2.7777777777777777,2.7777777777777777,25.62117355555555,-1.1501847111111188,-1.1501847111111188,-0.09000000000000008,-0.09000000000000008,-1.3,-1.3,2.7777777777777777,2.7777777777777777
33,1.4000000000000001,True,2,0.0,True,23.34329155555555,-3.8301507333333147,-3.8301507333333147,-0.49999999999999956,-0.49999999999999956,-1.4000000000000001,-1.4000000000000001,2.7777777777777777,2.7777777777777777,25.62117355555555,1.6275930666666598,1.6275930666666598,-0.08000000000000007,-0.08000000000000007,-1.4000000000000001,-1.4000000000000001,2.7777777777777777,2.7777777777777777
33,1.5,True,2,0.0,True,23.34329155555555,-3.8301507333333147,-3.8301507333333147,-0.6499999999999999,-0.6499999999999999,-1.5,-1.5,2.7777777777777777,2.7777777777777777,26.38046755555555,3.9119326444444384,3.9119326444444384,-0.04999999999999982,-0.04999999999999982,-1.5,-1.5,2.7777777777777777,2.7777777777777777
33,1.6,True,2,0.0,True,23.34329155555555,-3.8301507333333147,-3.8301507333333147,-0.8000000000000003,-0.8000000000000003,-1.6,-1.6,2.7777777777777777,2.7777777777777777,26.38046755555555,3.9119326444444384,3.9119326444444384,-0.1599999999999997,-0.1599999999999997,-1.6,-1.6,2.7777777777777777,2.7777777777777777
33,1.7000000000000002,True,2,0.0,True,22.58399755555555,-3.972693466666679,-3.972693466666679,-0.9499999999999993,-0.9499999999999993,-1.7000000000000002,-1.7000000000000002,2.7777777777777777,2.7777777777777777,26.38046755555555,6.689710422222217,6.689710422222217,-0.09999999999999964,-0.09999999999999964,-1.7000000000000002,-1.7000000000000002,2.7777777777777777,2.7777777777777777
35,0.0,False,0,4.0,False,30.555555555555554,-3.8888888888889026,-3.8888888888889026,1.6,1.6,0.0,0.0,2.7777777777777777,2.7777777777777777,,,,,,,,,
35,0.1,False,0,4.0,False,30.555555555555554,-3.8888888888889026,-3.8888888888889026,1.46,1.46,-0.1,-0.1,2.7777777777777777,2.7777777777777777,30.555555555555554,403.62222222222084,403.62222222222084,-0.00999999999999579,-0.00999999999999579,-0.1,-0.1,2.7777777777777777,2.7777777777777777
35,0.2,False,0,4.0,False,30.555555555555554,-3.8888888888889026,-3.8888888888889026,1.3199999999999998,1.3199999999999998,-0.2,-0.2,2.7777777777777777,2.7777777777777777,30.555555555555554,181.39999999999958,181.39999999999958,-0.019999999999997353,-0.019999999999997353,-0.2,-0.2,2.7777777777777777,2.7777777777777777
35,0.30000000000000004,False,0,3.833333333333335,True,30.555555555555554,-3.8888888888889026,-3.8888888888889026,1.1800000000000002,1.1800000000000002,-0.30000000000000004,-0.30000000000000004,2.7777777777777777,2.7777777777777777,30.555555555555554,106.3999999999999,106.3999999999999,-0.020000000000001572,-0.020000000000001572,-0.30000000000000004,-0.30000000000000004,2.7777777777777777,2.7777777777777777
35,0.4,False,0,2.5,True,29.290555555555553,-3.6358888888888954,-3.6358888888888954,1.04,1.04,-0.4,-0.4,2.7777777777777777,2.7777777777777777,28.658055555555553,62.32461111111108,62.32461111111108,-6.661338147750939e-16,-6.661338147750939e-16,-0.4,-0.4,2.7777777777777777,2.7777777777777777
35,0.5,False,0,1.6000000000000005,True,27.899055555555552,-3.180488888888891,-3.180488888888891,0.8999999999999999,0.8999999999999999,-0.5,-0.5,2.7777777777777777,2.7777777777777777,27.139761555555552,38.43205968888891,38.43205968888891,0.0,0.0,-0.5,-0.5,2.7777777777777777,2.7777777777777777
35,0.6000000000000001,False,0,1.0666666666666667,True,26.38046755555555,-3.400821533333331,-3.400821533333331,0.7000000000000002,0.7000000000000002,-0.6000000000000001,-0.6000000000000001,2.7777777777777777,2.7777777777777777,26.38046755555555,24.92240619999998,24.92240619999998,-0.019999999999999574,-0.019999999999999574,-0.6000000000000001,-0.6000000000000001,2.7777777777777777,2.7777777777777777
35,0.7000000000000001,False,0,0.6857142857142863,True,26.38046755555555,-3.400821533333331,-3.400821533333331,0.5500000000000003,0.5500000000000003,-0.7000000000000001,-0.7000000000000001,2.7777777777777777,2.7777777777777777,26.38046755555555,15.481330288888888,15.481330288888888,-0.009999999999999343,-0.009999999999999343,-0.7000000000000001,-0.7000000000000001,2.7777777777777777,2.7777777777777777
35,0.8,False,0,0.3999999999999998,True,25.62117355555555,-3.8942597333333238,-3.8942597333333238,0.3999999999999999,0.3999999999999999,-0.8,-0.8,2.7777777777777777,2.7777777777777777,25.62117355555555,7.527438155555569,7.527438155555569,-2.220446049250313e-16,-2.220446049250313e-16,-0.8,-0.8,2.7777777777777777,2.7777777777777777
35,0.9,False,0,0.17777777777777745,True,25.62117355555555,-3.8942597333333238,-3.8942597333333238,0.24999999999999956,0.24999999999999956,-0.9,-0.9,2.7777777777777777,2.7777777777777777,25.62117355555555,2.958759000000012,2.958759000000012,-0.02000000000000024,-0.02000000000000024,-0.9,-0.9,2.7777777777777777,2.7777777777777777
35,1.0,True,1,0.0,True,24.86187955555555,-4.136372666666676,-4.136372666666676,0.10000000000000009,0.10000000000000009,-1.0,-1.0,2.7777777777777777,2.7777777777777777,24.10258555555555,-2.331146555555544,-2.331146555555544,0.0,0.0,-1.0,-1.0,2.7777777777777777,2.7777777777777777
35,1.1,True,2,0.0,True,24.10258555555555,-3.491075666666684,-3.491075666666684,-0.0499999999999996,-0.0499999999999996,-1.1,-1.1,2.7777777777777777,2.7777777777777777,24.10258555555555,-3.491075666666684,-3.491075666666684,-0.0499999999999996,-0.0499999999999996,-1.1,-1.1,2.7777777777777777,2.7777777777777777
35,1.2000000000000002,True,2,0.0,True,24.10258555555555,-3.491075666666684,-3.491075666666684,-0.1999999999999995,-0.1999999999999995,-1.2000000000000002,-1.2000000000000002,2.7777777777777777,2.7777777777777777,24.86187955555555,-1.3585948888889048,-1.3585948888889048,-0.07999999999999963,-0.07999999999999963,-1.2000000000000002,-1.2000000000000002,2.7777777777777777,2.7777777777777777
35,1.3,True,2,0.0,True,24.10258555555555,-3.491075666666684,-3.491075666666684,-0.3500000000000003,-0.3500000000000003,-1.3,-1.3,2.7777777777777777,2.7777777777777777,25.62117355555555,0.8498152888888812,0.8498152888888812,-0.09000000000000008,-0.09000000000000008,-1.3,-1.3,2.7777777777777777,2.7777777777777777
35,1.4000000000000001,True,2,0.0,True,22.58399755555555,-3.849528755555542,-3.849528755555542,-0.6399999999999992,-0.6399999999999992,-1.4000000000000001,-1.4000000000000001,2.7777777777777777,2.7777777777777777,25.62117355555555,3.62759306666666,3.62759306666666,-0.08000000000000007,-0.08000000000000007,-1.4000000000000001,-1.4000000000000001,2.7777777777777777,2.7777777777777777
35,1.5,True,2,0.0,True,22.58399755555555,-3.849528755555542,-3.849528755555542,-0.7999999999999998,-0.7999999999999998,-1.5,-1.5,2.7777777777777777,2.7777777777777777,26.38046755555555,5.9119326444444384,5.9119326444444384,-0.04999999999999982,-0.04999999999999982,-1.5,-1.5,2.7777777777777777,2.7777777777777777
35,1.6,True,2,0.0,True,22.58399755555555,-3.849528755555542,-3.849528755555542,-0.9600000000000004,-0.9600000000000004,-1.6,-1.6,2.7777777777777777,2.7777777777777777,26.38046755555555,5.9119326444444384,5.9119326444444384,-0.1599999999999997,-0.1599999999999997,-1.6,-1.6,2.7777777777777777,2.7777777777777777
35,1.7000000000000002,True,2,0.0,True,21.824703555555548,-3.877386044444452,-3.877386044444452,-1.1199999999999992,-1.1199999999999992,-1.7000000000000002,-1.7000000000000002,2.7777777777777777,2.7777777777777777,26.38046755555555,8.689710422222216,8.689710422222216,-0.09999999999999964,-0.09999999999999964,-1.7000000000000002,-1.7000000000000002,2.7777777777777777,2.7777777777777777
37,0.0,False,0,4.0,False,30.555555555555554,-3.9333333333333185,-3.9333333333333185,1.6,1.6,0.0,0.0,2.7777777777777777,2.7777777777777777,,,,,,,,,
37,0.1,False,0,4.0,False,30.555555555555554,-3.9333333333333185,-3.9333333333333185,1.4500000000000002,1.4500000000000002,-0.1,-0.1,2.7777777777777777,2.7777777777777777,30.555555555555554,401.62222222222084,401.62222222222084,-0.00999999999999579,-0.00999999999999579,-0.1,-0.1,2.7777777777777777,2.7777777777777777
37,0.2,False,0,4.0,False,30.555555555555554,-3.9333333333333185,-3.9333333333333185,1.3000000000000003,1.3000000000000003,-0.2,-0.2,2.7777777777777777,2.7777777777777777,30.555555555555554,179.39999999999958,179.39999999999958,-0.019999999999997353,-0.019999999999997353,-0.2,-0.2,2.7777777777777777,2.7777777777777777
37,0.30000000000000004,False,0,3.733333333333334,True,30.555555555555554,-3.9333333333333185,-3.9333333333333185,1.1500000000000004,1.1500000000000004,-0.30000000000000004,-0.30000000000000004,2.7777777777777777,2.7777777777777777,30.555555555555554,104.3999999999999,104.3999999999999,-0.020000000000001572,-0.020000000000001572,-0.30000000000000004,-0.30000000000000004,2.7777777777777777,2.7777777777777777
37,0.4,False,0,2.4,True,28.658055555555553,-4.22391666666667,-4.22391666666667,1.0,1.0,-0.4,-0.4,2.7777777777777777,2.7777777777777777,27.899055555555552,58.42711111111102,58.42711111111102,-6.661338147750939e-16,-6.661338147750939e-16,-0.4,-0.4,2.7777777777777777,2.7777777777777777
37,0.5,False,0,1.5,True,27.139761555555552,-3.616687266666669,-3.616687266666669,0.8500000000000001,0.8500000000000001,-0.5,-0.5,2.7777777777777777,2.7777777777777777,26.38046755555555,35.141259888888854,35.141259888888854,0.0,0.0,-0.5,-0.5,2.7777777777777777,2.7777777777777777
37,0.6000000000000001,False,0,0.9666666666666673,True,26.38046755555555,-3.1991784666666687,-3.1991784666666687,0.7000000000000002,0.7000000000000002,-0.6000000000000001,-0.6000000000000001,2.7777777777777777,2.7777777777777777,25.62117355555555,22.01125340000001,22.01125340000001,-0.019999999999999574,-0.019999999999999574,-0.6000000000000001,-0.6000000000000001,2.7777777777777777,2.7777777777777777
37,0.7000000000000001,False,0,0.5857142857142865,True,26.38046755555555,-3.1991784666666687,-3.1991784666666687,0.5500000000000003,0.5500000000000003,-0.7000000000000001,-0.7000000000000001,2.7777777777777777,2.7777777777777777,25.62117355555555,12.87389508888889,12.87389508888889,-0.009999999999999343,-0.009999999999999343,-0.7000000000000001,-0.7000000000000001,2.7777777777777777,2.7777777777777777
37,0.8,False,0,0.2999999999999997,True,24.86187955555555,-3.685849555555545,-3.685849555555545,0.31999999999999984,0.31999999999999984,-0.8,-0.8,2.7777777777777777,2.7777777777777777,24.86187955555555,5.147791155555571,5.147791155555571,-2.220446049250313e-16,-2.220446049250313e-16,-0.8,-0.8,2.7777777777777777,2.7777777777777777
37,0.9,False,0,0.07777777777777735,True,24.86187955555555,-3.685849555555545,-3.685849555555545,0.1599999999999997,0.1599999999999997,-0.9,-0.9,2.7777777777777777,2.7777777777777777,24.86187955555555,0.730970800000013,0.730970800000013,-0.02000000000000024,-0.02000000000000024,-0.9,-0.9,2.7777777777777777,2.7777777777777777
37,1.0,True,1,0.0,True,24.10258555555555,-4.2688534444444555,-4.2688534444444555,0.0,0.0,-1.0,-1.0,2.7777777777777777,2.7777777777777777,24.10258555555555,-4.2688534444444555,-4.2688534444444555,0.0,0.0,-1.0,-1.0,2.7777777777777777,2.7777777777777777
37,1.1,True,2,0.0,True,23.34329155555555,-3.5476270444444635,-3.5476270444444635,-0.1599999999999997,-0.1599999999999997,-1.1,-1.1,2.7777777777777777,2.7777777777777777,24.10258555555555,-1.491075666666684,-1.491075666666684,-0.0499999999999996,-0.0499999999999996,-1.1,-1.1,2.7777777777777777,2.7777777777777777
37,1.2000000000000002,True,2,0.0,True,23.34329155555555,-3.5476270444444635,-3.5476270444444635,-0.3199999999999994,-0.3199999999999994,-1.2000000000000002,-1.2000000000000002,2.7777777777777777,2.7777777777777777,24.86187955555555,0.6414051111110952,0.6414051111110952,-0.07999999999999963,-0.07999999999999963,-1.2000000000000002,-1.2000000000000002,2.7777777777777777,2.7777777777777777
37,1.3,True,2,0.0,True,23.34329155555555,-3.5476270444444635,-3.5476270444444635,-0.4800000000000004,-0.4800000000000004,-1.3,-1.3,2.7777777777777777,2.7777777777777777,25.62117355555555,2.8498152888888812,2.8498152888888812,-0.09000000000000008,-0.09000000000000008,-1.3,-1.3,2.7777777777777777,2.7777777777777777
37,1.4000000000000001,True,2,0.0,True,21.824703555555548,-3.944836177777769,-3.944836177777769,-0.7799999999999994,-0.7799999999999994,-1.4000000000000001,-1.4000000000000001,2.7777777777777777,2.7777777777777777,25.62117355555555,5.62759306666666,5.62759306666666,-0.08000000000000007,-0.08000000000000007,-1.4000000000000001,-1.4000000000000001,2.7777777777777777,2.7777777777777777
37,1.5,True,2,0.0,True,21.824703555555548,-3.944836177777769,-3.944836177777769,-0.9499999999999997,-0.9499999999999997,-1.5,-1.5,2.7777777777777777,2.7777777777777777,26.38046755555555,7.9119326444444384,7.9119326444444384,-0.04999999999999982,-0.04999999999999982,-1.5,-1.5,2.7777777777777777,2.7777777777777777
37,1.6,True,2,0.0,True,21.824703555555548,-3.944836177777769,-3.944836177777769,-1.1200000000000006,-1.1200000000000006,-1.6,-1.6,2.7777777777777777,2.7777777777777777,26.38046755555555,7.9119326444444384,7.9119326444444384,-0.1599999999999997,-0.1599999999999997,-1.6,-1.6,2.7777777777777777,2.7777777777777777
37,1.7000000000000002,True,2,0.0,True,21.065409555555547,-3.7061492222222254,-3.7061492222222254,-1.2899999999999991,-1.2899999999999991,-1.7000000000000002,-1.7000000000000002,2.7777777777777777,2.7777777777777777,26.38046755555555,10.689710422222216,10.689710422222216,-0.09999999999999964,-0.09999999999999964,-1.7000000000000002,-1.7000000000000002,2.7777777777777777,2.7777777777777777
39,0.0,False,0,4.0,False,30.555555555555554,-3.15555555555554,-3.15555555555554,1.6,1.6,0.0,0.0,2.7777777777777777,2.7777777777777777,,,,,,,,,
39,0.1,False,0,4.0,False,30.555555555555554,-3.15555555555554,-3.15555555555554,1.44,1.44,-0.1,-0.1,2.7777777777777777,2.7777777777777777,30.555555555555554,399.62222222222084,399.62222222222084,-0.00999999999999579,-0.00999999999999579,-0.1,-0.1,2.7777777777777777,2.7777777777777777
39,0.2,False,0,4.0,False,30.555555555555554,-3.15555555555554,-3.15555555555554,1.2799999999999998,1.2799999999999998,-0.2,-0.2,2.7777777777777777,2.7777777777777777,30.555555555555554,177.39999999999958,177.39999999999958,-0.019999999999997353,-0.019999999999997353,-0.2,-0.2,2.7777777777777777,2.7777777777777777
39,0.30000000000000004,False,0,3.633333333333333,True,30.555555555555554,-3.15555555555554,-3.15555555555554,1.12,1.12,-0.30000000000000004,-0.30000000000000004,2.7777777777777777,2.7777777777777777,30.555555555555554,102.3999999999999,102.3999999999999,-0.020000000000001572,-0.020000000000001572,-0.30000000000000004,-0.30000000000000004,2.7777777777777777,2.7777777777777777
39,0.4,False,0,2.3,True,27.899055555555552,-3.8639555555555516,-3.8639555555555516,0.96,0.96,-0.4,-0.4,2.7777777777777777,2.7777777777777777,27.899055555555552,56.42711111111102,56.42711111111102,-6.661338147750939e-16,-6.661338147750939e-16,-0.4,-0.4,2.7777777777777777,2.7777777777777777
39,0.5,False,0,1.4000000000000004,True,26.38046755555555,-3.9769562444444473,-3.9769562444444473,0.8000000000000003,0.8000000000000003,-0.5,-0.5,2.7777777777777777,2.7777777777777777,25.62117355555555,31.926389488888912,31.926389488888912,0.0,0.0,-0.5,-0.5,2.7777777777777777,2.7777777777777777
39,0.6000000000000001,False,0,0.8666666666666674,True,25.62117355555555,-3.4835180444444473,-3.4835180444444473,0.6400000000000001,0.6400000000000001,-0.6000000000000001,-0.6000000000000001,2.7777777777777777,2.7777777777777777,24.86187955555555,19.176029999999994,19.176029999999994,-0.019999999999999574,-0.019999999999999574,-0.6000000000000001,-0.6000000000000001,2.7777777777777777,2.7777777777777777
39,0.7000000000000001,False,0,0.4857142857142861,True,25.62117355555555,-3.4835180444444473,-3.4835180444444473,0.4800000000000004,0.4800000000000004,-0.7000000000000001,-0.7000000000000001,2.7777777777777777,2.7777777777777777,24.86187955555555,10.3423892888889,10.3423892888889,-0.009999999999999343,-0.009999999999999343,-0.7000000000000001,-0.7000000000000001,2.7777777777777777,2.7777777777777777
39,0.8,False,0,0.19999999999999962,True,24.10258555555555,-3.5533687777777656,-3.5533687777777656,0.23999999999999977,0.23999999999999977,-0.8,-0.8,2.7777777777777777,2.7777777777777777,24.10258555555555,2.844073555555572,2.844073555555572,-2.220446049250313e-16,-2.220446049250313e-16,-0.8,-0.8,2.7777777777777777,2.7777777777777777
39,0.9,True,1,0.0,True,24.10258555555555,-3.5533687777777656,-3.5533687777777656,0.06999999999999962,0.06999999999999962,-0.9,-0.9,2.7777777777777777,2.7777777777777777,24.10258555555555,-1.4208879999999864,-1.4208879999999864,-0.02000000000000024,-0.02000000000000024,-0.9,-0.9,2.7777777777777777,2.7777777777777777
39,1.0,True,1,0.0,True,23.34329155555555,-4.274595177777765,-4.274595177777765,-0.09999999999999987,-0.09999999999999987,-1.0,-1.0,2.7777777777777777,2.7777777777777777,24.10258555555555,-2.2688534444444555,-2.2688534444444555,0.0,0.0,-1.0,-1.0,2.7777777777777777,2.7777777777777777
39,1.1,True,2,0.0,True,22.58399755555555,-3.5282490222222362,-3.5282490222222362,-0.2699999999999998,-0.2699999999999998,-1.1,-1.1,2.7777777777777777,2.7777777777777777,24.10258555555555,0.508924333333316,0.508924333333316,-0.0499999999999996,-0.0499999999999996,-1.1,-1.1,2.7777777777777777,2.7777777777777777
39,1.2000000000000002,True,2,0.0,True,22.58399755555555,-3.5282490222222362,-3.5282490222222362,-0.4399999999999995,-0.4399999999999995,-1.2000000000000002,-1.2000000000000002,2.7777777777777777,2.7777777777777777,24.86187955555555,2.641405111111095,2.641405111111095,-0.07999999999999963,-0.07999999999999963,-1.2000000000000002,-1.2000000000000002,2.7777777777777777,2.7777777777777777
39,1.3,True,2,0.0,True,22.58399755555555,-3.5282490222222362,-3.5282490222222362,-0.6100000000000003,-0.6100000000000003,-1.3,-1.3,2.7777777777777777,2.7777777777777777,25.62117355555555,4.849815288888881,4.849815288888881,-0.09000000000000008,-0.09000000000000008,-1.3,-1.3,2.7777777777777777,2.7777777777777777
39,1.4000000000000001,True,2,0.0,True,21.065409555555547,-4.116072999999996,-4.116072999999996,-0.919999999999999,-0.919999999999999,-1.4000000000000001,-1.4000000000000001,2.7777777777777777,2.7777777777777777,25.62117355555555,7.62759306666666,7.62759306666666,-0.08000000000000007,-0.08000000000000007,-1.4000000000000001,-1.4000000000000001,2.7777777777777777,2.7777777777777777
39,1.5,True,2,0.0,True,21.065409555555547,-4.116072999999996,-4.116072999999996,-1.1,-1.1,-1.5,-1.5,2.7777777777777777,2.7777777777777777,26.38046755555555,9.911932644444438,9.911932644444438,-0.04999999999999982,-0.04999999999999982,-1.5,-1.5,2.7777777777777777,2.7777777777777777
39,1.6,True,2,0.0,True,21.065409555555547,-4.116072999999996,-4.116072999999996,-1.2800000000000007,-1.2800000000000007,-1.6,-1.6,2.7777777777777777,2.7777777777777777,26.38046755555555,9.911932644444438,9.911932644444438,-0.1599999999999997,-0.1599999999999997,-1.6,-1.6,2.7777777777777777,2.7777777777777777
39,1.7000000000000002,True,2,0.0,True,19.546821555555546,-3.4641126222222267,-3.4641126222222267,-1.629999999999999,-1.629999999999999,-1.7000000000000002,-1.7000000000000002,2.7777777777777777,2.7777777777777777,26.38046755555555,12.689710422222216,12.689710422222216,-0.09999999999999964,-0.09999999999999964,-1.7000000000000002,-1.7000000000000002,2.7777777777777777,2.7777777777777777
41,0.0,False,0,4.0,False,30.555555555555554,-3.4444444444444597,-3.4444444444444597,1.6,1.6,0.0,0.0,2.7777777777777777,2.7777777777777777,,,,,,,,,
41,0.1,False,0,4.0,False,30.555555555555554,-3.4444444444444597,-3.4444444444444597,1.44,1.44,-0.1,-0.1,2.7777777777777777,2.7777777777777777,30.555555555555554,397.62222222222084,397.62222222222084,-0.00999999999999579,-0.00999999999999579,-0.1,-0.1,2.7777777777777777,2.7777777777777777
41,0.2,False,0,4.0,False,30.555555555555554,-3.4444444444444597,-3.4444444444444597,1.2799999999999998,1.2799999999999998,-0.2,-0.2,2.7777777777777777,2.7777777777777777,30.555555555555554,175.39999999999958,175.39999999999958,-0.019999999999997353,-0.019999999999997353,-0.2,-0.2,2.7777777777777777,2.7777777777777777
41,0.30000000000000004,False,0,3.633333333333333,True,30.555555555555554,-3.4444444444444597,-3.4444444444444597,1.12,1.12,-0.30000000000000004,-0.30000000000000004,2.7777777777777777,2.7777777777777777,30.555555555555554,100.3999999999999,100.3999999999999,-0.020000000000001572,-0.020000000000001572,-0.30000000000000004,-0.30000000000000004,2.7777777777777777,2.7777777777777777
41,0.4,False,0,2.1999999999999997,True,27.139761555555552,-3.4277571777777736,-3.4277571777777736,0.9199999999999999,0.9199999999999999,-0.4,-0.4,2.7777777777777777,2.7777777777777777,27.139761555555552,52.60480551111115,52.60480551111115,-6.661338147750939e-16,-6.661338147750939e-16,-0.4,-0.4,2.7777777777777777,2.7777777777777777
41,0.5,False,0,1.4000000000000004,True,25.62117355555555,-4.261295822222226,-4.261295822222226,0.75,0.75,-0.5,-0.5,2.7777777777777777,2.7777777777777777,24.86187955555555,28.787448488888852,28.787448488888852,0.0,0.0,-0.5,-0.5,2.7777777777777777,2.7777777777777777
41,0.6000000000000001,False,0,0.7666666666666673,True,24.86187955555555,-3.6919282222222263,-3.6919282222222263,0.5800000000000005,0.5800000000000005,-0.6000000000000001,-0.6000000000000001,2.7777777777777777,2.7777777777777777,24.10258555555555,16.416736000000025,16.416736000000025,-0.019999999999999574,-0.019999999999999574,-0.6000000000000001,-0.6000000000000001,2.7777777777777777,2.7777777777777777
41,0.7000000000000001,False,0,0.38571428571428634,True,24.86187955555555,-3.6919282222222263,-3.6919282222222263,0.4100000000000006,0.4100000000000006,-0.7000000000000001,-0.7000000000000001,2.7777777777777777,2.7777777777777777,24.10258555555555,7.886812888888902,7.886812888888902,-0.009999999999999343,-0.009999999999999343,-0.7000000000000001,-0.7000000000000001,2.7777777777777777,2.7777777777777777
41,0.8,False,0,0.09999999999999953,True,23.34329155555555,-3.496817399999986,-3.496817399999986,0.1599999999999997,0.1599999999999997,-0.8,-0.8,2.7777777777777777,2.7777777777777777,23.34329155555555,0.616285355555573,0.616285355555573,-2.220446049250313e-16,-2.220446049250313e-16,-0.8,-0.8,2.7777777777777777,2.7777777777777777
41,0.9,True,1,0.0,True,23.34329155555555,-3.496817399999986,-3.496817399999986,-0.02000000000000024,-0.02000000000000024,-0.9,-0.9,2.7777777777777777,2.7777777777777777,23.34329155555555,-3.496817399999986,-3.496817399999986,-0.02000000000000024,-0.02000000000000024,-0.9,-0.9,2.7777777777777777,2.7777777777777777
41,1.0,True,2,0.0,True,22.58399755555555,-4.293973199999985,-4.293973199999985,-0.19999999999999996,-0.19999999999999996,-1.0,-1.0,2.7777777777777777,2.7777777777777777,24.10258555555555,-0.26885344444445547,-0.26885344444445547,0.0,0.0,-1.0,-1.0,2.7777777777777777,2.7777777777777777
41,1.1,True,2,0.0,True,21.824703555555548,-3.4329416000000093,-3.4329416000000093,-0.3799999999999999,-0.3799999999999999,-1.1,-1.1,2.7777777777777777,2.7777777777777777,24.10258555555555,2.508924333333316,2.508924333333316,-0.0499999999999996,-0.0499999999999996,-1.1,-1.1,2.7777777777777777,2.7777777777777777
41,1.2000000000000002,True,2,0.0,True,21.824703555555548,-3.4329416000000093,-3.4329416000000093,-0.5599999999999992,-0.5599999999999992,-1.2000000000000002,-1.2000000000000002,2.7777777777777777,2.7777777777777777,24.86187955555555,4.641405111111095,4.641405111111095,-0.07999999999999963,-0.07999999999999963,-1.2000000000000002,-1.2000000000000002,2.7777777777777777,2.7777777777777777
41,1.3,True,2,0.0,True,21.824703555555548,-3.4329416000000093,-3.4329416000000093,-0.7400000000000007,-0.7400000000000007,-1.3,-1.3,2.7777777777777777,2.7777777777777777,25.62117355555555,6.849815288888881,6.849815288888881,-0.09000000000000008,-0.09000000000000008,-1.3,-1.3,2.7777777777777777,2.7777777777777777
41,1.4000000000000001,True,2,0.0,True,20.306115555555547,-4.236760777777778,-4.236760777777778,-1.0599999999999992,-1.0599999999999992,-1.4000000000000001,-1.4000000000000001,2.7777777777777777,2.7777777777777777,25.62117355555555,9.627593066666659,9.627593066666659,-0.08000000000000007,-0.08000000000000007,-1.4000000000000001,-1.4000000000000001,2.7777777777777777,2.7777777777777777
41,1.5,True,2,0.0,True,20.306115555555547,-4.236760777777778,-4.236760777777778,-1.25,-1.25,-1.5,-1.5,2.7777777777777777,2.7777777777777777,26.38046755555555,11.911932644444438,11.911932644444438,-0.04999999999999982,-0.04999999999999982,-1.5,-1.5,2.7777777777777777,2.7777777777777777
41,1.6,True,2,0.0,True,20.306115555555547,-4.236760777777778,-4.236760777777778,-1.4400000000000008,-1.4400000000000008,-1.6,-1.6,2.7777777777777777,2.7777777777777777,26.38046755555555,11.911932644444438,11.911932644444438,-0.1599999999999997,-0.1599999999999997,-1.6,-1.6,2.7777777777777777,2.7777777777777777
41,1.7000000000000002,True,2,0.0,True,18.787527555555545,-3.8631376444444525,-3.8631376444444525,-1.7999999999999994,-1.7999999999999994,-1.7000000000000002,-1.7000000000000002,2.7777777777777777,2.7777777777777777,26.38046755555555,14.689710422222216,14.689710422222216,-0.09999999999999964,-0.09999999999999964,-1.7000000000000002,-1.7000000000000002,2.7777777777777777,2.7777777777777777
43,0.0,False,0,4.0,False,30.555555555555554,-4.222222222222238,-4.222222222222238,1.6,1.6,0.0,0.0,2.7777777777777777,2.7777777777777777,,,,,,,,,
43,0.1,False,0,4.0,False,30.555555555555554,-4.222222222222238,-4.222222222222238,1.4300000000000002,1.4300000000000002,-0.1,-0.1,2.7777777777777777,2.7777777777777777,30.555555555555554,395.62222222222084,395.62222222222084,-0.00999999999999579,-0.00999999999999579,-0.1,-0.1,2.7777777777777777,2.7777777777777777
43,0.2,False,0,4.0,False,30.555555555555554,-4.222222222222238,-4.222222222222238,1.2600000000000002,1.2600000000000002,-0.2,-0.2,2.7777777777777777,2.7777777777777777,30.555555555555554,173.39999999999958,173.39999999999958,-0.019999999999997353,-0.019999999999997353,-0.2,-0.2,2.7777777777777777,2.7777777777777777
43,0.30000000000000004,False,0,3.5333333333333323,True,30.555555555555554,-4.222222222222238,-4.222222222222238,1.0900000000000003,1.0900000000000003,-0.30000000000000004,-0.30000000000000004,2.7777777777777777,2.7777777777777777,30.429055555555554,97.93195000000001,97.93195000000001,-0.020000000000001572,-0.020000000000001572,-0.30000000000000004,-0.30000000000000004,2.7777777777777777,2.7777777777777777
43,0.4,False,0,2.0999999999999996,True,27.139761555555552,-3.172242822222226,-3.172242822222226,0.9199999999999999,0.9199999999999999,-0.4,-0.4,2.7777777777777777,2.7777777777777777,26.38046755555555,48.858429311111024,48.858429311111024,-6.661338147750939e-16,-6.661338147750939e-16,-0.4,-0.4,2.7777777777777777,2.7777777777777777
43,0.5,False,0,1.2999999999999998,True,24.86187955555555,-4.130293999999995,-4.130293999999995,0.7000000000000002,0.7000000000000002,-0.5,-0.5,2.7777777777777777,2.7777777777777777,24.86187955555555,26.787448488888852,26.787448488888852,0.0,0.0,-0.5,-0.5,2.7777777777777777,2.7777777777777777
43,0.6000000000000001,False,0,0.6666666666666672,True,24.10258555555555,-3.8244090000000055,-3.8244090000000055,0.5200000000000005,0.5200000000000005,-0.6000000000000001,-0.6000000000000001,2.7777777777777777,2.7777777777777777,23.34329155555555,13.733371400000006,13.733371400000006,-0.019999999999999574,-0.019999999999999574,-0.6000000000000001,-0.6000000000000001,2.7777777777777777,2.7777777777777777
43,0.7000000000000001,False,0,0.2857142857142866,True,24.10258555555555,-3.8244090000000055,-3.8244090000000055,0.3400000000000003,0.3400000000000003,-0.7000000000000001,-0.7000000000000001,2.7777777777777777,2.7777777777777777,23.34329155555555,5.5071658888889035,5.5071658888889035,-0.009999999999999343,-0.009999999999999343,-0.7000000000000001,-0.7000000000000001,2.7777777777777777,2.7777777777777777
43,0.8,True,1,0.0,True,22.58399755555555,-3.5161954222222063,-3.5161954222222063,0.07999999999999963,0.07999999999999963,-0.8,-0.8,2.7777777777777777,2.7777777777777777,22.58399755555555,-1.5355734444444264,-1.5355734444444264,-2.220446049250313e-16,-2.220446049250313e-16,-0.8,-0.8,2.7777777777777777,2.7777777777777777
43,0.9,True,2,0.0,True,22.58399755555555,-3.5161954222222063,-3.5161954222222063,-0.1100000000000001,-0.1100000000000001,-0.9,-0.9,2.7777777777777777,2.7777777777777777,23.34329155555555,-3.1031826000000136,-3.1031826000000136,-0.02000000000000024,-0.02000000000000024,-0.9,-0.9,2.7777777777777777,2.7777777777777777
43,1.0,True,2,0.0,True,21.824703555555548,-4.210719377777788,-4.210719377777788,-0.2999999999999998,-0.2999999999999998,-1.0,-1.0,2.7777777777777777,2.7777777777777777,24.10258555555555,1.7311465555555445,1.7311465555555445,0.0,0.0,-1.0,-1.0,2.7777777777777777,2.7777777777777777
43,1.1,True,2,0.0,True,20.306115555555547,-3.5854614444444435,-3.5854614444444435,-0.6000000000000001,-0.6000000000000001,-1.1,-1.1,2.7777777777777777,2.7777777777777777,24.10258555555555,4.508924333333316,4.508924333333316,-0.0499999999999996,-0.0499999999999996,-1.1,-1.1,2.7777777777777777,2.7777777777777777
43,1.2000000000000002,True,2,0.0,True,20.306115555555547,-3.5854614444444435,-3.5854614444444435,-0.7999999999999994,-0.7999999999999994,-1.2000000000000002,-1.2000000000000002,2.7777777777777777,2.7777777777777777,24.86187955555555,6.641405111111095,6.641405111111095,-0.07999999999999963,-0.07999999999999963,-1.2000000000000002,-1.2000000000000002,2.7777777777777777,2.7777777777777777
43,1.3,True,2,0.0,True,20.306115555555547,-3.5854614444444435,-3.5854614444444435,-1.0000000000000004,-1.0000000000000004,-1.3,-1.3,2.7777777777777777,2.7777777777777777,25.62117355555555,8.84981528888888,8.84981528888888,-0.09000000000000008,-0.09000000000000008,-1.3,-1.3,2.7777777777777777,2.7777777777777777
43,1.4000000000000001,True,2,0.0,True,19.546821555555546,-3.9136651555555515,-3.9136651555555515,-1.1999999999999988,-1.1999999999999988,-1.4000000000000001,-1.4000000000000001,2.7777777777777777,2.7777777777777777,25.62117355555555,11.627593066666659,11.627593066666659,-0.08000000000000007,-0.08000000000000007,-1.4000000000000001,-1.4000000000000001,2.7777777777777777,2.7777777777777777
43,1.5,True,2,0.0,True,19.546821555555546,-3.9136651555555515,-3.9136651555555515,-1.4,-1.4,-1.5,-1.5,2.7777777777777777,2.7777777777777777,26.38046755555555,13.911932644444438,13.911932644444438,-0.04999999999999982,-0.04999999999999982,-1.5,-1.5,2.7777777777777777,2.7777777777777777
43,1.6,True,2,0.0,True,19.546821555555546,-3.9136651555555515,-3.9136651555555515,-1.6000000000000005,-1.6000000000000005,-1.6,-1.6,2.7777777777777777,2.7777777777777777,26.38046755555555,13.911932644444438,13.911932644444438,-0.1599999999999997,-0.1599999999999997,-1.6,-1.6,2.7777777777777777,2.7777777777777777
43,1.7000000000000002,True,2,0.0,True,18.028233555555545,-4.261907933333322,-4.261907933333322,-1.8300000000000005,-1.8300000000000005,-1.7000000000000002,-1.7000000000000002,2.7777777777777777,2.7777777777777777,26.38046755555555,16.689710422222216,16.689710422222216,-0.09999999999999964,-0.09999999999999964,-1.7000000000000002,-1.7000000000000002,2.7777777777777777,2.7777777777777777
45,0.0,False,0,4.0,False,30.555555555555554,-3.5999999999999828,-3.5999999999999828,1.6,1.6,0.0,0.0,2.7777777777777777,2.7777777777777777,,,,,,,,,
45,0.1,False,0,4.0,False,30.555555555555554,-3.5999999999999828,-3.5999999999999828,1.42,1.42,-0.1,-0.1,2.7777777777777777,2.7777777777777777,30.555555555555554,393.62222222222084,393.62222222222084,-0.00999999999999579,-0.00999999999999579,-0.1,-0.1,2.7777777777777777,2.7777777777777777
45,0.2,False,0,4.0,False,30.555555555555554,-3.5999999999999828,-3.5999999999999828,1.2399999999999998,1.2399999999999998,-0.2,-0.2,2.7777777777777777,2.7777777777777777,30.555555555555554,171.39999999999958,171.39999999999958,-0.019999999999997353,-0.019999999999997353,-0.2,-0.2,2.7777777777777777,2.7777777777777777
45,0.30000000000000004,False,0,3.4333333333333336,True,30.429055555555554,-3.6126499999999835,-3.6126499999999835,1.06,1.06,-0.30000000000000004,-0.30000000000000004,2.7777777777777777,2.7777777777777777,30.429055555555554,95.93195000000001,95.93195000000001,-0.020000000000001572,-0.020000000000001572,-0.30000000000000004,-0.30000000000000004,2.7777777777777777,2.7777777777777777
45,0.4,False,0,1.9999999999999996,True,26.38046755555555,-3.5325118000000044,-3.5325118000000044,0.8799999999999999,0.8799999999999999,-0.4,-0.4,2.7777777777777777,2.7777777777777777,25.62117355555555,45.18798251111116,45.18798251111116,-6.661338147750939e-16,-6.661338147750939e-16,-0.4,-0.4,2.7777777777777777,2.7777777777777777
45,0.5,False,0,1.2000000000000002,True,24.10258555555555,-3.9978132222222156,-3.9978132222222156,0.6499999999999999,0.6499999999999999,-0.5,-0.5,2.7777777777777777,2.7777777777777777,24.10258555555555,23.724436888888928,23.724436888888928,0.0,0.0,-0.5,-0.5,2.7777777777777777,2.7777777777777777
45,0.6000000000000001,False,0,0.5666666666666671,True,23.34329155555555,-3.880960377777785,-3.880960377777785,0.4600000000000004,0.4600000000000004,-0.6000000000000001,-0.6000000000000001,2.7777777777777777,2.7777777777777777,22.58399755555555,11.125936200000023,11.125936200000023,-0.019999999999999574,-0.019999999999999574,-0.6000000000000001,-0.6000000000000001,2.7777777777777777,2.7777777777777777
45,0.7000000000000001,False,0,0.1857142857142868,True,23.34329155555555,-3.880960377777785,-3.880960377777785,0.27000000000000046,0.27000000000000046,-0.7000000000000001,-0.7000000000000001,2.7777777777777777,2.7777777777777777,22.58399755555555,3.2034482888888975,3.2034482888888975,-0.009999999999999343,-0.009999999999999343,-0.7000000000000001,-0.7000000000000001,2.7777777777777777,2.7777777777777777
45,0.8,True,1,0.0,True,21.824703555555548,-3.6115028444444333,-3.6115028444444333,-2.220446049250313e-16,-2.220446049250313e-16,-0.8,-0.8,2.7777777777777777,2.7777777777777777,21.824703555555548,-3.6115028444444333,-3.6115028444444333,-2.220446049250313e-16,-2.220446049250313e-16,-0.8,-0.8,2.7777777777777777,2.7777777777777777
45,0.9,True,2,0.0,True,21.824703555555548,-3.6115028444444333,-3.6115028444444333,-0.19999999999999996,-0.19999999999999996,-0.9,-0.9,2.7777777777777777,2.7777777777777777,23.34329155555555,-1.1031826000000136,-1.1031826000000136,-0.02000000000000024,-0.02000000000000024,-0.9,-0.9,2.7777777777777777,2.7777777777777777
45,1.0,True,2,0.0,True,21.065409555555547,-4.039482555555561,-4.039482555555561,-0.3999999999999999,-0.3999999999999999,-1.0,-1.0,2.7777777777777777,2.7777777777777777,24.10258555555555,3.7311465555555445,3.7311465555555445,0.0,0.0,-1.0,-1.0,2.7777777777777777,2.7777777777777777
45,1.1,True,2,0.0,True,19.546821555555546,-3.9085570666666696,-3.9085570666666696,-0.7100000000000004,-0.7100000000000004,-1.1,-1.1,2.7777777777777777,2.7777777777777777,24.10258555555555,6.508924333333316,6.508924333333316,-0.0499999999999996,-0.0499999999999996,-1.1,-1.1,2.7777777777777777,2.7777777777777777
45,1.2000000000000002,True,2,0.0,True,19.546821555555546,-3.9085570666666696,-3.9085570666666696,-0.919999999999999,-0.919999999999999,-1.2000000000000002,-1.2000000000000002,2.7777777777777777,2.7777777777777777,24.86187955555555,8.641405111111094,8.641405111111094,-0.07999999999999963,-0.07999999999999963,-1.2000000000000002,-1.2000000000000002,2.7777777777777777,2.7777777777777777
45,1.3,True,2,0.0,True,19.546821555555546,-3.9085570666666696,-3.9085570666666696,-1.1300000000000008,-1.1300000000000008,-1.3,-1.3,2.7777777777777777,2.7777777777777777,25.62117355555555,10.84981528888888,10.84981528888888,-0.09000000000000008,-0.09000000000000008,-1.3,-1.3,2.7777777777777777,2.7777777777777777
45,1.4000000000000001,True,2,0.0,True,18.028233555555545,-3.5603142888888994,-3.5603142888888994,-1.4799999999999986,-1.4799999999999986,-1.4000000000000001,-1.4000000000000001,2.7777777777777777,2.7777777777777777,25.62117355555555,13.627593066666659,13.627593066666659,-0.08000000000000007,-0.08000000000000007,-1.4000000000000001,-1.4000000000000001,2.7777777777777777,2.7777777777777777
45,1.5,True,2,0.0,True,18.028233555555545,-3.5603142888888994,-3.5603142888888994,-1.6999999999999997,-1.6999999999999997,-1.5,-1.5,2.7777777777777777,2.7777777777777777,26.38046755555555,15.911932644444438,15.911932644444438,-0.04999999999999982,-0.04999999999999982,-1.5,-1.5,2.7777777777777777,2.7777777777777777
45,1.6,True,2,0.0,True,18.028233555555545,-3.5603142888888994,-3.5603142888888994,-1.879999999999999,-1.879999999999999,-1.6,-1.6,2.7777777777777777,2.7777777777777777,26.38046755555555,15.911932644444438,15.911932644444438,-0.1599999999999997,-0.1599999999999997,-1.6,-1.6,2.7777777777777777,2.7777777777777777
45,1.7000000000000002,True,2,0.0,True,17.268939555555544,-3.7110241111110964,-3.7110241111110964,-1.8300000000000005,-1.8300000000000005,0.0,0.0,2.7777777777777777,2.7777777777777777,26.38046755555555,18.689710422222216,18.689710422222216,-0.09999999999999964,-0.09999999999999964,-1.7000000000000002,-1.7000000000000002,2.7777777777777777,2.7777777777777777
47,0.0,False,0,4.0,False,30.555555555555554,-3.000000000000017,-3.000000000000017,1.6,1.6,0.0,0.0,2.7777777777777777,2.7777777777777777,,,,,,,,,
47,0.1,False,0,4.0,False,30.555555555555554,-3.000000000000017,-3.000000000000017,1.42,1.42,-0.1,-0.1,2.7777777777777777,2.7777777777777777,30.555555555555554,391.62222222222084,391.62222222222084,-0.00999999999999579,-0.00999999999999579,-0.1,-0.1,2.7777777777777777,2.7777777777777777
47,0.2,False,0,4.0,False,30.555555555555554,-3.000000000000017,-3.000000000000017,1.2399999999999998,1.2399999999999998,-0.2,-0.2,2.7777777777777777,2.7777777777777777,30.555555555555554,169.39999999999958,169.39999999999958,-0.019999999999997353,-0.019999999999997353,-0.2,-0.2,2.7777777777777777,2.7777777777777777
47,0.30000000000000004,False,0,3.3333333333333344,True,30.429055555555554,-2.987350000000016,-2.987350000000016,1.06,1.06,-0.30000000000000004,-0.30000000000000004,2.7777777777777777,2.7777777777777777,30.176055555555553,93.02115000000008,93.02115000000008,-0.020000000000001572,-0.020000000000001572,-0.30000000000000004,-0.30000000000000004,2.7777777777777777,2.7777777777777777
47,0.4,False,0,1.8999999999999995,True,25.62117355555555,-3.816851377777783,-3.816851377777783,0.8399999999999999,0.8399999999999999,-0.4,-0.4,2.7777777777777777,2.7777777777777777,24.86187955555555,41.593465111111044,41.593465111111044,-6.661338147750939e-16,-6.661338147750939e-16,-0.4,-0.4,2.7777777777777777,2.7777777777777777
47,0.5,False,0,1.1000000000000005,True,23.34329155555555,-3.941261844444436,-3.941261844444436,0.6000000000000001,0.6000000000000001,-0.5,-0.5,2.7777777777777777,2.7777777777777777,23.34329155555555,20.737354688888868,20.737354688888868,0.0,0.0,-0.5,-0.5,2.7777777777777777,2.7777777777777777
47,0.6000000000000001,False,0,0.46666666666666773,True,22.58399755555555,-3.8615823555555577,-3.8615823555555577,0.40000000000000036,0.40000000000000036,-0.6000000000000001,-0.6000000000000001,2.7777777777777777,2.7777777777777777,21.824703555555548,8.594430399999975,8.594430399999975,-0.019999999999999574,-0.019999999999999574,-0.6000000000000001,-0.6000000000000001,2.7777777777777777,2.7777777777777777
47,0.7000000000000001,False,0,0.08571428571428673,True,22.58399755555555,-3.8615823555555577,-3.8615823555555577,0.20000000000000062,0.20000000000000062,-0.7000000000000001,-0.7000000000000001,2.7777777777777777,2.7777777777777777,21.824703555555548,0.9756600888888771,0.9756600888888771,-0.009999999999999343,-0.009999999999999343,-0.7000000000000001,-0.7000000000000001,2.7777777777777777,2.7777777777777777
47,0.8,True,2,0.0,True,21.065409555555547,-3.78273966666666,-3.78273966666666,-0.0800000000000003,-0.0800000000000003,-0.8,-0.8,2.7777777777777777,2.7777777777777777,21.824703555555548,-2.9884971555555664,-2.9884971555555664,-2.220446049250313e-16,-2.220446049250313e-16,-0.8,-0.8,2.7777777777777777,2.7777777777777777
47,0.9,True,2,0.0,True,21.065409555555547,-3.78273966666666,-3.78273966666666,-0.2899999999999998,-0.2899999999999998,-0.9,-0.9,2.7777777777777777,2.7777777777777777,23.34329155555555,0.8968173999999864,0.8968173999999864,-0.02000000000000024,-0.02000000000000024,-0.9,-0.9,2.7777777777777777,2.7777777777777777
47,1.0,True,2,0.0,True,20.306115555555547,-3.7923163333333347,-3.7923163333333347,-0.5,-0.5,-1.0,-1.0,2.7777777777777777,2.7777777777777777,24.10258555555555,5.7311465555555445,5.7311465555555445,0.0,0.0,-1.0,-1.0,2.7777777777777777,2.7777777777777777
47,1.1,True,2,0.0,True,18.787527555555545,-4.292417911111104,-4.292417911111104,-0.8200000000000007,-0.8200000000000007,-1.1,-1.1,2.7777777777777777,2.7777777777777777,24.10258555555555,8.508924333333315,8.508924333333315,-0.0499999999999996,-0.0499999999999996,-1.1,-1.1,2.7777777777777777,2.7777777777777777
47,1.2000000000000002,True,2,0.0,True,18.787527555555545,-4.292417911111104,-4.292417911111104,-1.0399999999999991,-1.0399999999999991,-1.2000000000000002,-1.2000000000000002,2.7777777777777777,2.7777777777777777,24.86187955555555,10.641405111111094,10.641405111111094,-0.07999999999999963,-0.07999999999999963,-1.2000000000000002,-1.2000000000000002,2.7777777777777777,2.7777777777777777
47,1.3,True,2,0.0,True,18.787527555555545,-4.292417911111104,-4.292417911111104,-1.2600000000000007,-1.2600000000000007,-1.3,-1.3,2.7777777777777777,2.7777777777777777,25.62117355555555,12.84981528888888,12.84981528888888,-0.09000000000000008,-0.09000000000000008,-1.3,-1.3,2.7777777777777777,2.7777777777777777
47,1.4000000000000001,True,2,0.0,True,17.268939555555544,-4.111198111111125,-4.111198111111125,-1.6199999999999988,-1.6199999999999988,-1.4000000000000001,-1.4000000000000001,2.7777777777777777,2.7777777777777777,25.62117355555555,15.627593066666659,15.627593066666659,-0.08000000000000007,-0.08000000000000007,-1.4000000000000001,-1.4000000000000001,2.7777777777777777,2.7777777777777777
47,1.5,True,2,0.0,True,17.268939555555544,-4.111198111111125,-4.111198111111125,-1.85,-1.85,-1.5,-1.5,2.7777777777777777,2.7777777777777777,26.38046755555555,17.911932644444438,17.911932644444438,-0.04999999999999982,-0.04999999999999982,-1.5,-1.5,2.7777777777777777,2.7777777777777777
47,1.6,True,2,0.0,True,17.268939555555544,-4.111198111111125,-4.111198111111125,-1.879999999999999,-1.879999999999999,0.0,0.0,2.7777777777777777,2.7777777777777777,26.38046755555555,17.911932644444438,17.911932644444438,-0.1599999999999997,-0.1599999999999997,-1.6,-1.6,2.7777777777777777,2.7777777777777777
47,1.7000000000000002,True,2,0.0,True,15.750351555555543,-4.218531733333346,-4.218531733333346,-1.8300000000000005,-1.8300000000000005,0.0,0.0,2.7777777777777777,2.7777777777777777,26.38046755555555,20.689710422222216,20.689710422222216,-0.09999999999999964,-0.09999999999999964,-1.7000000000000002,-1.7000000000000002,2.7777777777777777,2.7777777777777777
49,0.0,False,0,4.0,False,30.555555555555554,-3.7777777777777954,-3.7777777777777954,1.6,1.6,0.0,0.0,2.7777777777777777,2.7777777777777777,,,,,,,,,
49,0.1,False,0,4.0,False,30.555555555555554,-3.7777777777777954,-3.7777777777777954,1.4100000000000001,1.4100000000000001,-0.1,-0.1,2.7777777777777777,2.7777777777777777,30.555555555555554,389.62222222222084,389.62222222222084,-0.00999999999999579,-0.00999999999999579,-0.1,-0.1,2.7777777777777777,2.7777777777777777
49,0.2,False,0,4.0,False,30.555555555555554,-3.7777777777777954,-3.7777777777777954,1.2200000000000002,1.2200000000000002,-0.2,-0.2,2.7777777777777777,2.7777777777777777,30.555555555555554,167.39999999999958,167.39999999999958,-0.019999999999997353,-0.019999999999997353,-0.2,-0.2,2.7777777777777777,2.7777777777777777
49,0.30000000000000004,False,0,3.3333333333333344,True,30.176055555555553,-3.7271777777777926,-3.7271777777777926,1.0300000000000002,1.0300000000000002,-0.30000000000000004,-0.30000000000000004,2.7777777777777777,2.7777777777777777,29.796555555555553,89.69289999999994,89.69289999999994,-0.020000000000001572,-0.020000000000001572,-0.30000000000000004,-0.30000000000000004,2.7777777777777777,2.7777777777777777
49,0.4,False,0,1.7999999999999994,True,24.86187955555555,-4.025261555555562,-4.025261555555562,0.7999999999999998,0.7999999999999998,-0.4,-0.4,2.7777777777777777,2.7777777777777777,24.10258555555555,38.07487711111118,38.07487711111118,-6.661338147750939e-16,-6.661338147750939e-16,-0.4,-0.4,2.7777777777777777,2.7777777777777777
49,0.5,False,0,1.0,True,22.58399755555555,-3.9606398666666633,-3.9606398666666633,0.5500000000000003,0.5500000000000003,-0.5,-0.5,2.7777777777777777,2.7777777777777777,22.58399755555555,17.826201888888928,17.826201888888928,0.0,0.0,-0.5,-0.5,2.7777777777777777,2.7777777777777777
49,0.6000000000000001,False,0,0.3666666666666677,True,21.824703555555548,-3.7662749333333307,-3.7662749333333307,0.3400000000000003,0.3400000000000003,-0.6000000000000001,-0.6000000000000001,2.7777777777777777,2.7777777777777777,21.065409555555547,6.1388540000000065,6.1388540000000065,-0.019999999999999574,-0.019999999999999574,-0.6000000000000001,-0.6000000000000001,2.7777777777777777,2.7777777777777777
49,0.7000000000000001,True,1,0.0,True,21.824703555555548,-3.7662749333333307,-3.7662749333333307,0.13000000000000078,0.13000000000000078,-0.7000000000000001,-0.7000000000000001,2.7777777777777777,2.7777777777777777,21.065409555555547,-1.1761987111111223,-1.1761987111111223,-0.009999999999999343,-0.009999999999999343,-0.7000000000000001,-0.7000000000000001,2.7777777777777777,2.7777777777777777
49,0.8,True,2,0.0,True,20.306115555555547,-4.029905888888886,-4.029905888888886,-0.16000000000000036,-0.16000000000000036,-0.8,-0.8,2.7777777777777777,2.7777777777777777,21.824703555555548,-0.9884971555555664,-0.9884971555555664,-2.220446049250313e-16,-2.220446049250313e-16,-0.8,-0.8,2.7777777777777777,2.7777777777777777
49,0.9,True,2,0.0,True,20.306115555555547,-4.029905888888886,-4.029905888888886,-0.37999999999999967,-0.37999999999999967,-0.9,-0.9,2.7777777777777777,2.7777777777777777,23.34329155555555,2.8968173999999864,2.8968173999999864,-0.02000000000000024,-0.02000000000000024,-0.9,-0.9,2.7777777777777777,2.7777777777777777
49,1.0,True,2,0.0,True,18.787527555555545,-3.529804311111117,-3.529804311111117,-0.6999999999999997,-0.6999999999999997,-1.0,-1.0,2.7777777777777777,2.7777777777777777,24.10258555555555,7.7311465555555445,7.7311465555555445,0.0,0.0,-1.0,-1.0,2.7777777777777777,2.7777777777777777
49,1.1,True,2,0.0,True,18.028233555555545,-3.8174634888888788,-3.8174634888888788,-0.9300000000000006,-0.9300000000000006,-1.1,-1.1,2.7777777777777777,2.7777777777777777,24.10258555555555,10.508924333333315,10.508924333333315,-0.0499999999999996,-0.0499999999999996,-1.1,-1.1,2.7777777777777777,2.7777777777777777
49,1.2000000000000002,True,2,0.0,True,18.028233555555545,-3.8174634888888788,-3.8174634888888788,-1.1599999999999988,-1.1599999999999988,-1.2000000000000002,-1.2000000000000002,2.7777777777777777,2.7777777777777777,24.86187955555555,12.641405111111094,12.641405111111094,-0.07999999999999963,-0.07999999999999963,-1.2000000000000002,-1.2000000000000002,2.7777777777777777,2.7777777777777777
49,1.3,True,2,0.0,True,18.028233555555545,-3.8174634888888788,-3.8174634888888788,-1.390000000000001,-1.390000000000001,-1.3,-1.3,2.7777777777777777,2.7777777777777777,25.62117355555555,14.84981528888888,14.84981528888888,-0.09000000000000008,-0.09000000000000008,-1.3,-1.3,2.7777777777777777,2.7777777777777777
49,1.4000000000000001,True,2,0.0,True,16.509645555555544,-3.861988666666657,-3.861988666666657,-1.7599999999999985,-1.7599999999999985,-1.4000000000000001,-1.4000000000000001,2.7777777777777777,2.7777777777777777,25.62117355555555,17.62759306666666,17.62759306666666,-0.08000000000000007,-0.08000000000000007,-1.4000000000000001,-1.4000000000000001,2.7777777777777777,2.7777777777777777
49,1.5,True,2,0.0,True,16.509645555555544,-3.861988666666657,-3.861988666666657,-1.7999999999999998,-1.7999999999999998,-1.5,-1.5,2.7777777777777777,2.7777777777777777,26.38046755555555,19.911932644444438,19.911932644444438,-0.04999999999999982,-0.04999999999999982,-1.5,-1.5,2.7777777777777777,2.7777777777777777
49,1.6,True,2,0.0,True,16.509645555555544,-3.861988666666657,-3.861988666666657,-1.879999999999999,-1.879999999999999,0.0,0.0,2.7777777777777777,2.7777777777777777,26.38046755555555,19.911932644444438,19.911932644444438,-0.1599999999999997,-0.1599999999999997,-1.6,-1.6,2.7777777777777777,2.7777777777777777
49,1.7000000000000002,True,2,0.0,True,14.231763555555542,-3.851805177777794,-3.851805177777794,-1.8300000000000005,-1.8300000000000005,0.0,0.0,2.7777777777777777,2.7777777777777777,26.38046755555555,22.689710422222216,22.689710422222216,-0.09999999999999964,-0.09999999999999964,-1.7000000000000002,-1.7000000000000002,2.7777777777777777,2.7777777777777777
51,0.0,False,0,4.0,False,30.555555555555554,-4.044444444444426,-4.044444444444426,1.6,1.6,0.0,0.0,2.7777777777777777,2.7777777777777777,,,,,,,,,
51,0.1,False,0,4.0,False,30.555555555555554,-4.044444444444426,-4.044444444444426,1.4,1.4,-0.1,-0.1,2.7777777777777777,2.7777777777777777,30.555555555555554,387.62222222222084,387.62222222222084,-0.00999999999999579,-0.00999999999999579,-0.1,-0.1,2.7777777777777777,2.7777777777777777
51,0.2,False,0,4.0,False,30.555555555555554,-4.044444444444426,-4.044444444444426,1.2000000000000002,1.2000000000000002,-0.2,-0.2,2.7777777777777777,2.7777777777777777,30.555555555555554,165.39999999999958,165.39999999999958,-0.019999999999997353,-0.019999999999997353,-0.2,-0.2,2.7777777777777777,2.7777777777777777
51,0.30000000000000004,False,0,3.2333333333333334,True,29.796555555555553,-4.170944444444433,-4.170944444444433,1.0000000000000004,1.0000000000000004,-0.30000000000000004,-0.30000000000000004,2.7777777777777777,2.7777777777777777,29.796555555555553,87.69289999999994,87.69289999999994,-0.020000000000001572,-0.020000000000001572,-0.30000000000000004,-0.30000000000000004,2.7777777777777777,2.7777777777777777
51,0.4,False,0,1.6999999999999993,True,24.10258555555555,-4.157742333333341,-4.157742333333341,0.7599999999999998,0.7599999999999998,-0.4,-0.4,2.7777777777777777,2.7777777777777777,23.34329155555555,34.63221851111106,34.63221851111106,-6.661338147750939e-16,-6.661338147750939e-16,-0.4,-0.4,2.7777777777777777,2.7777777777777777
51,0.5,False,0,0.7999999999999998,True,21.824703555555548,-4.05594728888889,-4.05594728888889,0.5,0.5,-0.5,-0.5,2.7777777777777777,2.7777777777777777,21.824703555555548,14.990978488888853,14.990978488888853,0.0,0.0,-0.5,-0.5,2.7777777777777777,2.7777777777777777
51,0.6000000000000001,False,0,0.2666666666666676,True,21.065409555555547,-3.595038111111104,-3.595038111111104,0.2800000000000007,0.2800000000000007,-0.6000000000000001,-0.6000000000000001,2.7777777777777777,2.7777777777777777,20.306115555555547,3.7592069999999866,3.7592069999999866,-0.019999999999999574,-0.019999999999999574,-0.6000000000000001,-0.6000000000000001,2.7777777777777777,2.7777777777777777
51,0.7000000000000001,True,1,0.0,True,21.065409555555547,-3.595038111111104,-3.595038111111104,0.06000000000000072,0.06000000000000072,-0.7000000000000001,-0.7000000000000001,2.7777777777777777,2.7777777777777777,20.306115555555547,-3.252128111111122,-3.252128111111122,-0.009999999999999343,-0.009999999999999343,-0.7000000000000001,-0.7000000000000001,2.7777777777777777,2.7777777777777777
51,0.8,True,2,0.0,True,19.546821555555546,-4.246998488888887,-4.246998488888887,-0.24000000000000044,-0.24000000000000044,-0.8,-0.8,2.7777777777777777,2.7777777777777777,21.824703555555548,1.0115028444444336,1.0115028444444336,-2.220446049250313e-16,-2.220446049250313e-16,-0.8,-0.8,2.7777777777777777,2.7777777777777777
51,0.9,True,2,0.0,True,19.546821555555546,-4.246998488888887,-4.246998488888887,-0.4699999999999993,-0.4699999999999993,-0.9,-0.9,2.7777777777777777,2.7777777777777777,23.34329155555555,4.896817399999986,4.896817399999986,-0.02000000000000024,-0.02000000000000024,-0.9,-0.9,2.7777777777777777,2.7777777777777777
51,1.0,True,2,0.0,True,18.028233555555545,-4.004758733333335,-4.004758733333335,-0.7999999999999998,-0.7999999999999998,-1.0,-1.0,2.7777777777777777,2.7777777777777777,24.10258555555555,9.731146555555544,9.731146555555544,0.0,0.0,-1.0,-1.0,2.7777777777777777,2.7777777777777777
51,1.1,True,2,0.0,True,16.509645555555544,-3.960233555555564,-3.960233555555564,-1.1500000000000008,-1.1500000000000008,-1.1,-1.1,2.7777777777777777,2.7777777777777777,24.10258555555555,12.508924333333315,12.508924333333315,-0.0499999999999996,-0.0499999999999996,-1.1,-1.1,2.7777777777777777,2.7777777777777777
51,1.2000000000000002,True,2,0.0,True,16.509645555555544,-3.960233555555564,-3.960233555555564,-1.399999999999999,-1.399999999999999,-1.2000000000000002,-1.2000000000000002,2.7777777777777777,2.7777777777777777,24.86187955555555,14.641405111111094,14.641405111111094,-0.07999999999999963,-0.07999999999999963,-1.2000000000000002,-1.2000000000000002,2.7777777777777777,2.7777777777777777
51,1.3,True,2,0.0,True,16.509645555555544,-3.960233555555564,-3.960233555555564,-1.6500000000000008,-1.6500000000000008,-1.3,-1.3,2.7777777777777777,2.7777777777777777,25.62117355555555,16.84981528888888,16.84981528888888,-0.09000000000000008,-0.09000000000000008,-1.3,-1.3,2.7777777777777777,2.7777777777777777
51,1.4000000000000001,True,2,0.0,True,14.991057555555543,-4.219425977777791,-4.219425977777791,-1.8999999999999986,-1.8999999999999986,0.0,0.0,2.7777777777777777,2.7777777777777777,25.62117355555555,19.62759306666666,19.62759306666666,-0.08000000000000007,-0.08000000000000007,-1.4000000000000001,-1.4000000000000001,2.7777777777777777,2.7777777777777777
51,1.5,True,2,0.0,True,14.991057555555543,-4.219425977777791,-4.219425977777791,-1.7999999999999998,-1.7999999999999998,0.0,0.0,2.7777777777777777,2.7777777777777777,26.38046755555555,21.911932644444438,21.911932644444438,-0.04999999999999982,-0.04999999999999982,-1.5,-1.5,2.7777777777777777,2.7777777777777777
51,1.6,True,2,0.0,True,14.991057555555543,-4.219425977777791,-4.219425977777791,-1.879999999999999,-1.879999999999999,0.0,0.0,2.7777777777777777,2.7777777777777777,26.38046755555555,21.911932644444438,21.911932644444438,-0.1599999999999997,-0.1599999999999997,-1.6,-1.6,2.7777777777777777,2.7777777777777777
51,1.7000000000000002,True,2,0.0,True,13.472469555555541,-3.817663999999982,-3.817663999999982,-1.8300000000000005,-1.8300000000000005,0.0,0.0,2.7777777777777777,2.7777777777777777,26.38046755555555,24.689710422222216,24.689710422222216,-0.09999999999999964,-0.09999999999999964,-1.7000000000000002,-1.7000000000000002,2.7777777777777777,2.7777777777777777
53,0.0,False,0,4.0,False,30.555555555555554,-3.266666666666647,-3.266666666666647,1.6,1.6,0.0,0.0,2.7777777777777777,2.7777777777777777,,,,,,,,,
53,0.1,False,0,4.0,False,30.555555555555554,-3.266666666666647,-3.266666666666647,1.3900000000000001,1.3900000000000001,-0.1,-0.1,2.7777777777777777,2.7777777777777777,30.555555555555554,385.62222222222084,385.62222222222084,-0.00999999999999579,-0.00999999999999579,-0.1,-0.1,2.7777777777777777,2.7777777777777777
53,0.2,False,0,4.0,False,30.555555555555554,-3.266666666666647,-3.266666666666647,1.1800000000000002,1.1800000000000002,-0.2,-0.2,2.7777777777777777,2.7777777777777777,30.555555555555554,163.39999999999958,163.39999999999958,-0.019999999999997353,-0.019999999999997353,-0.2,-0.2,2.7777777777777777,2.7777777777777777
53,0.30000000000000004,False,0,3.133333333333334,True,29.290555555555553,-3.5196666666666543,-3.5196666666666543,0.9700000000000002,0.9700000000000002,-0.30000000000000004,-0.30000000000000004,2.7777777777777777,2.7777777777777777,29.290555555555553,83.97249999999987,83.97249999999987,-0.020000000000001572,-0.020000000000001572,-0.30000000000000004,-0.30000000000000004,2.7777777777777777,2.7777777777777777
53,0.4,False,0,1.5999999999999992,True,23.34329155555555,-4.214293711111121,-4.214293711111121,0.7199999999999998,0.7199999999999998,-0.4,-0.4,2.7777777777777777,2.7777777777777777,22.58399755555555,31.26548931111118,31.26548931111118,-6.661338147750939e-16,-6.661338147750939e-16,-0.4,-0.4,2.7777777777777777,2.7777777777777777
53,0.5,False,0,0.7000000000000002,True,21.065409555555547,-4.227184111111117,-4.227184111111117,0.4500000000000002,0.4500000000000002,-0.5,-0.5,2.7777777777777777,2.7777777777777777,21.065409555555547,12.231684488888913,12.231684488888913,0.0,0.0,-0.5,-0.5,2.7777777777777777,2.7777777777777777
53,0.6000000000000001,False,0,0.06666666666666783,True,19.546821555555546,-3.575223733333341,-3.575223733333341,0.1600000000000006,0.1600000000000006,-0.6000000000000001,-0.6000000000000001,2.7777777777777777,2.7777777777777777,19.546821555555546,1.455489400000002,1.455489400000002,-0.019999999999999574,-0.019999999999999574,-0.6000000000000001,-0.6000000000000001,2.7777777777777777,2.7777777777777777
53,0.7000000000000001,True,2,0.0,True,19.546821555555546,-3.575223733333341,-3.575223733333341,-0.07999999999999918,-0.07999999999999918,-0.7000000000000001,-0.7000000000000001,2.7777777777777777,2.7777777777777777,20.306115555555547,-3.3478718888888777,-3.3478718888888777,-0.009999999999999343,-0.009999999999999343,-0.7000000000000001,-0.7000000000000001,2.7777777777777777,2.7777777777777777
53,0.8,True,2,0.0,True,18.787527555555545,-3.8479734666666685,-3.8479734666666685,-0.3200000000000005,-0.3200000000000005,-0.8,-0.8,2.7777777777777777,2.7777777777777777,21.824703555555548,3.0115028444444336,3.0115028444444336,-2.220446049250313e-16,-2.220446049250313e-16,-0.8,-0.8,2.7777777777777777,2.7777777777777777
53,0.9,True,2,0.0,True,18.787527555555545,-3.8479734666666685,-3.8479734666666685,-0.5599999999999992,-0.5599999999999992,-0.9,-0.9,2.7777777777777777,2.7777777777777777,23.34329155555555,6.896817399999986,6.896817399999986,-0.02000000000000024,-0.02000000000000024,-0.9,-0.9,2.7777777777777777,2.7777777777777777
53,1.0,True,2,0.0,True,17.268939555555544,-4.044357444444439,-4.044357444444439,-0.8999999999999999,-0.8999999999999999,-1.0,-1.0,2.7777777777777777,2.7777777777777777,24.10258555555555,11.731146555555544,11.731146555555544,0.0,0.0,-1.0,-1.0,2.7777777777777777,2.7777777777777777
53,1.1,True,2,0.0,True,15.750351555555543,-3.9370238222222183,-3.9370238222222183,-1.2600000000000011,-1.2600000000000011,-1.1,-1.1,2.7777777777777777,2.7777777777777777,24.10258555555555,14.508924333333315,14.508924333333315,-0.0499999999999996,-0.0499999999999996,-1.1,-1.1,2.7777777777777777,2.7777777777777777
53,1.2000000000000002,True,2,0.0,True,15.750351555555543,-3.9370238222222183,-3.9370238222222183,-1.5199999999999987,-1.5199999999999987,-1.2000000000000002,-1.2000000000000002,2.7777777777777777,2.7777777777777777,24.86187955555555,16.641405111111094,16.641405111111094,-0.07999999999999963,-0.07999999999999963,-1.2000000000000002,-1.2000000000000002,2.7777777777777777,2.7777777777777777
53,1.3,True,2,0.0,True,15.750351555555543,-3.9370238222222183,-3.9370238222222183,-1.7800000000000002,-1.7800000000000002,-1.3,-1.3,2.7777777777777777,2.7777777777777777,25.62117355555555,18.84981528888888,18.84981528888888,-0.09000000000000008,-0.09000000000000008,-1.3,-1.3,2.7777777777777777,2.7777777777777777
53,1.4000000000000001,True,2,0.0,True,13.472469555555541,-4.004558222222246,-4.004558222222246,-1.8999999999999986,-1.8999999999999986,0.0,0.0,2.7777777777777777,2.7777777777777777,25.62117355555555,21.62759306666666,21.62759306666666,-0.08000000000000007,-0.08000000000000007,-1.4000000000000001,-1.4000000000000001,2.7777777777777777,2.7777777777777777
53,1.5,True,2,0.0,True,13.472469555555541,-4.004558222222246,-4.004558222222246,-1.7999999999999998,-1.7999999999999998,0.0,0.0,2.7777777777777777,2.7777777777777777,26.38046755555555,23.911932644444438,23.911932644444438,-0.04999999999999982,-0.04999999999999982,-1.5,-1.5,2.7777777777777777,2.7777777777777777
53,1.6,True,2,0.0,True,13.472469555555541,-4.004558222222246,-4.004558222222246,-1.879999999999999,-1.879999999999999,0.0,0.0,2.7777777777777777,2.7777777777777777,26.38046755555555,23.911932644444438,23.911932644444438,-0.1599999999999997,-0.1599999999999997,-1.6,-1.6,2.7777777777777777,2.7777777777777777
53,1.7000000000000002,True,2,0.0,True,11.19458755555554,-4.029504866666687,-4.029504866666687,-1.8300000000000005,-1.8300000000000005,0.0,0.0,2.7777777777777777,2.7777777777777777,26.38046755555555,26.689710422222216,26.689710422222216,-0.09999999999999964,-0.09999999999999964,-1.7000000000000002,-1.7000000000000002,2.7777777777777777,2.7777777777777777
55,0.0,False,0,4.0,False,30.555555555555554,-3.3333333333333597,-3.3333333333333597,1.6,1.6,0.0,0.0,2.7777777777777777,2.7777777777777777,,,,,,,,,
55,0.1,False,0,4.0,False,30.555555555555554,-3.3333333333333597,-3.3333333333333597,1.3900000000000001,1.3900000000000001,-0.1,-0.1,2.7777777777777777,2.7777777777777777,30.555555555555554,383.62222222222084,383.62222222222084,-0.00999999999999579,-0.00999999999999579,-0.1,-0.1,2.7777777777777777,2.7777777777777777
55,0.2,False,0,4.0,True,30.555555555555554,-3.3333333333333597,-3.3333333333333597,1.1800000000000002,1.1800000000000002,-0.2,-0.2,2.7777777777777777,2.7777777777777777,30.555555555555554,161.39999999999958,161.39999999999958,-0.019999999999997353,-0.019999999999997353,-0.2,-0.2,2.7777777777777777,2.7777777777777777
55,0.30000000000000004,False,0,3.033333333333335,True,29.290555555555553,-3.0803333333333525,-3.0803333333333525,0.9700000000000002,0.9700000000000002,-0.30000000000000004,-0.30000000000000004,2.7777777777777777,2.7777777777777777,28.658055555555553,79.88525000000011,79.88525000000011,-0.020000000000001572,-0.020000000000001572,-0.30000000000000004,-0.30000000000000004,2.7777777777777777,2.7777777777777777
55,0.4,False,0,1.4999999999999991,True,22.58399755555555,-4.1949156888889005,-4.1949156888889005,0.6799999999999997,0.6799999999999997,-0.4,-0.4,2.7777777777777777,2.7777777777777777,21.824703555555548,27.974689511111063,27.974689511111063,-6.661338147750939e-16,-6.661338147750939e-16,-0.4,-0.4,2.7777777777777777,2.7777777777777777
55,0.5,False,0,0.6000000000000005,True,20.306115555555547,-4.125649666666663,-4.125649666666663,0.3999999999999999,0.3999999999999999,-0.5,-0.5,2.7777777777777777,2.7777777777777777,19.546821555555546,8.940884688888925,8.940884688888925,0.0,0.0,-0.5,-0.5,2.7777777777777777,2.7777777777777777
55,0.6000000000000001,True,1,0.0,True,18.787527555555545,-3.974248755555567,-3.974248755555567,0.10000000000000053,0.10000000000000053,-0.6000000000000001,-0.6000000000000001,2.7777777777777777,2.7777777777777777,18.787527555555545,-0.7722988000000184,-0.7722988000000184,-0.019999999999999574,-0.019999999999999574,-0.6000000000000001,-0.6000000000000001,2.7777777777777777,2.7777777777777777
55,0.7000000000000001,True,2,0.0,True,18.787527555555545,-3.974248755555567,-3.974248755555567,-0.14999999999999925,-0.14999999999999925,-0.7000000000000001,-0.7000000000000001,2.7777777777777777,2.7777777777777777,20.306115555555547,-1.3478718888888848,-1.3478718888888848,-0.009999999999999343,-0.009999999999999343,-0.7000000000000001,-0.7000000000000001,2.7777777777777777,2.7777777777777777
55,0.8,True,2,0.0,True,17.268939555555544,-3.7778647777777676,-3.7778647777777676,-0.48000000000000087,-0.48000000000000087,-0.8,-0.8,2.7777777777777777,2.7777777777777777,21.824703555555548,5.011502844444434,5.011502844444434,-2.220446049250313e-16,-2.220446049250313e-16,-0.8,-0.8,2.7777777777777777,2.7777777777777777
55,0.9,True,2,0.0,True,17.268939555555544,-3.7778647777777676,-3.7778647777777676,-0.7399999999999989,-0.7399999999999989,-0.9,-0.9,2.7777777777777777,2.7777777777777777,23.34329155555555,8.896817399999986,8.896817399999986,-0.02000000000000024,-0.02000000000000024,-0.9,-0.9,2.7777777777777777,2.7777777777777777
55,1.0,True,2,0.0,True,15.750351555555543,-3.88519840000001,-3.88519840000001,-1.1,-1.1,-1.0,-1.0,2.7777777777777777,2.7777777777777777,24.10258555555555,13.731146555555544,13.731146555555544,0.0,0.0,-1.0,-1.0,2.7777777777777777,2.7777777777777777
55,1.1,True,2,0.0,True,14.231763555555542,-4.296249622222223,-4.296249622222223,-1.4800000000000013,-1.4800000000000013,-1.1,-1.1,2.7777777777777777,2.7777777777777777,24.10258555555555,16.508924333333315,16.508924333333315,-0.0499999999999996,-0.0499999999999996,-1.1,-1.1,2.7777777777777777,2.7777777777777777
55,1.2000000000000002,True,2,0.0,True,14.231763555555542,-4.296249622222223,-4.296249622222223,-1.7599999999999993,-1.7599999999999993,-1.2000000000000002,-1.2000000000000002,2.7777777777777777,2.7777777777777777,24.86187955555555,18.641405111111094,18.641405111111094,-0.07999999999999963,-0.07999999999999963,-1.2000000000000002,-1.2000000000000002,2.7777777777777777,2.7777777777777777
55,1.3,True,2,0.0,True,14.231763555555542,-4.296249622222223,-4.296249622222223,-1.8899999999999997,-1.8899999999999997,0.0,0.0,2.7777777777777777,2.7777777777777777,25.62117355555555,20.84981528888888,20.84981528888888,-0.09000000000000008,-0.09000000000000008,-1.3,-1.3,2.7777777777777777,2.7777777777777777
55,1.4000000000000001,True,2,0.0,True,11.95388155555554,-4.0934080666667,-4.0934080666667,-1.8999999999999986,-1.8999999999999986,0.0,0.0,2.7777777777777777,2.7777777777777777,25.62117355555555,23.62759306666666,23.62759306666666,-0.08000000000000007,-0.08000000000000007,-1.4000000000000001,-1.4000000000000001,2.7777777777777777,2.7777777777777777
55,1.5,True,2,0.0,True,11.95388155555554,-4.0934080666667,-4.0934080666667,-1.7999999999999998,-1.7999999999999998,0.0,0.0,2.7777777777777777,2.7777777777777777,26.38046755555555,25.911932644444438,25.911932644444438,-0.04999999999999982,-0.04999999999999982,-1.5,-1.5,2.7777777777777777,2.7777777777777777
55,1.6,True,2,0.0,True,11.95388155555554,-4.0934080666667,-4.0934080666667,-1.879999999999999,-1.879999999999999,0.0,0.0,2.7777777777777777,2.7777777777777777,26.38046755555555,25.911932644444438,25.911932644444438,-0.1599999999999997,-0.1599999999999997,-1.6,-1.6,2.7777777777777777,2.7777777777777777
55,1.7000000000000002,True,2,0.0,True,9.675999555555538,-4.026068888888861,-4.026068888888861,-1.8300000000000005,-1.8300000000000005,0.0,0.0,2.7777777777777777,2.7777777777777777,26.38046755555555,28.689710422222216,28.689710422222216,-0.09999999999999964,-0.09999999999999964,-1.7000000000000002,-1.7000000000000002,2.7777777777777777,2.7777777777777777
57,0.0,False,0,4.0,False,30.555555555555554,-4.111111111111131,-4.111111111111131,1.6,1.6,0.0,0.0,2.7777777777777777,2.7777777777777777,,,,,,,,,
57,0.1,False,0,4.0,False,30.555555555555554,-4.111111111111131,-4.111111111111131,1.38,1.38,-0.1,-0.1,2.7777777777777777,2.7777777777777777,30.555555555555554,381.62222222222084,381.62222222222084,-0.00999999999999579,-0.00999999999999579,-0.1,-0.1,2.7777777777777777,2.7777777777777777
57,0.2,False,0,4.0,True,30.555555555555554,-4.111111111111131,-4.111111111111131,1.1600000000000001,1.1600000000000001,-0.2,-0.2,2.7777777777777777,2.7777777777777777,30.555555555555554,159.39999999999958,159.39999999999958,-0.019999999999997353,-0.019999999999997353,-0.2,-0.2,2.7777777777777777,2.7777777777777777
57,0.30000000000000004,False,0,3.033333333333335,True,28.658055555555553,-3.6683611111111274,-3.6683611111111274,0.9400000000000004,0.9400000000000004,-0.30000000000000004,-0.30000000000000004,2.7777777777777777,2.7777777777777777,27.899055555555552,75.45644999999983,75.45644999999983,-0.020000000000001572,-0.020000000000001572,-0.30000000000000004,-0.30000000000000004,2.7777777777777777,2.7777777777777777
57,0.4,False,0,1.399999999999999,True,21.824703555555548,-4.0996082666666664,-4.0996082666666664,0.6399999999999997,0.6399999999999997,-0.4,-0.4,2.7777777777777777,2.7777777777777777,21.065409555555547,24.75981911111118,24.75981911111118,-6.661338147750939e-16,-6.661338147750939e-16,-0.4,-0.4,2.7777777777777777,2.7777777777777777
57,0.5,False,0,0.5,True,19.546821555555546,-3.8025540444444514,-3.8025540444444514,0.3500000000000001,0.3500000000000001,-0.5,-0.5,2.7777777777777777,2.7777777777777777,18.787527555555545,6.409378888888878,6.409378888888878,0.0,0.0,-0.5,-0.5,2.7777777777777777,2.7777777777777777
57,0.6000000000000001,True,1,0.0,True,18.028233555555545,-4.150796822222222,-4.150796822222222,0.0400000000000007,0.0400000000000007,-0.6000000000000001,-0.6000000000000001,2.7777777777777777,2.7777777777777777,17.268939555555544,-3.0000870000000104,-3.0000870000000104,-0.019999999999999574,-0.019999999999999574,-0.6000000000000001,-0.6000000000000001,2.7777777777777777,2.7777777777777777
57,0.7000000000000001,True,2,0.0,True,18.028233555555545,-4.150796822222222,-4.150796822222222,-0.21999999999999909,-0.21999999999999909,-0.7000000000000001,-0.7000000000000001,2.7777777777777777,2.7777777777777777,20.306115555555547,0.6521281111111152,0.6521281111111152,-0.009999999999999343,-0.009999999999999343,-0.7000000000000001,-0.7000000000000001,2.7777777777777777,2.7777777777777777
57,0.8,True,2,0.0,True,16.509645555555544,-4.195322000000007,-4.195322000000007,-0.5600000000000009,-0.5600000000000009,-0.8,-0.8,2.7777777777777777,2.7777777777777777,21.824703555555548,7.011502844444434,7.011502844444434,-2.220446049250313e-16,-2.220446049250313e-16,-0.8,-0.8,2.7777777777777777,2.7777777777777777
57,0.9,True,2,0.0,True,16.509645555555544,-4.195322000000007,-4.195322000000007,-0.8299999999999987,-0.8299999999999987,-0.9,-0.9,2.7777777777777777,2.7777777777777777,23.34329155555555,10.896817399999986,10.896817399999986,-0.02000000000000024,-0.02000000000000024,-0.9,-0.9,2.7777777777777777,2.7777777777777777
57,1.0,True,2,0.0,True,14.991057555555543,-3.9361295777777654,-3.9361295777777654,-1.1999999999999997,-1.1999999999999997,-1.0,-1.0,2.7777777777777777,2.7777777777777777,24.10258555555555,15.731146555555544,15.731146555555544,0.0,0.0,-1.0,-1.0,2.7777777777777777,2.7777777777777777
57,1.1,True,2,0.0,True,12.71317555555554,-4.233240666666677,-4.233240666666677,-1.7000000000000015,-1.7000000000000015,-1.1,-1.1,2.7777777777777777,2.7777777777777777,24.10258555555555,18.508924333333322,18.508924333333322,-0.0499999999999996,-0.0499999999999996,-1.1,-1.1,2.7777777777777777,2.7777777777777777
57,1.2000000000000002,True,2,0.0,True,12.71317555555554,-4.233240666666677,-4.233240666666677,-1.7999999999999998,-1.7999999999999998,-1.2000000000000002,-1.2000000000000002,2.7777777777777777,2.7777777777777777,24.86187955555555,20.641405111111094,20.641405111111094,-0.07999999999999963,-0.07999999999999963,-1.2000000000000002,-1.2000000000000002,2.7777777777777777,2.7777777777777777
57,1.3,True,2,0.0,True,12.71317555555554,-4.233240666666677,-4.233240666666677,-1.8899999999999997,-1.8899999999999997,0.0,0.0,2.7777777777777777,2.7777777777777777,25.62117355555555,22.84981528888888,22.84981528888888,-0.09000000000000008,-0.09000000000000008,-1.3,-1.3,2.7777777777777777,2.7777777777777777
57,1.4000000000000001,True,2,0.0,True,10.435293555555539,-4.114024488888847,-4.114024488888847,-1.8999999999999986,-1.8999999999999986,0.0,0.0,2.7777777777777777,2.7777777777777777,25.62117355555555,25.627593066666652,25.627593066666652,-0.08000000000000007,-0.08000000000000007,-1.4000000000000001,-1.4000000000000001,2.7777777777777777,2.7777777777777777
57,1.5,True,2,0.0,True,10.435293555555539,-4.114024488888847,-4.114024488888847,-1.7999999999999998,-1.7999999999999998,0.0,0.0,2.7777777777777777,2.7777777777777777,26.38046755555555,27.911932644444438,27.911932644444438,-0.04999999999999982,-0.04999999999999982,-1.5,-1.5,2.7777777777777777,2.7777777777777777
57,1.6,True,2,0.0,True,10.435293555555539,-4.114024488888847,-4.114024488888847,-1.879999999999999,-1.879999999999999,0.0,0.0,2.7777777777777777,2.7777777777777777,26.38046755555555,27.911932644444438,27.911932644444438,-0.1599999999999997,-0.1599999999999997,-1.6,-1.6,2.7777777777777777,2.7777777777777777
57,1.7000000000000002,True,2,0.0,True,5.879529555555538,-4.26376122222226,-4.26376122222226,-1.8300000000000005,-1.8300000000000005,0.0,0.0,2.7777777777777777,2.7777777777777777,26.38046755555555,30.68971042222221,30.68971042222221,-0.09999999999999964,-0.09999999999999964,-1.7000000000000002,-1.7000000000000002,2.7777777777777777,2.7777777777777777
59,0.0,False,0,4.0,False,30.555555555555554,-3.711111111111083,-3.711111111111083,1.6,1.6,0.0,0.0,2.7777777777777777,2.7777777777777777,,,,,,,,,
59,0.1,False,0,4.0,False,30.555555555555554,-3.711111111111083,-3.711111111111083,1.37,1.37,-0.1,-0.1,2.7777777777777777,2.7777777777777777,30.555555555555554,379.62222222222084,379.62222222222084,-0.00999999999999579,-0.00999999999999579,-0.1,-0.1,2.7777777777777777,2.7777777777777777
59,0.2,False,0,4.0,True,30.555555555555554,-3.711111111111083,-3.711111111111083,1.1400000000000001,1.1400000000000001,-0.2,-0.2,2.7777777777777777,2.7777777777777777,30.555555555555554,157.39999999999958,157.39999999999958,-0.019999999999997353,-0.019999999999997353,-0.2,-0.2,2.7777777777777777,2.7777777777777777
59,0.30000000000000004,False,0,2.933333333333334,True,27.899055555555552,-4.180488888888905,-4.180488888888905,0.9100000000000006,0.9100000000000006,-0.30000000000000004,-0.30000000000000004,2.7777777777777777,2.7777777777777777,27.139761555555552,71.10263859999993,71.10263859999993,-0.020000000000001572,-0.020000000000001572,-0.30000000000000004,-0.30000000000000004,2.7777777777777777,2.7777777777777777
59,0.4,False,0,1.299999999999999,True,21.065409555555547,-3.928371444444454,-3.928371444444454,0.5999999999999996,0.5999999999999996,-0.4,-0.4,2.7777777777777777,2.7777777777777777,20.306115555555547,21.62087811111108,21.62087811111108,-6.661338147750939e-16,-6.661338147750939e-16,-0.4,-0.4,2.7777777777777777,2.7777777777777777
59,0.5,False,0,0.2999999999999998,True,18.028233555555545,-3.6714253999999924,-3.6714253999999924,0.25,0.25,-0.5,-0.5,2.7777777777777777,2.7777777777777777,18.028233555555545,3.9538024888889227,3.9538024888889227,0.0,0.0,-0.5,-0.5,2.7777777777777777,2.7777777777777777
59,0.6000000000000001,True,2,0.0,True,16.509645555555544,-3.626900222222221,-3.626900222222221,-0.07999999999999963,-0.07999999999999963,-0.6000000000000001,-0.6000000000000001,2.7777777777777777,2.7777777777777777,17.268939555555544,-3.5999129999999893,-3.5999129999999893,-0.019999999999999574,-0.019999999999999574,-0.6000000000000001,-0.6000000000000001,2.7777777777777777,2.7777777777777777
59,0.7000000000000001,True,2,0.0,True,16.509645555555544,-3.626900222222221,-3.626900222222221,-0.359999999999999,-0.359999999999999,-0.7000000000000001,-0.7000000000000001,2.7777777777777777,2.7777777777777777,20.306115555555547,2.6521281111111152,2.6521281111111152,-0.009999999999999343,-0.009999999999999343,-0.7000000000000001,-0.7000000000000001,2.7777777777777777,2.7777777777777777
59,0.8,True,2,0.0,True,14.991057555555543,-3.8860926444444486,-3.8860926444444486,-0.7200000000000011,-0.7200000000000011,-0.8,-0.8,2.7777777777777777,2.7777777777777777,21.824703555555548,9.011502844444433,9.011502844444433,-2.220446049250313e-16,-2.220446049250313e-16,-0.8,-0.8,2.7777777777777777,2.7777777777777777
59,0.9,True,2,0.0,True,14.991057555555543,-3.8860926444444486,-3.8860926444444486,-1.0099999999999985,-1.0099999999999985,-0.9,-0.9,2.7777777777777777,2.7777777777777777,23.34329155555555,12.896817399999986,12.896817399999986,-0.02000000000000024,-0.02000000000000024,-0.9,-0.9,2.7777777777777777,2.7777777777777777
59,1.0,True,2,0.0,True,13.472469555555541,-4.150997333333311,-4.150997333333311,-1.4,-1.4,-1.0,-1.0,2.7777777777777777,2.7777777777777777,24.10258555555555,17.731146555555544,17.731146555555544,0.0,0.0,-1.0,-1.0,2.7777777777777777,2.7777777777777777
59,1.1,True,2,0.0,True,11.19458755555554,-4.12605068888887,-4.12605068888887,-1.8799999999999981,-1.8799999999999981,-1.1,-1.1,2.7777777777777777,2.7777777777777777,24.10258555555555,20.508924333333322,20.508924333333322,-0.0499999999999996,-0.0499999999999996,-1.1,-1.1,2.7777777777777777,2.7777777777777777
59,1.2000000000000002,True,2,0.0,True,11.19458755555554,-4.12605068888887,-4.12605068888887,-1.7999999999999998,-1.7999999999999998,0.0,0.0,2.7777777777777777,2.7777777777777777,24.86187955555555,22.641405111111094,22.641405111111094,-0.07999999999999963,-0.07999999999999963,-1.2000000000000002,-1.2000000000000002,2.7777777777777777,2.7777777777777777
59,1.3,True,2,0.0,True,11.19458755555554,-4.12605068888887,-4.12605068888887,-1.8899999999999997,-1.8899999999999997,0.0,0.0,2.7777777777777777,2.7777777777777777,25.62117355555555,24.84981528888888,24.84981528888888,-0.09000000000000008,-0.09000000000000008,-1.3,-1.3,2.7777777777777777,2.7777777777777777
59,1.4000000000000001,True,2,0.0,True,7.398117555555538,-4.1822632000000395,-4.1822632000000395,-1.8999999999999986,-1.8999999999999986,0.0,0.0,2.7777777777777777,2.7777777777777777,25.62117355555555,27.627593066666652,27.627593066666652,-0.08000000000000007,-0.08000000000000007,-1.4000000000000001,-1.4000000000000001,2.7777777777777777,2.7777777777777777
59,1.5,True,2,0.0,True,7.398117555555538,-4.1822632000000395,-4.1822632000000395,-1.7999999999999998,-1.7999999999999998,0.0,0.0,2.7777777777777777,2.7777777777777777,26.38046755555555,29.911932644444438,29.911932644444438,-0.04999999999999982,-0.04999999999999982,-1.5,-1.5,2.7777777777777777,2.7777777777777777
59,1.6,True,2,0.0,True,7.398117555555538,-4.1822632000000395,-4.1822632000000395,-1.879999999999999,-1.879999999999999,0.0,0.0,2.7777777777777777,2.7777777777777777,26.38046755555555,29.911932644444438,29.911932644444438,-0.1599999999999997,-0.1599999999999997,-1.6,-1.6,2.7777777777777777,2.7777777777777777
59,1.7000000000000002,True,2,0.0,True,2.8423535555555386,-2.81764548888886,-2.81764548888886,-1.8300000000000005,-1.8300000000000005,0.0,0.0,2.7777777777777777,2.7777777777777777,26.38046755555555,32.68971042222221,32.68971042222221,-0.09999999999999964,-0.09999999999999964,-1.7000000000000002,-1.7000000000000002,2.7777777777777777,2.7777777777777777
61,0.0,False,0,4.0,False,30.555555555555554,-2.9333333333333114,-2.9333333333333114,1.6,1.6,0.0,0.0,2.7777777777777777,2.7777777777777777,,,,,,,,,
61,0.1,False,0,4.0,False,30.555555555555554,-2.9333333333333114,-2.9333333333333114,1.3599999999999999,1.3599999999999999,-0.1,-0.1,2.7777777777777777,2.7777777777777777,30.555555555555554,377.62222222222084,377.62222222222084,-0.00999999999999579,-0.00999999999999579,-0.1,-0.1,2.7777777777777777,2.7777777777777777
61,0.2,False,0,4.0,True,30.555555555555554,-2.9333333333333114,-2.9333333333333114,1.12,1.12,-0.2,-0.2,2.7777777777777777,2.7777777777777777,30.555555555555554,155.39999999999958,155.39999999999958,-0.019999999999997353,-0.019999999999997353,-0.2,-0.2,2.7777777777777777,2.7777777777777777
61,0.30000000000000004,False,0,2.833333333333333,True,27.139761555555552,-3.9833127333333236,-3.9833127333333236,0.8800000000000003,0.8800000000000003,-0.30000000000000004,-0.30000000000000004,2.7777777777777777,2.7777777777777777,27.139761555555552,69.10263859999993,69.10263859999993,-0.020000000000001572,-0.020000000000001572,-0.30000000000000004,-0.30000000000000004,2.7777777777777777,2.7777777777777777
61,0.4,False,0,1.1999999999999988,True,20.306115555555547,-3.6812052222222347,-3.6812052222222347,0.5599999999999996,0.5599999999999996,-0.4,-0.4,2.7777777777777777,2.7777777777777777,19.546821555555546,18.557866511111182,18.557866511111182,-6.661338147750939e-16,-6.661338147750939e-16,-0.4,-0.4,2.7777777777777777,2.7777777777777777
61,0.5,False,0,0.20000000000000018,True,17.268939555555544,-4.2223092222222105,-4.2223092222222105,0.20000000000000018,0.20000000000000018,-0.5,-0.5,2.7777777777777777,2.7777777777777777,17.268939555555544,1.5741554888888887,1.5741554888888887,0.0,0.0,-0.5,-0.5,2.7777777777777777,2.7777777777777777
61,0.6000000000000001,True,2,0.0,True,15.750351555555543,-4.270357155555547,-4.270357155555547,-0.13999999999999968,-0.13999999999999968,-0.6000000000000001,-0.6000000000000001,2.7777777777777777,2.7777777777777777,17.268939555555544,-1.5999129999999893,-1.5999129999999893,-0.019999999999999574,-0.019999999999999574,-0.6000000000000001,-0.6000000000000001,2.7777777777777777,2.7777777777777777
61,0.7000000000000001,True,2,0.0,True,15.750351555555543,-4.270357155555547,-4.270357155555547,-0.4299999999999988,-0.4299999999999988,-0.7000000000000001,-0.7000000000000001,2.7777777777777777,2.7777777777777777,20.306115555555547,4.652128111111115,4.652128111111115,-0.009999999999999343,-0.009999999999999343,-0.7000000000000001,-0.7000000000000001,2.7777777777777777,2.7777777777777777
61,0.8,True,2,0.0,True,14.231763555555542,-3.859305933333334,-3.859305933333334,-0.8000000000000012,-0.8000000000000012,-0.8,-0.8,2.7777777777777777,2.7777777777777777,21.824703555555548,11.011502844444433,11.011502844444433,-2.220446049250313e-16,-2.220446049250313e-16,-0.8,-0.8,2.7777777777777777,2.7777777777777777
61,0.9,True,2,0.0,True,14.231763555555542,-3.859305933333334,-3.859305933333334,-1.0999999999999983,-1.0999999999999983,-0.9,-0.9,2.7777777777777777,2.7777777777777777,23.34329155555555,14.896817399999986,14.896817399999986,-0.02000000000000024,-0.02000000000000024,-0.9,-0.9,2.7777777777777777,2.7777777777777777
61,1.0,True,2,0.0,True,11.95388155555554,-4.062147488888857,-4.062147488888857,-1.6,-1.6,-1.0,-1.0,2.7777777777777777,2.7777777777777777,24.10258555555555,19.731146555555544,19.731146555555544,0.0,0.0,-1.0,-1.0,2.7777777777777777,2.7777777777777777
61,1.1,True,2,0.0,True,8.916705555555538,-4.195517222222196,-4.195517222222196,-1.8799999999999981,-1.8799999999999981,0.0,0.0,2.7777777777777777,2.7777777777777777,24.10258555555555,22.508924333333322,22.508924333333322,-0.0499999999999996,-0.0499999999999996,-1.1,-1.1,2.7777777777777777,2.7777777777777777
61,1.2000000000000002,True,2,0.0,True,8.916705555555538,-4.195517222222196,-4.195517222222196,-1.7999999999999998,-1.7999999999999998,0.0,0.0,2.7777777777777777,2.7777777777777777,24.86187955555555,24.641405111111094,24.641405111111094,-0.07999999999999963,-0.07999999999999963,-1.2000000000000002,-1.2000000000000002,2.7777777777777777,2.7777777777777777
61,1.3,True,2,0.0,True,8.916705555555538,-4.195517222222196,-4.195517222222196,-1.8899999999999997,-1.8899999999999997,0.0,0.0,2.7777777777777777,2.7777777777777777,25.62117355555555,26.84981528888888,26.84981528888888,-0.09000000000000008,-0.09000000000000008,-1.3,-1.3,2.7777777777777777,2.7777777777777777
61,1.4000000000000001,True,2,0.0,True,2.8423535555555386,-3.595423266666617,-3.595423266666617,-1.8999999999999986,-1.8999999999999986,0.0,0.0,2.7777777777777777,2.7777777777777777,25.62117355555555,29.627593066666652,29.627593066666652,-0.08000000000000007,-0.08000000000000007,-1.4000000000000001,-1.4000000000000001,2.7777777777777777,2.7777777777777777
61,1.5,True,2,0.0,True,2.8423535555555386,-3.595423266666617,-3.595423266666617,-1.7999999999999998,-1.7999999999999998,0.0,0.0,2.7777777777777777,2.7777777777777777,26.38046755555555,31.911932644444438,31.911932644444438,-0.04999999999999982,-0.04999999999999982,-1.5,-1.5,2.7777777777777777,2.7777777777777777
61,1.6,True,2,0.0,True,2.8423535555555386,-3.595423266666617,-3.595423266666617,-1.879999999999999,-1.879999999999999,0.0,0.0,2.7777777777777777,2.7777777777777777,26.38046755555555,31.911932644444438,31.911932644444438,-0.1599999999999997,-0.1599999999999997,-1.6,-1.6,2.7777777777777777,2.7777777777777777
61,1.7000000000000002,True,2,0.0,True,2.8423535555555386,-0.8176454888888598,-0.8176454888888598,-1.8300000000000005,-1.8300000000000005,0.0,0.0,2.7777777777777777,2.7777777777777777,26.38046755555555,34.68971042222221,34.68971042222221,-0.09999999999999964,-0.09999999999999964,-1.7000000000000002,-1.7000000000000002,2.7777777777777777,2.7777777777777777
63,0.0,False,0,4.0,False,30.555555555555554,-3.6666666666666883,-3.6666666666666883,1.6,1.6,0.0,0.0,2.7777777777777777,2.7777777777777777,,,,,,,,,
63,0.1,False,0,4.0,False,30.555555555555554,-3.6666666666666883,-3.6666666666666883,1.3599999999999999,1.3599999999999999,-0.1,-0.1,2.7777777777777777,2.7777777777777777,30.555555555555554,375.62222222222084,375.62222222222084,-0.00999999999999579,-0.00999999999999579,-0.1,-0.1,2.7777777777777777,2.7777777777777777
63,0.2,False,0,4.0,True,30.555555555555554,-3.6666666666666883,-3.6666666666666883,1.12,1.12,-0.2,-0.2,2.7777777777777777,2.7777777777777777,30.555555555555554,153.39999999999958,153.39999999999958,-0.019999999999997353,-0.019999999999997353,-0.2,-0.2,2.7777777777777777,2.7777777777777777
63,0.30000000000000004,False,0,2.733333333333334,True,26.38046755555555,-3.6230437555555453,-3.6230437555555453,0.8500000000000001,0.8500000000000001,-0.30000000000000004,-0.30000000000000004,2.7777777777777777,2.7777777777777777,26.38046755555555,64.82475659999999,64.82475659999999,-0.020000000000001572,-0.020000000000001572,-0.30000000000000004,-0.30000000000000004,2.7777777777777777,2.7777777777777777
63,0.4,False,0,0.9999999999999987,True,18.787527555555545,-3.6409154222222098,-3.6409154222222098,0.47999999999999954,0.47999999999999954,-0.4,-0.4,2.7777777777777777,2.7777777777777777,18.787527555555545,15.570784311111094,15.570784311111094,-6.661338147750939e-16,-6.661338147750939e-16,-0.4,-0.4,2.7777777777777777,2.7777777777777777
63,0.5,False,0,0.0,True,16.509645555555544,-3.7508775555555642,-3.7508775555555642,0.1499999999999999,0.1499999999999999,-0.5,-0.5,2.7777777777777777,2.7777777777777777,15.750351555555543,-0.9573503111111021,-0.9573503111111021,0.0,0.0,-0.5,-0.5,2.7777777777777777,2.7777777777777777
63,0.6000000000000001,True,2,0.0,True,14.231763555555542,-3.962916288888894,-3.962916288888894,-0.26,-0.26,-0.6000000000000001,-0.6000000000000001,2.7777777777777777,2.7777777777777777,17.268939555555544,0.40008700000001074,0.40008700000001074,-0.019999999999999574,-0.019999999999999574,-0.6000000000000001,-0.6000000000000001,2.7777777777777777,2.7777777777777777
63,0.7000000000000001,True,2,0.0,True,14.231763555555542,-3.962916288888894,-3.962916288888894,-0.569999999999999,-0.569999999999999,-0.7000000000000001,-0.7000000000000001,2.7777777777777777,2.7777777777777777,20.306115555555547,6.652128111111115,6.652128111111115,-0.009999999999999343,-0.009999999999999343,-0.7000000000000001,-0.7000000000000001,2.7777777777777777,2.7777777777777777
63,0.8,True,2,0.0,True,12.71317555555554,-3.92231488888888,-3.92231488888888,-0.9600000000000013,-0.9600000000000013,-0.8,-0.8,2.7777777777777777,2.7777777777777777,21.824703555555548,13.011502844444433,13.011502844444433,-2.220446049250313e-16,-2.220446049250313e-16,-0.8,-0.8,2.7777777777777777,2.7777777777777777
63,0.9,True,2,0.0,True,12.71317555555554,-3.92231488888888,-3.92231488888888,-1.279999999999998,-1.279999999999998,-0.9,-0.9,2.7777777777777777,2.7777777777777777,23.34329155555555,16.896817399999986,16.896817399999986,-0.02000000000000024,-0.02000000000000024,-0.9,-0.9,2.7777777777777777,2.7777777777777777
63,1.0,True,2,0.0,True,9.675999555555538,-4.24059777777781,-4.24059777777781,-1.9,-1.9,-1.0,-1.0,2.7777777777777777,2.7777777777777777,24.10258555555555,21.731146555555544,21.731146555555544,0.0,0.0,-1.0,-1.0,2.7777777777777777,2.7777777777777777
63,1.1,True,2,0.0,True,4.360941555555539,-4.2843564888888634,-4.2843564888888634,-1.8799999999999981,-1.8799999999999981,0.0,0.0,2.7777777777777777,2.7777777777777777,24.10258555555555,24.508924333333322,24.508924333333322,-0.0499999999999996,-0.0499999999999996,-1.1,-1.1,2.7777777777777777,2.7777777777777777
63,1.2000000000000002,True,2,0.0,True,4.360941555555539,-4.2843564888888634,-4.2843564888888634,-1.7999999999999998,-1.7999999999999998,0.0,0.0,2.7777777777777777,2.7777777777777777,24.86187955555555,26.641405111111094,26.641405111111094,-0.07999999999999963,-0.07999999999999963,-1.2000000000000002,-1.2000000000000002,2.7777777777777777,2.7777777777777777
63,1.3,True,2,0.0,True,4.360941555555539,-4.2843564888888634,-4.2843564888888634,-1.8899999999999997,-1.8899999999999997,0.0,0.0,2.7777777777777777,2.7777777777777777,25.62117355555555,28.84981528888888,28.84981528888888,-0.09000000000000008,-0.09000000000000008,-1.3,-1.3,2.7777777777777777,2.7777777777777777
63,1.4000000000000001,True,2,0.0,True,2.8423535555555386,-1.595423266666617,-1.595423266666617,-1.8999999999999986,-1.8999999999999986,0.0,0.0,2.7777777777777777,2.7777777777777777,25.62117355555555,31.627593066666652,31.627593066666652,-0.08000000000000007,-0.08000000000000007,-1.4000000000000001,-1.4000000000000001,2.7777777777777777,2.7777777777777777
63,1.5,True,2,0.0,True,2.8423535555555386,-1.595423266666617,-1.595423266666617,-1.7999999999999998,-1.7999999999999998,0.0,0.0,2.7777777777777777,2.7777777777777777,26.38046755555555,33.91193264444444,33.91193264444444,-0.04999999999999982,-0.04999999999999982,-1.5,-1.5,2.7777777777777777,2.7777777777777777
63,1.6,True,2,0.0,True,2.8423535555555386,-1.595423266666617,-1.595423266666617,-1.879999999999999,-1.879999999999999,0.0,0.0,2.7777777777777777,2.7777777777777777,26.38046755555555,33.91193264444444,33.91193264444444,-0.1599999999999997,-0.1599999999999997,-1.6,-1.6,2.7777777777777777,2.7777777777777777
63,1.7000000000000002,False,0,0.5107938141538407,True,2.8423535555555386,1.1823545111111402,1.1823545111111402,-1.8300000000000005,-1.8300000000000005,0.0,0.0,2.7777777777777777,2.7777777777777777,26.38046755555555,36.68971042222221,36.68971042222221,-0.09999999999999964,-0.09999999999999964,-1.7000000000000002,-1.7000000000000002,2.7777777777777777,2.7777777777777777
65,0.0,False,0,4.0,False,30.555555555555554,-4.155555555555526,-4.155555555555526,1.6,1.6,0.0,0.0,2.7777777777777777,2.7777777777777777,,,,,,,,,
65,0.1,False,0,4.0,False,30.555555555555554,-4.155555555555526,-4.155555555555526,1.35,1.35,-0.1,-0.1,2.7777777777777777,2.7777777777777777,30.555555555555554,373.62222222222084,373.62222222222084,-0.00999999999999579,-0.00999999999999579,-0.1,-0.1,2.7777777777777777,2.7777777777777777
65,0.2,False,0,4.0,True,30.555555555555554,-4.155555555555526,-4.155555555555526,1.1,1.1,-0.2,-0.2,2.7777777777777777,2.7777777777777777,30.555555555555554,151.39999999999958,151.39999999999958,-0.019999999999997353,-0.019999999999997353,-0.2,-0.2,2.7777777777777777,2.7777777777777777
65,0.30000000000000004,False,0,2.6333333333333346,True,25.62117355555555,-3.3387041777777595,-3.3387041777777595,0.8200000000000003,0.8200000000000003,-0.30000000000000004,-0.30000000000000004,2.7777777777777777,2.7777777777777777,25.62117355555555,60.62280400000007,60.62280400000007,-0.020000000000001572,-0.020000000000001572,-0.30000000000000004,-0.30000000000000004,2.7777777777777777,2.7777777777777777
65,0.4,False,0,0.8999999999999986,True,18.028233555555545,-4.115869844444435,-4.115869844444435,0.4399999999999995,0.4399999999999995,-0.4,-0.4,2.7777777777777777,2.7777777777777777,18.028233555555545,12.659631511111183,12.659631511111183,-6.661338147750939e-16,-6.661338147750939e-16,-0.4,-0.4,2.7777777777777777,2.7777777777777777
65,0.5,True,1,0.0,True,14.991057555555543,-4.269462911111122,-4.269462911111122,0.050000000000000044,0.050000000000000044,-0.5,-0.5,2.7777777777777777,2.7777777777777777,14.231763555555542,-3.1851385111111084,-3.1851385111111084,0.0,0.0,-0.5,-0.5,2.7777777777777777,2.7777777777777777
65,0.6000000000000001,True,2,0.0,True,12.71317555555554,-3.8999073333333483,-3.8999073333333483,-0.38000000000000034,-0.38000000000000034,-0.6000000000000001,-0.6000000000000001,2.7777777777777777,2.7777777777777777,17.268939555555544,2.4000870000000107,2.4000870000000107,-0.019999999999999574,-0.019999999999999574,-0.6000000000000001,-0.6000000000000001,2.7777777777777777,2.7777777777777777
65,0.7000000000000001,True,2,0.0,True,12.71317555555554,-3.8999073333333483,-3.8999073333333483,-0.7099999999999986,-0.7099999999999986,-0.7000000000000001,-0.7000000000000001,2.7777777777777777,2.7777777777777777,20.306115555555547,8.652128111111114,8.652128111111114,-0.009999999999999343,-0.009999999999999343,-0.7000000000000001,-0.7000000000000001,2.7777777777777777,2.7777777777777777
65,0.8,True,2,0.0,True,10.435293555555539,-4.152642177777795,-4.152642177777795,-1.2000000000000015,-1.2000000000000015,-0.8,-0.8,2.7777777777777777,2.7777777777777777,21.824703555555548,15.011502844444433,15.011502844444433,-2.220446049250313e-16,-2.220446049250313e-16,-0.8,-0.8,2.7777777777777777,2.7777777777777777
65,0.9,True,2,0.0,True,10.435293555555539,-4.152642177777795,-4.152642177777795,-1.5499999999999976,-1.5499999999999976,-0.9,-0.9,2.7777777777777777,2.7777777777777777,23.34329155555555,18.896817399999986,18.896817399999986,-0.02000000000000024,-0.02000000000000024,-0.9,-0.9,2.7777777777777777,2.7777777777777777
65,1.0,True,2,0.0,True,6.638823555555538,-4.2406030666667105,-4.2406030666667105,-1.7999999999999998,-1.7999999999999998,0.0,0.0,2.7777777777777777,2.7777777777777777,24.10258555555555,23.731146555555544,23.731146555555544,0.0,0.0,-1.0,-1.0,2.7777777777777777,2.7777777777777777
65,1.1,True,2,0.0,True,2.8423535555555386,-2.373201044444417,-2.373201044444417,-1.8799999999999981,-1.8799999999999981,0.0,0.0,2.7777777777777777,2.7777777777777777,24.10258555555555,26.508924333333322,26.508924333333322,-0.0499999999999996,-0.0499999999999996,-1.1,-1.1,2.7777777777777777,2.7777777777777777
65,1.2000000000000002,True,2,0.0,True,2.8423535555555386,-2.373201044444417,-2.373201044444417,-1.7999999999999998,-1.7999999999999998,0.0,0.0,2.7777777777777777,2.7777777777777777,24.86187955555555,28.641405111111094,28.641405111111094,-0.07999999999999963,-0.07999999999999963,-1.2000000000000002,-1.2000000000000002,2.7777777777777777,2.7777777777777777
65,1.3,True,2,0.0,True,2.8423535555555386,-2.373201044444417,-2.373201044444417,-1.8899999999999997,-1.8899999999999997,0.0,0.0,2.7777777777777777,2.7777777777777777,25.62117355555555,30.84981528888888,30.84981528888888,-0.09000000000000008,-0.09000000000000008,-1.3,-1.3,2.7777777777777777,2.7777777777777777
65,1.4000000000000001,False,0,0.27822813834664106,True,2.8423535555555386,0.40457673333338295,0.40457673333338295,-1.8999999999999986,-1.8999999999999986,0.0,0.0,2.7777777777777777,2.7777777777777777,25.62117355555555,33.627593066666655,33.627593066666655,-0.08000000000000007,-0.08000000000000007,-1.4000000000000001,-1.4000000000000001,2.7777777777777777,2.7777777777777777
65,1.5,False,0,0.27822813834664106,True,2.8423535555555386,0.40457673333338295,0.40457673333338295,-1.7999999999999998,-1.7999999999999998,0.0,0.0,2.7777777777777777,2.7777777777777777,26.38046755555555,35.91193264444444,35.91193264444444,-0.04999999999999982,-0.04999999999999982,-1.5,-1.5,2.7777777777777777,2.7777777777777777
65,1.6,False,0,0.27822813834664106,True,2.8423535555555386,0.40457673333338295,0.40457673333338295,-1.879999999999999,-1.879999999999999,0.0,0.0,2.7777777777777777,2.7777777777777777,26.38046755555555,35.91193264444444,35.91193264444444,-0.1599999999999997,-0.1599999999999997,-1.6,-1.6,2.7777777777777777,2.7777777777777777
65,1.7000000000000002,False,0,0.866010299981341,True,2.8423535555555386,3.18235451111114,3.18235451111114,-1.8300000000000005,-1.8300000000000005,0.0,0.0,2.7777777777777777,2.7777777777777777,26.38046755555555,38.68971042222221,38.68971042222221,-0.09999999999999964,-0.09999999999999964,-1.7000000000000002,-1.7000000000000002,2.7777777777777777,2.7777777777777777
67,0.0,False,0,4.0,False,30.555555555555554,-3.37777777777774,-3.37777777777774,1.6,1.6,0.0,0.0,2.7777777777777777,2.7777777777777777,,,,,,,,,
67,0.1,False,0,4.0,False,30.555555555555554,-3.37777777777774,-3.37777777777774,1.3399999999999999,1.3399999999999999,-0.1,-0.1,2.7777777777777777,2.7777777777777777,30.555555555555554,371.62222222222084,371.62222222222084,-0.00999999999999579,-0.00999999999999579,-0.1,-0.1,2.7777777777777777,2.7777777777777777
67,0.2,False,0,4.0,True,30.555555555555554,-3.37777777777774,-3.37777777777774,1.0799999999999996,1.0799999999999996,-0.2,-0.2,2.7777777777777777,2.7777777777777777,30.555555555555554,149.39999999999958,149.39999999999958,-0.019999999999997353,-0.019999999999997353,-0.2,-0.2,2.7777777777777777,2.7777777777777777
67,0.30000000000000004,False,0,2.5333333333333337,True,25.62117355555555,-3.26129582222224,-3.26129582222224,0.8200000000000003,0.8200000000000003,-0.30000000000000004,-0.30000000000000004,2.7777777777777777,2.7777777777777777,24.86187955555555,56.49678079999988,56.49678079999988,-0.020000000000001572,-0.020000000000001572,-0.30000000000000004,-0.30000000000000004,2.7777777777777777,2.7777777777777777
67,0.4,False,0,0.6999999999999984,True,17.268939555555544,-3.9332463333333463,-3.9332463333333463,0.39999999999999947,0.39999999999999947,-0.4,-0.4,2.7777777777777777,2.7777777777777777,16.509645555555544,9.065114111111182,9.065114111111182,-6.661338147750939e-16,-6.661338147750939e-16,-0.4,-0.4,2.7777777777777777,2.7777777777777777
67,0.5,True,1,0.0,True,13.472469555555541,-4.115669333333332,-4.115669333333332,-0.04999999999999982,-0.04999999999999982,-0.5,-0.5,2.7777777777777777,2.7777777777777777,14.231763555555542,-3.4148614888888913,-3.4148614888888913,0.0,0.0,-0.5,-0.5,2.7777777777777777,2.7777777777777777
67,0.6000000000000001,True,2,0.0,True,11.19458755555554,-4.140615977777801,-4.140615977777801,-0.5000000000000004,-0.5000000000000004,-0.6000000000000001,-0.6000000000000001,2.7777777777777777,2.7777777777777777,17.268939555555544,4.400087000000011,4.400087000000011,-0.019999999999999574,-0.019999999999999574,-0.6000000000000001,-0.6000000000000001,2.7777777777777777,2.7777777777777777
67,0.7000000000000001,True,2,0.0,True,11.19458755555554,-4.140615977777801,-4.140615977777801,-0.8499999999999983,-0.8499999999999983,-0.7000000000000001,-0.7000000000000001,2.7777777777777777,2.7777777777777777,20.306115555555547,10.652128111111114,10.652128111111114,-0.009999999999999343,-0.009999999999999343,-0.7000000000000001,-0.7000000000000001,2.7777777777777777,2.7777777777777777
67,0.8,True,2,0.0,True,8.157411555555537,-4.2890361555555385,-4.2890361555555385,-1.4400000000000017,-1.4400000000000017,-0.8,-0.8,2.7777777777777777,2.7777777777777777,21.824703555555548,17.011502844444433,17.011502844444433,-2.220446049250313e-16,-2.220446049250313e-16,-0.8,-0.8,2.7777777777777777,2.7777777777777777
67,0.9,True,2,0.0,True,8.157411555555537,-4.2890361555555385,-4.2890361555555385,-1.8199999999999972,-1.8199999999999972,-0.9,-0.9,2.7777777777777777,2.7777777777777777,23.34329155555555,20.896817399999986,20.896817399999986,-0.02000000000000024,-0.02000000000000024,-0.9,-0.9,2.7777777777777777,2.7777777777777777
67,1.0,True,2,0.0,True,2.8423535555555386,-3.150978822222174,-3.150978822222174,-1.7999999999999998,-1.7999999999999998,0.0,0.0,2.7777777777777777,2.7777777777777777,24.10258555555555,25.731146555555544,25.731146555555544,0.0,0.0,-1.0,-1.0,2.7777777777777777,2.7777777777777777
67,1.1,True,2,0.0,True,2.8423535555555386,-0.37320104444441693,-0.37320104444441693,-1.8799999999999981,-1.8799999999999981,0.0,0.0,2.7777777777777777,2.7777777777777777,24.10258555555555,28.508924333333322,28.508924333333322,-0.0499999999999996,-0.0499999999999996,-1.1,-1.1,2.7777777777777777,2.7777777777777777
67,1.2000000000000002,True,2,0.0,True,2.8423535555555386,-0.37320104444441693,-0.37320104444441693,-1.7999999999999998,-1.7999999999999998,0.0,0.0,2.7777777777777777,2.7777777777777777,24.86187955555555,30.641405111111094,30.641405111111094,-0.07999999999999963,-0.07999999999999963,-1.2000000000000002,-1.2000000000000002,2.7777777777777777,2.7777777777777777
67,1.3,True,2,0.0,True,2.8423535555555386,-0.37320104444441693,-0.37320104444441693,-1.8899999999999997,-1.8899999999999997,0.0,0.0,2.7777777777777777,2.7777777777777777,25.62117355555555,32.849815288888884,32.849815288888884,-0.09000000000000008,-0.09000000000000008,-1.3,-1.3,2.7777777777777777,2.7777777777777777
67,1.4000000000000001,False,0,0.7464268552145017,True,2.8423535555555386,2.404576733333383,2.404576733333383,-1.8999999999999986,-1.8999999999999986,0.0,0.0,2.7777777777777777,2.7777777777777777,25.62117355555555,35.627593066666655,35.627593066666655,-0.08000000000000007,-0.08000000000000007,-1.4000000000000001,-1.4000000000000001,2.7777777777777777,2.7777777777777777
67,1.5,False,0,0.7464268552145017,True,2.8423535555555386,2.404576733333383,2.404576733333383,-1.7999999999999998,-1.7999999999999998,0.0,0.0,2.7777777777777777,2.7777777777777777,26.38046755555555,37.91193264444444,37.91193264444444,-0.04999999999999982,-0.04999999999999982,-1.5,-1.5,2.7777777777777777,2.7777777777777777
67,1.6,False,0,0.7464268552145017,True,2.8423535555555386,2.404576733333383,2.404576733333383,-1.879999999999999,-1.879999999999999,0.0,0.0,2.7777777777777777,2.7777777777777777,26.38046755555555,37.91193264444444,37.91193264444444,-0.1599999999999997,-0.1599999999999997,-1.6,-1.6,2.7777777777777777,2.7777777777777777
67,1.7000000000000002,False,0,1.1193406366347693,True,2.8423535555555386,4.491393688889258,4.491393688889258,-1.8300000000000005,-1.8300000000000005,0.0,0.0,2.7777777777777777,2.7777777777777777,26.38046755555555,40.68971042222221,40.68971042222221,-0.09999999999999964,-0.09999999999999964,-1.7000000000000002,-1.7000000000000002,2.7777777777777777,2.7777777777777777
69,0.0,False,0,4.0,False,30.555555555555554,-3.2222222222222596,-3.2222222222222596,1.6,1.6,0.0,0.0,2.7777777777777777,2.7777777777777777,,,,,,,,,
69,0.1,False,0,4.0,False,30.555555555555554,-3.2222222222222596,-3.2222222222222596,1.3399999999999999,1.3399999999999999,-0.1,-0.1,2.7777777777777777,2.7777777777777777,30.555555555555554,369.62222222222084,369.62222222222084,-0.00999999999999579,-0.00999999999999579,-0.1,-0.1,2.7777777777777777,2.7777777777777777
69,0.2,False,0,4.0,True,30.555555555555554,-3.2222222222222596,-3.2222222222222596,1.0799999999999996,1.0799999999999996,-0.2,-0.2,2.7777777777777777,2.7777777777777777,30.555555555555554,147.39999999999958,147.39999999999958,-0.019999999999997353,-0.019999999999997353,-0.2,-0.2,2.7777777777777777,2.7777777777777777
69,0.30000000000000004,False,0,2.433333333333333,True,24.86187955555555,-3.469706000000005,-3.469706000000005,0.7900000000000005,0.7900000000000005,-0.30000000000000004,-0.30000000000000004,2.7777777777777777,2.7777777777777777,24.10258555555555,52.44668699999998,52.44668699999998,-0.020000000000001572,-0.020000000000001572,-0.30000000000000004,-0.30000000000000004,2.7777777777777777,2.7777777777777777
69,0.4,False,0,0.4999999999999982,True,15.750351555555543,-3.996309511111096,-3.996309511111096,0.3199999999999994,0.3199999999999994,-0.4,-0.4,2.7777777777777777,2.7777777777777777,15.750351555555543,6.3817495111111215,6.3817495111111215,-6.661338147750939e-16,-6.661338147750939e-16,-0.4,-0.4,2.7777777777777777,2.7777777777777777
69,0.5,True,2,0.0,True,11.95388155555554,-4.204519177777786,-4.204519177777786,-0.1499999999999999,-0.1499999999999999,-0.5,-0.5,2.7777777777777777,2.7777777777777777,14.231763555555542,-1.4148614888888913,-1.4148614888888913,0.0,0.0,-0.5,-0.5,2.7777777777777777,2.7777777777777777
69,0.6000000000000001,True,2,0.0,True,8.916705555555538,-4.071149444444475,-4.071149444444475,-0.680000000000001,-0.680000000000001,-0.6000000000000001,-0.6000000000000001,2.7777777777777777,2.7777777777777777,17.268939555555544,6.400087000000011,6.400087000000011,-0.019999999999999574,-0.019999999999999574,-0.6000000000000001,-0.6000000000000001,2.7777777777777777,2.7777777777777777
69,0.7000000000000001,True,2,0.0,True,8.916705555555538,-4.071149444444475,-4.071149444444475,-1.0599999999999983,-1.0599999999999983,-0.7000000000000001,-0.7000000000000001,2.7777777777777777,2.7777777777777777,20.306115555555547,12.652128111111114,12.652128111111114,-0.009999999999999343,-0.009999999999999343,-0.7000000000000001,-0.7000000000000001,2.7777777777777777,2.7777777777777777
69,0.8,True,2,0.0,True,2.8423535555555386,-3.928756599999974,-3.928756599999974,-1.8799999999999994,-1.8799999999999994,0.0,0.0,2.7777777777777777,2.7777777777777777,21.824703555555548,19.011502844444433,19.011502844444433,-2.220446049250313e-16,-2.220446049250313e-16,-0.8,-0.8,2.7777777777777777,2.7777777777777777
69,0.9,True,2,0.0,True,2.8423535555555386,-3.928756599999974,-3.928756599999974,-1.8900000000000028,-1.8900000000000028,0.0,0.0,2.7777777777777777,2.7777777777777777,23.34329155555555,22.896817399999986,22.896817399999986,-0.02000000000000024,-0.02000000000000024,-0.9,-0.9,2.7777777777777777,2.7777777777777777
69,1.0,True,2,0.0,True,2.8423535555555386,-1.1509788222221742,-1.1509788222221742,-1.7999999999999998,-1.7999999999999998,0.0,0.0,2.7777777777777777,2.7777777777777777,24.10258555555555,27.731146555555544,27.731146555555544,0.0,0.0,-1.0,-1.0,2.7777777777777777,2.7777777777777777
69,1.1,False,0,0.6069868358407018,True,2.8423535555555386,1.626798955555583,1.626798955555583,-1.8799999999999981,-1.8799999999999981,0.0,0.0,2.7777777777777777,2.7777777777777777,24.10258555555555,30.508924333333322,30.508924333333322,-0.0499999999999996,-0.0499999999999996,-1.1,-1.1,2.7777777777777777,2.7777777777777777
69,1.2000000000000002,False,0,0.6069868358407018,True,2.8423535555555386,1.626798955555583,1.626798955555583,-1.7999999999999998,-1.7999999999999998,0.0,0.0,2.7777777777777777,2.7777777777777777,24.86187955555555,32.6414051111111,32.6414051111111,-0.07999999999999963,-0.07999999999999963,-1.2000000000000002,-1.2000000000000002,2.7777777777777777,2.7777777777777777
69,1.3,False,0,0.6069868358407018,True,2.8423535555555386,1.626798955555583,1.626798955555583,-1.8899999999999997,-1.8899999999999997,0.0,0.0,2.7777777777777777,2.7777777777777777,25.62117355555555,34.849815288888884,34.849815288888884,-0.09000000000000008,-0.09000000000000008,-1.3,-1.3,2.7777777777777777,2.7777777777777777
69,1.4000000000000001,False,0,1.0279104930862746,True,2.8423535555555386,4.404576733333383,4.404576733333383,-1.8999999999999986,-1.8999999999999986,0.0,0.0,2.7777777777777777,2.7777777777777777,25.62117355555555,37.627593066666655,37.627593066666655,-0.08000000000000007,-0.08000000000000007,-1.4000000000000001,-1.4000000000000001,2.7777777777777777,2.7777777777777777
69,1.5,False,0,1.0279104930862746,True,2.8423535555555386,4.404576733333383,4.404576733333383,-1.7999999999999998,-1.7999999999999998,0.0,0.0,2.7777777777777777,2.7777777777777777,26.38046755555555,39.91193264444444,39.91193264444444,-0.04999999999999982,-0.04999999999999982,-1.5,-1.5,2.7777777777777777,2.7777777777777777
69,1.6,False,0,1.0279104930862746,True,2.8423535555555386,4.404576733333383,4.404576733333383,-1.879999999999999,-1.879999999999999,0.0,0.0,2.7777777777777777,2.7777777777777777,26.38046755555555,39.91193264444444,39.91193264444444,-0.1599999999999997,-0.1599999999999997,-1.6,-1.6,2.7777777777777777,2.7777777777777777
69,1.7000000000000002,False,0,1.3261098397869817,True,2.8423535555555386,4.491821866667562,4.491821866667562,-1.8300000000000005,-1.8300000000000005,0.0,0.0,2.7777777777777777,2.7777777777777777,26.38046755555555,42.68971042222221,42.68971042222221,-0.09999999999999964,-0.09999999999999964,-1.7000000000000002,-1.7000000000000002,2.7777777777777777,2.7777777777777777
71,0.0,False,0,4.0,False,30.555555555555554,-4.000000000000031,-4.000000000000031,1.6,1.6,0.0,0.0,2.7777777777777777,2.7777777777777777,,,,,,,,,
71,0.1,False,0,4.0,False,30.555555555555554,-4.000000000000031,-4.000000000000031,1.33,1.33,-0.1,-0.1,2.7777777777777777,2.7777777777777777,30.555555555555554,367.62222222222084,367.62222222222084,-0.00999999999999579,-0.00999999999999579,-0.1,-0.1,2.7777777777777777,2.7777777777777777
71,0.2,False,0,4.0,True,30.555555555555554,-4.000000000000031,-4.000000000000031,1.06,1.06,-0.2,-0.2,2.7777777777777777,2.7777777777777777,30.555555555555554,145.39999999999958,145.39999999999958,-0.019999999999997353,-0.019999999999997353,-0.2,-0.2,2.7777777777777777,2.7777777777777777
71,0.30000000000000004,False,0,2.3333333333333335,True,24.10258555555555,-3.602186777777791,-3.602186777777791,0.7600000000000002,0.7600000000000002,-0.30000000000000004,-0.30000000000000004,2.7777777777777777,2.7777777777777777,23.34329155555555,48.472522600000005,48.472522600000005,-0.020000000000001572,-0.020000000000001572,-0.30000000000000004,-0.30000000000000004,2.7777777777777777,2.7777777777777777
71,0.4,False,0,0.29999999999999805,True,14.991057555555543,-3.8250184666666796,-3.8250184666666796,0.27999999999999936,0.27999999999999936,-0.4,-0.4,2.7777777777777777,2.7777777777777777,14.231763555555542,3.242808511111119,3.242808511111119,-6.661338147750939e-16,-6.661338147750939e-16,-0.4,-0.4,2.7777777777777777,2.7777777777777777
71,0.5,True,2,0.0,True,10.435293555555539,-4.0029133777777615,-4.0029133777777615,-0.25,-0.25,-0.5,-0.5,2.7777777777777777,2.7777777777777777,14.231763555555542,0.5851385111111087,0.5851385111111087,0.0,0.0,-0.5,-0.5,2.7777777777777777,2.7777777777777777
71,0.6000000000000001,True,2,0.0,True,5.879529555555538,-4.2251276666666255,-4.2251276666666255,-0.9200000000000017,-0.9200000000000017,-0.6000000000000001,-0.6000000000000001,2.7777777777777777,2.7777777777777777,17.268939555555544,8.40008700000001,8.40008700000001,-0.019999999999999574,-0.019999999999999574,-0.6000000000000001,-0.6000000000000001,2.7777777777777777,2.7777777777777777
71,0.7000000000000001,True,2,0.0,True,5.879529555555538,-4.2251276666666255,-4.2251276666666255,-1.339999999999998,-1.339999999999998,-0.7000000000000001,-0.7000000000000001,2.7777777777777777,2.7777777777777777,20.306115555555547,14.652128111111114,14.652128111111114,-0.009999999999999343,-0.009999999999999343,-0.7000000000000001,-0.7000000000000001,2.7777777777777777,2.7777777777777777
71,0.8,True,2,0.0,True,2.8423535555555386,-1.928756599999974,-1.928756599999974,-1.8799999999999994,-1.8799999999999994,0.0,0.0,2.7777777777777777,2.7777777777777777,21.824703555555548,21.011502844444433,21.011502844444433,-2.220446049250313e-16,-2.220446049250313e-16,-0.8,-0.8,2.7777777777777777,2.7777777777777777
71,0.9,True,2,0.0,True,2.8423535555555386,-1.928756599999974,-1.928756599999974,-1.8900000000000028,-1.8900000000000028,0.0,0.0,2.7777777777777777,2.7777777777777777,23.34329155555555,24.896817399999986,24.896817399999986,-0.02000000000000024,-0.02000000000000024,-0.9,-0.9,2.7777777777777777,2.7777777777777777
71,1.0,False,0,0.4249115812377045,True,2.8423535555555386,0.8490211777778258,0.8490211777778258,-1.7999999999999998,-1.7999999999999998,0.0,0.0,2.7777777777777777,2.7777777777777777,24.10258555555555,29.731146555555544,29.731146555555544,0.0,0.0,-1.0,-1.0,2.7777777777777777,2.7777777777777777
71,1.1,False,0,0.9282641968510806,True,2.8423535555555386,3.626798955555583,3.626798955555583,-1.8799999999999981,-1.8799999999999981,0.0,0.0,2.7777777777777777,2.7777777777777777,24.10258555555555,32.508924333333326,32.508924333333326,-0.0499999999999996,-0.0499999999999996,-1.1,-1.1,2.7777777777777777,2.7777777777777777
71,1.2000000000000002,False,0,0.9282641968510806,True,2.8423535555555386,3.626798955555583,3.626798955555583,-1.7999999999999998,-1.7999999999999998,0.0,0.0,2.7777777777777777,2.7777777777777777,24.86187955555555,34.6414051111111,34.6414051111111,-0.07999999999999963,-0.07999999999999963,-1.2000000000000002,-1.2000000000000002,2.7777777777777777,2.7777777777777777
71,1.3,False,0,0.9282641968510806,True,2.8423535555555386,3.626798955555583,3.626798955555583,-1.8899999999999997,-1.8899999999999997,0.0,0.0,2.7777777777777777,2.7777777777777777,25.62117355555555,36.849815288888884,36.849815288888884,-0.09000000000000008,-0.09000000000000008,-1.3,-1.3,2.7777777777777777,2.7777777777777777
71,1.4000000000000001,False,0,1.2491717716832504,True,2.8423535555555386,4.492710822223143,4.492710822223143,-1.8999999999999986,-1.8999999999999986,0.0,0.0,2.7777777777777777,2.7777777777777777,25.62117355555555,39.627593066666655,39.627593066666655,-0.08000000000000007,-0.08000000000000007,-1.4000000000000001,-1.4000000000000001,2.7777777777777777,2.7777777777777777
71,1.5,False,0,1.2491717716832504,True,2.8423535555555386,4.492710822223143,4.492710822223143,-1.7999999999999998,-1.7999999999999998,0.0,0.0,2.7777777777777777,2.7777777777777777,26.38046755555555,41.91193264444444,41.91193264444444,-0.04999999999999982,-0.04999999999999982,-1.5,-1.5,2.7777777777777777,2.7777777777777777
71,1.6,False,0,1.2491717716832504,True,2.8423535555555386,4.492710822223143,4.492710822223143,-1.879999999999999,-1.879999999999999,0.0,0.0,2.7777777777777777,2.7777777777777777,26.38046755555555,41.91193264444444,41.91193264444444,-0.1599999999999997,-0.1599999999999997,-1.6,-1.6,2.7777777777777777,2.7777777777777777
71,1.7000000000000002,False,0,1.5061835689763607,True,2.8423535555555386,4.490265622223245,4.490265622223245,-1.8300000000000005,-1.8300000000000005,0.0,0.0,2.7777777777777777,2.7777777777777777,26.38046755555555,44.68971042222221,44.68971042222221,-0.09999999999999964,-0.09999999999999964,-1.7000000000000002,-1.7000000000000002,2.7777777777777777,2.7777777777777777
73,0.0,False,0,4.0,False,30.555555555555554,-3.822222222222183,-3.822222222222183,1.6,1.6,0.0,0.0,2.7777777777777777,2.7777777777777777,,,,,,,,,
73,0.1,False,0,4.0,False,30.555555555555554,-3.822222222222183,-3.822222222222183,1.3199999999999998,1.3199999999999998,-0.1,-0.1,2.7777777777777777,2.7777777777777777,30.555555555555554,365.62222222222084,365.62222222222084,-0.00999999999999579,-0.00999999999999579,-0.1,-0.1,2.7777777777777777,2.7777777777777777
73,0.2,False,0,4.0,True,30.555555555555554,-3.822222222222183,-3.822222222222183,1.0399999999999996,1.0399999999999996,-0.2,-0.2,2.7777777777777777,2.7777777777777777,30.555555555555554,143.39999999999958,143.39999999999958,-0.019999999999997353,-0.019999999999997353,-0.2,-0.2,2.7777777777777777,2.7777777777777777
73,0.30000000000000004,False,0,2.233333333333333,True,23.34329155555555,-3.6587381555555565,-3.6587381555555565,0.73,0.73,-0.30000000000000004,-0.30000000000000004,2.7777777777777777,2.7777777777777777,22.58399755555555,44.57428760000009,44.57428760000009,-0.020000000000001572,-0.020000000000001572,-0.30000000000000004,-0.30000000000000004,2.7777777777777777,2.7777777777777777
73,0.4,False,0,0.09999999999999787,True,13.472469555555541,-4.039886222222225,-4.039886222222225,0.1999999999999993,0.1999999999999993,-0.4,-0.4,2.7777777777777777,2.7777777777777777,12.71317555555554,0.40758511111111506,0.40758511111111506,-6.661338147750939e-16,-6.661338147750939e-16,-0.4,-0.4,2.7777777777777777,2.7777777777777777
73,0.5,True,2,0.0,True,7.398117555555538,-4.293374311111125,-4.293374311111125,-0.44999999999999973,-0.44999999999999973,-0.5,-0.5,2.7777777777777777,2.7777777777777777,14.231763555555542,2.5851385111111087,2.5851385111111087,0.0,0.0,-0.5,-0.5,2.7777777777777777,2.7777777777777777
73,0.6000000000000001,True,2,0.0,True,2.8423535555555386,-2.7065343777777455,-2.7065343777777455,-1.1600000000000024,-1.1600000000000024,-0.6000000000000001,-0.6000000000000001,2.7777777777777777,2.7777777777777777,17.268939555555544,10.40008700000001,10.40008700000001,-0.019999999999999574,-0.019999999999999574,-0.6000000000000001,-0.6000000000000001,2.7777777777777777,2.7777777777777777
73,0.7000000000000001,True,2,0.0,True,2.8423535555555386,-2.7065343777777455,-2.7065343777777455,-1.6199999999999979,-1.6199999999999979,-0.7000000000000001,-0.7000000000000001,2.7777777777777777,2.7777777777777777,20.306115555555547,16.652128111111114,16.652128111111114,-0.009999999999999343,-0.009999999999999343,-0.7000000000000001,-0.7000000000000001,2.7777777777777777,2.7777777777777777
73,0.8,False,0,0.09431220791639018,True,2.8423535555555386,0.07124340000002594,0.07124340000002594,-1.8799999999999994,-1.8799999999999994,0.0,0.0,2.7777777777777777,2.7777777777777777,21.824703555555548,23.011502844444433,23.011502844444433,-2.220446049250313e-16,-2.220446049250313e-16,-0.8,-0.8,2.7777777777777777,2.7777777777777777
73,0.9,False,0,0.09431220791639018,True,2.8423535555555386,0.07124340000002594,0.07124340000002594,-1.8900000000000028,-1.8900000000000028,0.0,0.0,2.7777777777777777,2.7777777777777777,23.34329155555555,26.896817399999986,26.896817399999986,-0.02000000000000024,-0.02000000000000024,-0.9,-0.9,2.7777777777777777,2.7777777777777777
73,1.0,False,0,0.8176886681070016,True,2.8423535555555386,2.849021177777826,2.849021177777826,-1.7999999999999998,-1.7999999999999998,0.0,0.0,2.7777777777777777,2.7777777777777777,24.10258555555555,31.731146555555544,31.731146555555544,0.0,0.0,-1.0,-1.0,2.7777777777777777,2.7777777777777777
73,1.1,False,0,1.1677756211562784,True,2.8423535555555386,4.490265266667433,4.490265266667433,-1.8799999999999981,-1.8799999999999981,0.0,0.0,2.7777777777777777,2.7777777777777777,24.10258555555555,34.508924333333326,34.508924333333326,-0.0499999999999996,-0.0499999999999996,-1.1,-1.1,2.7777777777777777,2.7777777777777777
73,1.2000000000000002,False,0,1.1677756211562784,True,2.8423535555555386,4.490265266667433,4.490265266667433,-1.7999999999999998,-1.7999999999999998,0.0,0.0,2.7777777777777777,2.7777777777777777,24.86187955555555,36.6414051111111,36.6414051111111,-0.07999999999999963,-0.07999999999999963,-1.2000000000000002,-1.2000000000000002,2.7777777777777777,2.7777777777777777
73,1.3,False,0,1.1677756211562784,True,2.8423535555555386,4.490265266667433,4.490265266667433,-1.8899999999999997,-1.8899999999999997,0.0,0.0,2.7777777777777777,2.7777777777777777,25.62117355555555,38.849815288888884,38.849815288888884,-0.09000000000000008,-0.09000000000000008,-1.3,-1.3,2.7777777777777777,2.7777777777777777
73,1.4000000000000001,False,0,1.4382790165465198,True,2.8423535555555386,4.492716111112014,4.492716111112014,-1.8999999999999986,-1.8999999999999986,0.0,0.0,2.7777777777777777,2.7777777777777777,25.62117355555555,41.627593066666655,41.627593066666655,-0.08000000000000007,-0.08000000000000007,-1.4000000000000001,-1.4000000000000001,2.7777777777777777,2.7777777777777777
73,1.5,False,0,1.4382790165465198,True,2.8423535555555386,4.492716111112014,4.492716111112014,-1.7999999999999998,-1.7999999999999998,0.0,0.0,2.7777777777777777,2.7777777777777777,26.38046755555555,43.91193264444444,43.91193264444444,-0.04999999999999982,-0.04999999999999982,-1.5,-1.5,2.7777777777777777,2.7777777777777777
73,1.6,False,0,1.4382790165465198,True,2.8423535555555386,4.492716111112014,4.492716111112014,-1.879999999999999,-1.879999999999999,0.0,0.0,2.7777777777777777,2.7777777777777777,26.38046755555555,43.91193264444444,43.91193264444444,-0.1599999999999997,-0.1599999999999997,-1.6,-1.6,2.7777777777777777,2.7777777777777777
73,1.7000000000000002,False,0,1.6664797675204794,True,2.8423535555555386,4.490270911112174,4.490270911112174,-1.8300000000000005,-1.8300000000000005,0.0,0.0,2.7777777777777777,2.7777777777777777,26.38046755555555,46.68971042222221,46.68971042222221,-0.09999999999999964,-0.09999999999999964,-1.7000000000000002,-1.7000000000000002,2.7777777777777777,2.7777777777777777
75,0.0,False,0,4.0,False,30.555555555555554,-3.0444444444444114,-3.0444444444444114,1.6,1.6,0.0,0.0,2.7777777777777777,2.7777777777777777,,,,,,,,,
75,0.1,False,0,4.0,False,30.555555555555554,-3.0444444444444114,-3.0444444444444114,1.31,1.31,-0.1,-0.1,2.7777777777777777,2.7777777777777777,30.555555555555554,363.62222222222084,363.62222222222084,-0.00999999999999579,-0.00999999999999579,-0.1,-0.1,2.7777777777777777,2.7777777777777777
75,0.2,False,0,4.0,True,30.555555555555554,-3.0444444444444114,-3.0444444444444114,1.02,1.02,-0.2,-0.2,2.7777777777777777,2.7777777777777777,30.555555555555554,141.39999999999958,141.39999999999958,-0.019999999999997353,-0.019999999999997353,-0.2,-0.2,2.7777777777777777,2.7777777777777777
75,0.30000000000000004,False,0,2.1333333333333333,True,22.58399755555555,-3.6393601333333434,-3.6393601333333434,0.7000000000000002,0.7000000000000002,-0.30000000000000004,-0.30000000000000004,2.7777777777777777,2.7777777777777777,21.824703555555548,40.75198199999993,40.75198199999993,-0.020000000000001572,-0.020000000000001572,-0.30000000000000004,-0.30000000000000004,2.7777777777777777,2.7777777777777777
75,0.4,True,1,0.0,True,11.95388155555554,-3.951036377777771,-3.951036377777771,0.11999999999999922,0.11999999999999922,-0.4,-0.4,2.7777777777777777,2.7777777777777777,11.19458755555554,-2.12392068888889,-2.12392068888889,-6.661338147750939e-16,-6.661338147750939e-16,-0.4,-0.4,2.7777777777777777,2.7777777777777777
75,0.5,True,2,0.0,True,2.8423535555555386,-3.484312155555531,-3.484312155555531,-0.75,-0.75,-0.5,-0.5,2.7777777777777777,2.7777777777777777,14.231763555555542,4.585138511111109,4.585138511111109,0.0,0.0,-0.5,-0.5,2.7777777777777777,2.7777777777777777
75,0.6000000000000001,True,2,0.0,True,2.8423535555555386,-0.7065343777777455,-0.7065343777777455,-1.1600000000000024,-1.1600000000000024,-0.6000000000000001,-0.6000000000000001,2.7777777777777777,2.7777777777777777,17.268939555555544,12.40008700000001,12.40008700000001,-0.019999999999999574,-0.019999999999999574,-0.6000000000000001,-0.6000000000000001,2.7777777777777777,2.7777777777777777
75,0.7000000000000001,True,2,0.0,True,2.8423535555555386,-0.7065343777777455,-0.7065343777777455,-1.6199999999999979,-1.6199999999999979,-0.7000000000000001,-0.7000000000000001,2.7777777777777777,2.7777777777777777,20.306115555555547,18.652128111111114,18.652128111111114,-0.009999999999999343,-0.009999999999999343,-0.7000000000000001,-0.7000000000000001,2.7777777777777777,2.7777777777777777
75,0.8,False,0,0.6898171878862357,True,2.8423535555555386,2.071243400000026,2.071243400000026,-1.8799999999999994,-1.8799999999999994,0.0,0.0,2.7777777777777777,2.7777777777777777,21.824703555555548,25.011502844444433,25.011502844444433,-2.220446049250313e-16,-2.220446049250313e-16,-0.8,-0.8,2.7777777777777777,2.7777777777777777
75,0.9,False,0,0.6898171878862357,True,2.8423535555555386,2.071243400000026,2.071243400000026,-1.8900000000000028,-1.8900000000000028,0.0,0.0,2.7777777777777777,2.7777777777777777,23.34329155555555,28.896817399999986,28.896817399999986,-0.02000000000000024,-0.02000000000000024,-0.9,-0.9,2.7777777777777777,2.7777777777777777
75,1.0,False,0,1.0807148757655498,True,2.8423535555555386,4.487396822222434,4.487396822222434,-1.7999999999999998,-1.7999999999999998,0.0,0.0,2.7777777777777777,2.7777777777777777,24.10258555555555,33.73114655555555,33.73114655555555,0.0,0.0,-1.0,-1.0,2.7777777777777777,2.7777777777777777
75,1.1,False,0,1.3676673202342389,True,2.8423535555555386,4.487147488889787,4.487147488889787,-1.8799999999999981,-1.8799999999999981,0.0,0.0,2.7777777777777777,2.7777777777777777,24.10258555555555,36.508924333333326,36.508924333333326,-0.0499999999999996,-0.0499999999999996,-1.1,-1.1,2.7777777777777777,2.7777777777777777
75,1.2000000000000002,False,0,1.3676673202342389,True,2.8423535555555386,4.487147488889787,4.487147488889787,-1.7999999999999998,-1.7999999999999998,0.0,0.0,2.7777777777777777,2.7777777777777777,24.86187955555555,38.6414051111111,38.6414051111111,-0.07999999999999963,-0.07999999999999963,-1.2000000000000002,-1.2000000000000002,2.7777777777777777,2.7777777777777777
75,1.3,False,0,1.3676673202342389,True,2.8423535555555386,4.487147488889787,4.487147488889787,-1.8899999999999997,-1.8899999999999997,0.0,0.0,2.7777777777777777,2.7777777777777777,25.62117355555555,40.849815288888884,40.849815288888884,-0.09000000000000008,-0.09000000000000008,-1.3,-1.3,2.7777777777777777,2.7777777777777777
75,1.4000000000000001,False,0,1.60640109247932,True,2.8423535555555386,4.491159866667698,4.491159866667698,-1.8999999999999986,-1.8999999999999986,0.0,0.0,2.7777777777777777,2.7777777777777777,25.62117355555555,43.627593066666655,43.627593066666655,-0.08000000000000007,-0.08000000000000007,-1.4000000000000001,-1.4000000000000001,2.7777777777777777,2.7777777777777777
75,1.5,False,0,1.60640109247932,True,2.8423535555555386,4.491159866667698,4.491159866667698,-1.7999999999999998,-1.7999999999999998,0.0,0.0,2.7777777777777777,2.7777777777777777,26.38046755555555,45.91193264444444,45.91193264444444,-0.04999999999999982,-0.04999999999999982,-1.5,-1.5,2.7777777777777777,2.7777777777777777
75,1.6,False,0,1.60640109247932,True,2.8423535555555386,4.491159866667698,4.491159866667698,-1.879999999999999,-1.879999999999999,0.0,0.0,2.7777777777777777,2.7777777777777777,26.38046755555555,45.91193264444444,45.91193264444444,-0.1599999999999997,-0.1599999999999997,-1.6,-1.6,2.7777777777777777,2.7777777777777777
75,1.7000000000000002,False,0,1.8141385964790704,True,2.8423535555555386,4.490276200001074,4.490276200001074,-1.8300000000000005,-1.8300000000000005,0.0,0.0,2.7777777777777777,2.7777777777777777,26.38046755555555,48.68971042222221,48.68971042222221,-0.09999999999999964,-0.09999999999999964,-1.7000000000000002,-1.7000000000000002,2.7777777777777777,2.7777777777777777
77,0.0,False,0,4.0,False,30.555555555555554,-3.555555555555588,-3.555555555555588,1.6,1.6,0.0,0.0,2.7777777777777777,2.7777777777777777,,,,,,,,,
77,0.1,False,0,4.0,False,30.555555555555554,-3.555555555555588,-3.555555555555588,1.31,1.31,-0.1,-0.1,2.7777777777777777,2.7777777777777777,30.555555555555554,361.62222222222084,361.62222222222084,-0.00999999999999579,-0.00999999999999579,-0.1,-0.1,2.7777777777777777,2.7777777777777777
77,0.2,False,0,4.0,True,30.555555555555554,-3.555555555555588,-3.555555555555588,1.02,1.02,-0.2,-0.2,2.7777777777777777,2.7777777777777777,30.429055555555554,138.7422000000003,138.7422000000003,-0.019999999999997353,-0.019999999999997353,-0.2,-0.2,2.7777777777777777,2.7777777777777777
77,0.30000000000000004,False,0,2.0333333333333328,True,21.824703555555548,-3.5440527111111235,-3.5440527111111235,0.6699999999999999,0.6699999999999999,-0.30000000000000004,-0.30000000000000004,2.7777777777777777,2.7777777777777777,21.065409555555547,37.005605800000026,37.005605800000026,-0.020000000000001572,-0.020000000000001572,-0.30000000000000004,-0.30000000000000004,2.7777777777777777,2.7777777777777777
77,0.4,True,2,0.0,True,9.675999555555538,-4.2482911111111035,-4.2482911111111035,-6.661338147750939e-16,-6.661338147750939e-16,-0.4,-0.4,2.7777777777777777,2.7777777777777777,9.675999555555538,-4.2482911111111035,-4.2482911111111035,-6.661338147750939e-16,-6.661338147750939e-16,-0.4,-0.4,2.7777777777777777,2.7777777777777777
77,0.5,True,2,0.0,True,2.8423535555555386,-1.4843121555555312,-1.4843121555555312,-0.75,-0.75,-0.5,-0.5,2.7777777777777777,2.7777777777777777,14.231763555555542,6.585138511111109,6.585138511111109,0.0,0.0,-0.5,-0.5,2.7777777777777777,2.7777777777777777
77,0.6000000000000001,False,0,0.5348420695755568,True,2.8423535555555386,1.2934656222222545,1.2934656222222545,-1.1600000000000024,-1.1600000000000024,-0.6000000000000001,-0.6000000000000001,2.7777777777777777,2.7777777777777777,17.268939555555544,14.40008700000001,14.40008700000001,-0.019999999999999574,-0.019999999999999574,-0.6000000000000001,-0.6000000000000001,2.7777777777777777,2.7777777777777777
77,0.7000000000000001,False,0,0.5348420695755568,True,2.8423535555555386,1.2934656222222545,1.2934656222222545,-1.6199999999999979,-1.6199999999999979,-0.7000000000000001,-0.7000000000000001,2.7777777777777777,2.7777777777777777,20.306115555555547,20.652128111111114,20.652128111111114,-0.009999999999999343,-0.009999999999999343,-0.7000000000000001,-0.7000000000000001,2.7777777777777777,2.7777777777777777
77,0.8,False,0,0.9863044878987632,True,2.8423535555555386,4.071243400000026,4.071243400000026,-1.8799999999999994,-1.8799999999999994,0.0,0.0,2.7777777777777777,2.7777777777777777,21.824703555555548,27.011502844444433,27.011502844444433,-2.220446049250313e-16,-2.220446049250313e-16,-0.8,-0.8,2.7777777777777777,2.7777777777777777
77,0.9,False,0,0.9863044878987632,True,2.8423535555555386,4.071243400000026,4.071243400000026,-1.8900000000000028,-1.8900000000000028,0.0,0.0,2.7777777777777777,2.7777777777777777,23.34329155555555,30.896817399999986,30.896817399999986,-0.02000000000000024,-0.02000000000000024,-0.9,-0.9,2.7777777777777777,2.7777777777777777
77,1.0,False,0,1.2939052040414902,True,2.8423535555555386,4.488036444445339,4.488036444445339,-1.7999999999999998,-1.7999999999999998,0.0,0.0,2.7777777777777777,2.7777777777777777,24.10258555555555,35.73114655555555,35.73114655555555,0.0,0.0,-1.0,-1.0,2.7777777777777777,2.7777777777777777
77,1.1,False,0,1.5427181349175882,True,2.8423535555555386,4.492048822223222,4.492048822223222,-1.8799999999999981,-1.8799999999999981,0.0,0.0,2.7777777777777777,2.7777777777777777,24.10258555555555,38.508924333333326,38.508924333333326,-0.0499999999999996,-0.0499999999999996,-1.1,-1.1,2.7777777777777777,2.7777777777777777
77,1.2000000000000002,False,0,1.5427181349175882,True,2.8423535555555386,4.492048822223222,4.492048822223222,-1.7999999999999998,-1.7999999999999998,0.0,0.0,2.7777777777777777,2.7777777777777777,24.86187955555555,40.6414051111111,40.6414051111111,-0.07999999999999963,-0.07999999999999963,-1.2000000000000002,-1.2000000000000002,2.7777777777777777,2.7777777777777777
77,1.3,False,0,1.5427181349175882,True,2.8423535555555386,4.492048822223222,4.492048822223222,-1.8899999999999997,-1.8899999999999997,0.0,0.0,2.7777777777777777,2.7777777777777777,25.62117355555555,42.849815288888884,42.849815288888884,-0.09000000000000008,-0.09000000000000008,-1.3,-1.3,2.7777777777777777,2.7777777777777777
77,1.4000000000000001,False,0,1.757809769505341,True,2.8423535555555386,4.491165155556598,4.491165155556598,-1.8999999999999986,-1.8999999999999986,0.0,0.0,2.7777777777777777,2.7777777777777777,25.62117355555555,45.627593066666655,45.627593066666655,-0.08000000000000007,-0.08000000000000007,-1.4000000000000001,-1.4000000000000001,2.7777777777777777,2.7777777777777777
77,1.5,False,0,1.757809769505341,True,2.8423535555555386,4.491165155556598,4.491165155556598,-1.7999999999999998,-1.7999999999999998,0.0,0.0,2.7777777777777777,2.7777777777777777,26.38046755555555,47.91193264444444,47.91193264444444,-0.04999999999999982,-0.04999999999999982,-1.5,-1.5,2.7777777777777777,2.7777777777777777
77,1.6,False,0,1.757809769505341,True,2.8423535555555386,4.491165155556598,4.491165155556598,-1.879999999999999,-1.879999999999999,0.0,0.0,2.7777777777777777,2.7777777777777777,26.38046755555555,47.91193264444444,47.91193264444444,-0.1599999999999997,-0.1599999999999997,-1.6,-1.6,2.7777777777777777,2.7777777777777777
77,1.7000000000000002,False,0,1.9499805448437546,True,2.8423535555555386,4.490281488889974,4.490281488889974,-1.8300000000000005,-1.8300000000000005,0.0,0.0,2.7777777777777777,2.7777777777777777,26.38046755555555,50.68971042222221,50.68971042222221,-0.09999999999999964,-0.09999999999999964,-1.7000000000000002,-1.7000000000000002,2.7777777777777777,2.7777777777777777
79,0.0,False,0,4.0,False,30.555555555555554,-4.266666666666626,-4.266666666666626,1.6,1.6,0.0,0.0,2.7777777777777777,2.7777777777777777,,,,,,,,,
79,0.1,False,0,4.0,False,30.555555555555554,-4.266666666666626,-4.266666666666626,1.2999999999999998,1.2999999999999998,-0.1,-0.1,2.7777777777777777,2.7777777777777777,30.555555555555554,359.62222222222084,359.62222222222084,-0.00999999999999579,-0.00999999999999579,-0.1,-0.1,2.7777777777777777,2.7777777777777777
79,0.2,False,0,4.0,True,30.429055555555554,-4.279316666666634,-4.279316666666634,0.9999999999999996,0.9999999999999996,-0.2,-0.2,2.7777777777777777,2.7777777777777777,30.429055555555554,136.7422000000003,136.7422000000003,-0.019999999999997353,-0.019999999999997353,-0.2,-0.2,2.7777777777777777,2.7777777777777777
79,0.30000000000000004,False,0,1.9333333333333318,True,20.306115555555547,-3.474350333333322,-3.474350333333322,0.6099999999999999,0.6099999999999999,-0.30000000000000004,-0.30000000000000004,2.7777777777777777,2.7777777777777777,20.306115555555547,33.33515899999999,33.33515899999999,-0.020000000000001572,-0.020000000000001572,-0.30000000000000004,-0.30000000000000004,2.7777777777777777,2.7777777777777777
79,0.4,True,2,0.0,True,6.638823555555538,-4.248285822222203,-4.248285822222203,-0.16000000000000014,-0.16000000000000014,-0.4,-0.4,2.7777777777777777,2.7777777777777777,9.675999555555538,-2.2482911111111035,-2.2482911111111035,-6.661338147750939e-16,-6.661338147750939e-16,-0.4,-0.4,2.7777777777777777,2.7777777777777777
79,0.5,False,0,0.32146175032417956,True,2.8423535555555386,0.5156878444444688,0.5156878444444688,-0.75,-0.75,-0.5,-0.5,2.7777777777777777,2.7777777777777777,14.231763555555542,8.585138511111108,8.585138511111108,0.0,0.0,-0.5,-0.5,2.7777777777777777,2.7777777777777777
79,0.6000000000000001,False,0,0.8821175106061215,True,2.8423535555555386,3.2934656222222545,3.2934656222222545,-1.1600000000000024,-1.1600000000000024,-0.6000000000000001,-0.6000000000000001,2.7777777777777777,2.7777777777777777,17.268939555555544,16.40008700000001,16.40008700000001,-0.019999999999999574,-0.019999999999999574,-0.6000000000000001,-0.6000000000000001,2.7777777777777777,2.7777777777777777
79,0.7000000000000001,False,0,0.8821175106061215,True,2.8423535555555386,3.2934656222222545,3.2934656222222545,-1.6199999999999979,-1.6199999999999979,-0.7000000000000001,-0.7000000000000001,2.7777777777777777,2.7777777777777777,20.306115555555547,22.652128111111114,22.652128111111114,-0.009999999999999343,-0.009999999999999343,-0.7000000000000001,-0.7000000000000001,2.7777777777777777,2.7777777777777777
79,0.8,False,0,1.2156216974145668,True,2.8423535555555386,4.48892540000092,4.48892540000092,-1.8799999999999994,-1.8799999999999994,0.0,0.0,2.7777777777777777,2.7777777777777777,21.824703555555548,29.011502844444433,29.011502844444433,-2.220446049250313e-16,-2.220446049250313e-16,-0.8,-0.8,2.7777777777777777,2.7777777777777777
79,0.9,False,0,1.2156216974145668,True,2.8423535555555386,4.48892540000092,4.48892540000092,-1.8900000000000028,-1.8900000000000028,0.0,0.0,2.7777777777777777,2.7777777777777777,23.34329155555555,32.89681739999999,32.89681739999999,-0.02000000000000024,-0.02000000000000024,-0.9,-0.9,2.7777777777777777,2.7777777777777777
79,1.0,False,0,1.4770816179350008,True,2.8423535555555386,4.492937777778775,4.492937777778775,-1.7999999999999998,-1.7999999999999998,0.0,0.0,2.7777777777777777,2.7777777777777777,24.10258555555555,37.73114655555555,37.73114655555555,0.0,0.0,-1.0,-1.0,2.7777777777777777,2.7777777777777777
79,1.1,False,0,1.7007400810139952,True,2.8423535555555386,4.492054111112151,4.492054111112151,-1.8799999999999981,-1.8799999999999981,0.0,0.0,2.7777777777777777,2.7777777777777777,24.10258555555555,40.508924333333326,40.508924333333326,-0.0499999999999996,-0.0499999999999996,-1.1,-1.1,2.7777777777777777,2.7777777777777777
79,1.2000000000000002,False,0,1.7007400810139952,True,2.8423535555555386,4.492054111112151,4.492054111112151,-1.7999999999999998,-1.7999999999999998,0.0,0.0,2.7777777777777777,2.7777777777777777,24.86187955555555,42.6414051111111,42.6414051111111,-0.07999999999999963,-0.07999999999999963,-1.2000000000000002,-1.2000000000000002,2.7777777777777777,2.7777777777777777
79,1.3,False,0,1.7007400810139952,True,2.8423535555555386,4.492054111112151,4.492054111112151,-1.8899999999999997,-1.8899999999999997,0.0,0.0,2.7777777777777777,2.7777777777777777,25.62117355555555,44.849815288888884,44.849815288888884,-0.09000000000000008,-0.09000000000000008,-1.3,-1.3,2.7777777777777777,2.7777777777777777
79,1.4000000000000001,False,0,1.898481193778377,True,2.8423535555555386,4.491170444445527,4.491170444445527,-1.8999999999999986,-1.8999999999999986,0.0,0.0,2.7777777777777777,2.7777777777777777,25.62117355555555,47.627593066666655,47.627593066666655,-0.08000000000000007,-0.08000000000000007,-1.4000000000000001,-1.4000000000000001,2.7777777777777777,2.7777777777777777
79,1.5,False,0,1.898481193778377,True,2.8423535555555386,4.491170444445527,4.491170444445527,-1.7999999999999998,-1.7999999999999998,0.0,0.0,2.7777777777777777,2.7777777777777777,26.38046755555555,49.91193264444444,49.91193264444444,-0.04999999999999982,-0.04999999999999982,-1.5,-1.5,2.7777777777777777,2.7777777777777777
79,1.6,False,0,1.898481193778377,True,2.8423535555555386,4.491170444445527,4.491170444445527,-1.879999999999999,-1.879999999999999,0.0,0.0,2.7777777777777777,2.7777777777777777,26.38046755555555,49.91193264444444,49.91193264444444,-0.1599999999999997,-0.1599999999999997,-1.6,-1.6,2.7777777777777777,2.7777777777777777
79,1.7000000000000002,False,0,2.077680045356808,True,2.8423535555555386,4.490286777778903,4.490286777778903,-1.8300000000000005,-1.8300000000000005,0.0,0.0,2.7777777777777777,2.7777777777777777,26.38046755555555,52.68971042222221,52.68971042222221,-0.09999999999999964,-0.09999999999999964,-1.7000000000000002,-1.7000000000000002,2.7777777777777777,2.7777777777777777
81,0.0,False,0,4.0,False,30.555555555555554,-3.48888888888884,-3.48888888888884,1.6,1.6,0.0,0.0,2.7777777777777777,2.7777777777777777,,,,,,,,,
81,0.1,False,0,4.0,False,30.555555555555554,-3.48888888888884,-3.48888888888884,1.29,1.29,-0.1,-0.1,2.7777777777777777,2.7777777777777777,30.555555555555554,357.62222222222084,357.62222222222084,-0.00999999999999579,-0.00999999999999579,-0.1,-0.1,2.7777777777777777,2.7777777777777777
81,0.2,False,0,4.0,True,30.176055555555553,-3.539488888888843,-3.539488888888843,0.98,0.98,-0.2,-0.2,2.7777777777777777,2.7777777777777777,30.176055555555553,133.45189999999985,133.45189999999985,-0.019999999999997353,-0.019999999999997353,-0.2,-0.2,2.7777777777777777,2.7777777777777777
81,0.30000000000000004,False,0,1.7333333333333316,True,19.546821555555546,-3.797445955555548,-3.797445955555548,0.5799999999999996,0.5799999999999996,-0.30000000000000004,-0.30000000000000004,2.7777777777777777,2.7777777777777777,19.546821555555546,29.7406416000001,29.7406416000001,-0.020000000000001572,-0.020000000000001572,-0.30000000000000004,-0.30000000000000004,2.7777777777777777,2.7777777777777777
81,0.4,True,2,0.0,True,2.8423535555555386,-3.0398677111110883,-3.0398677111110883,-0.35999999999999943,-0.35999999999999943,-0.4,-0.4,2.7777777777777777,2.7777777777777777,9.675999555555538,-0.24829111111110347,-0.24829111111110347,-6.661338147750939e-16,-6.661338147750939e-16,-0.4,-0.4,2.7777777777777777,2.7777777777777777
81,0.5,False,0,0.7645262880687692,True,2.8423535555555386,2.515687844444469,2.515687844444469,-0.75,-0.75,-0.5,-0.5,2.7777777777777777,2.7777777777777777,14.231763555555542,10.585138511111108,10.585138511111108,0.0,0.0,-0.5,-0.5,2.7777777777777777,2.7777777777777777
81,0.6000000000000001,False,0,1.1314493827651473,True,2.8423535555555386,4.49272597777819,4.49272597777819,-1.8599999999999959,-1.8599999999999959,0.0,0.0,2.7777777777777777,2.7777777777777777,17.268939555555544,18.40008700000001,18.40008700000001,-0.019999999999999574,-0.019999999999999574,-0.6000000000000001,-0.6000000000000001,2.7777777777777777,2.7777777777777777
81,0.7000000000000001,False,0,1.1314493827651473,True,2.8423535555555386,4.49272597777819,4.49272597777819,-1.899999999999999,-1.899999999999999,0.0,0.0,2.7777777777777777,2.7777777777777777,20.306115555555547,24.652128111111114,24.652128111111114,-0.009999999999999343,-0.009999999999999343,-0.7000000000000001,-0.7000000000000001,2.7777777777777777,2.7777777777777777
81,0.8,False,0,1.4091770655051568,True,2.8423535555555386,4.487369155556519,4.487369155556519,-1.8799999999999994,-1.8799999999999994,0.0,0.0,2.7777777777777777,2.7777777777777777,21.824703555555548,31.011502844444433,31.011502844444433,-2.220446049250313e-16,-2.220446049250313e-16,-0.8,-0.8,2.7777777777777777,2.7777777777777777
81,0.9,False,0,1.4091770655051568,True,2.8423535555555386,4.487369155556519,4.487369155556519,-1.8900000000000028,-1.8900000000000028,0.0,0.0,2.7777777777777777,2.7777777777777777,23.34329155555555,34.89681739999999,34.89681739999999,-0.02000000000000024,-0.02000000000000024,-0.9,-0.9,2.7777777777777777,2.7777777777777777
81,1.0,False,0,1.640784532400341,True,2.8423535555555386,4.492943066667675,4.492943066667675,-1.7999999999999998,-1.7999999999999998,0.0,0.0,2.7777777777777777,2.7777777777777777,24.10258555555555,39.73114655555555,39.73114655555555,0.0,0.0,-1.0,-1.0,2.7777777777777777,2.7777777777777777
81,1.1,False,0,1.8448086318606365,True,2.8423535555555386,4.492059400001051,4.492059400001051,-1.8799999999999981,-1.8799999999999981,0.0,0.0,2.7777777777777777,2.7777777777777777,24.10258555555555,42.508924333333326,42.508924333333326,-0.0499999999999996,-0.0499999999999996,-1.1,-1.1,2.7777777777777777,2.7777777777777777
81,1.2000000000000002,False,0,1.8448086318606365,True,2.8423535555555386,4.492059400001051,4.492059400001051,-1.7999999999999998,-1.7999999999999998,0.0,0.0,2.7777777777777777,2.7777777777777777,24.86187955555555,44.6414051111111,44.6414051111111,-0.07999999999999963,-0.07999999999999963,-1.2000000000000002,-1.2000000000000002,2.7777777777777777,2.7777777777777777
81,1.3,False,0,1.8448086318606365,True,2.8423535555555386,4.492059400001051,4.492059400001051,-1.8899999999999997,-1.8899999999999997,0.0,0.0,2.7777777777777777,2.7777777777777777,25.62117355555555,46.849815288888884,46.849815288888884,-0.09000000000000008,-0.09000000000000008,-1.3,-1.3,2.7777777777777777,2.7777777777777777
81,1.4000000000000001,False,0,2.029098537927043,True,2.8423535555555386,4.491175733334484,4.491175733334484,-1.8999999999999986,-1.8999999999999986,0.0,0.0,2.7777777777777777,2.7777777777777777,25.62117355555555,49.627593066666655,49.627593066666655,-0.08000000000000007,-0.08000000000000007,-1.4000000000000001,-1.4000000000000001,2.7777777777777777,2.7777777777777777
81,1.5,False,0,2.029098537927043,True,2.8423535555555386,4.491175733334484,4.491175733334484,-1.7999999999999998,-1.7999999999999998,0.0,0.0,2.7777777777777777,2.7777777777777777,26.38046755555555,51.91193264444444,51.91193264444444,-0.04999999999999982,-0.04999999999999982,-1.5,-1.5,2.7777777777777777,2.7777777777777777
81,1.6,False,0,2.029098537927043,True,2.8423535555555386,4.491175733334484,4.491175733334484,-1.879999999999999,-1.879999999999999,0.0,0.0,2.7777777777777777,2.7777777777777777,26.38046755555555,51.91193264444444,51.91193264444444,-0.1599999999999997,-0.1599999999999997,-1.6,-1.6,2.7777777777777777,2.7777777777777777
81,1.7000000000000002,False,0,2.198343156040557,True,2.8423535555555386,4.490292066667831,4.490292066667831,-1.8300000000000005,-1.8300000000000005,0.0,0.0,2.7777777777777777,2.7777777777777777,26.38046755555555,54.68971042222221,54.68971042222221,-0.09999999999999964,-0.09999999999999964,-1.7000000000000002,-1.7000000000000002,2.7777777777777777,2.7777777777777777
83,0.0,False,0,4.0,False,30.555555555555554,-3.1111111111111596,-3.1111111111111596,1.6,1.6,0.0,0.0,2.7777777777777777,2.7777777777777777,,,,,,,,,
83,0.1,False,0,4.0,False,30.555555555555554,-3.1111111111111596,-3.1111111111111596,1.29,1.29,-0.1,-0.1,2.7777777777777777,2.7777777777777777,30.555555555555554,355.62222222222084,355.62222222222084,-0.00999999999999579,-0.00999999999999579,-0.1,-0.1,2.7777777777777777,2.7777777777777777
83,0.2,False,0,4.0,True,30.176055555555553,-3.0605111111111567,-3.0605111111111567,0.98,0.98,-0.2,-0.2,2.7777777777777777,2.7777777777777777,29.796555555555553,129.55439999999993,129.55439999999993,-0.019999999999997353,-0.019999999999997353,-0.2,-0.2,2.7777777777777777,2.7777777777777777
83,0.30000000000000004,False,0,1.6333333333333324,True,18.787527555555545,-4.196470977777767,-4.196470977777767,0.5499999999999998,0.5499999999999998,-0.30000000000000004,-0.30000000000000004,2.7777777777777777,2.7777777777777777,18.787527555555545,26.222053599999963,26.222053599999963,-0.020000000000001572,-0.020000000000001572,-0.30000000000000004,-0.30000000000000004,2.7777777777777777,2.7777777777777777
83,0.4,True,2,0.0,True,2.8423535555555386,-1.0398677111110883,-1.0398677111110883,-0.35999999999999943,-0.35999999999999943,-0.4,-0.4,2.7777777777777777,2.7777777777777777,9.675999555555538,1.7517088888888965,1.7517088888888965,-6.661338147750939e-16,-6.661338147750939e-16,-0.4,-0.4,2.7777777777777777,2.7777777777777777
83,0.5,False,0,1.0411115887560904,True,2.8423535555555386,4.4898575333333755,4.4898575333333755,-0.9499999999999997,-0.9499999999999997,-0.5,-0.5,2.7777777777777777,2.7777777777777777,14.231763555555542,12.585138511111108,12.585138511111108,0.0,0.0,-0.5,-0.5,2.7777777777777777,2.7777777777777777
83,0.6000000000000001,False,0,1.3364992098987962,True,2.8423535555555386,4.4882581111121,4.4882581111121,-1.8599999999999959,-1.8599999999999959,0.0,0.0,2.7777777777777777,2.7777777777777777,17.268939555555544,20.40008700000001,20.40008700000001,-0.019999999999999574,-0.019999999999999574,-0.6000000000000001,-0.6000000000000001,2.7777777777777777,2.7777777777777777
83,0.7000000000000001,False,0,1.3364992098987962,True,2.8423535555555386,4.4882581111121,4.4882581111121,-1.899999999999999,-1.899999999999999,0.0,0.0,2.7777777777777777,2.7777777777777777,20.306115555555547,26.652128111111114,26.652128111111114,-0.009999999999999343,-0.009999999999999343,-0.7000000000000001,-0.7000000000000001,2.7777777777777777,2.7777777777777777
83,0.8,False,0,1.5791083963814347,True,2.8423535555555386,4.487374444445419,4.487374444445419,-1.8799999999999994,-1.8799999999999994,0.0,0.0,2.7777777777777777,2.7777777777777777,21.824703555555548,33.011502844444436,33.011502844444436,-2.220446049250313e-16,-2.220446049250313e-16,-0.8,-0.8,2.7777777777777777,2.7777777777777777
83,0.9,False,0,1.5791083963814347,True,2.8423535555555386,4.487374444445419,4.487374444445419,-1.8900000000000028,-1.8900000000000028,0.0,0.0,2.7777777777777777,2.7777777777777777,23.34329155555555,36.89681739999999,36.89681739999999,-0.02000000000000024,-0.02000000000000024,-0.9,-0.9,2.7777777777777777,2.7777777777777777
83,1.0,False,0,1.790175682987531,True,2.8423535555555386,4.4929483555565755,4.4929483555565755,-1.7999999999999998,-1.7999999999999998,0.0,0.0,2.7777777777777777,2.7777777777777777,24.10258555555555,41.73114655555555,41.73114655555555,0.0,0.0,-1.0,-1.0,2.7777777777777777,2.7777777777777777
83,1.1,False,0,1.9791235718404996,True,2.8423535555555386,4.492064688889951,4.492064688889951,-1.8799999999999981,-1.8799999999999981,0.0,0.0,2.7777777777777777,2.7777777777777777,24.10258555555555,44.508924333333326,44.508924333333326,-0.0499999999999996,-0.0499999999999996,-1.1,-1.1,2.7777777777777777,2.7777777777777777
83,1.2000000000000002,False,0,1.9791235718404996,True,2.8423535555555386,4.492064688889951,4.492064688889951,-1.7999999999999998,-1.7999999999999998,0.0,0.0,2.7777777777777777,2.7777777777777777,24.86187955555555,46.6414051111111,46.6414051111111,-0.07999999999999963,-0.07999999999999963,-1.2000000000000002,-1.2000000000000002,2.7777777777777777,2.7777777777777777
83,1.3,False,0,1.9791235718404996,True,2.8423535555555386,4.492064688889951,4.492064688889951,-1.8899999999999997,-1.8899999999999997,0.0,0.0,2.7777777777777777,2.7777777777777777,25.62117355555555,48.849815288888884,48.849815288888884,-0.09000000000000008,-0.09000000000000008,-1.3,-1.3,2.7777777777777777,2.7777777777777777
83,1.4000000000000001,False,0,2.151961395214785,True,2.8423535555555386,4.491181022223356,4.491181022223356,-1.8999999999999986,-1.8999999999999986,0.0,0.0,2.7777777777777777,2.7777777777777777,25.62117355555555,51.627593066666655,51.627593066666655,-0.08000000000000007,-0.08000000000000007,-1.4000000000000001,-1.4000000000000001,2.7777777777777777,2.7777777777777777
83,1.5,False,0,2.151961395214785,True,2.8423535555555386,4.491181022223356,4.491181022223356,-1.7999999999999998,-1.7999999999999998,0.0,0.0,2.7777777777777777,2.7777777777777777,26.38046755555555,53.91193264444444,53.91193264444444,-0.04999999999999982,-0.04999999999999982,-1.5,-1.5,2.7777777777777777,2.7777777777777777
83,1.6,False,0,2.151961395214785,True,2.8423535555555386,4.491181022223356,4.491181022223356,-1.879999999999999,-1.879999999999999,0.0,0.0,2.7777777777777777,2.7777777777777777,26.38046755555555,53.91193264444444,53.91193264444444,-0.1599999999999997,-0.1599999999999997,-1.6,-1.6,2.7777777777777777,2.7777777777777777
83,1.7000000000000002,False,0,2.3127024478462648,True,2.8423535555555386,4.491858888889948,4.491858888889948,-1.8300000000000005,-1.8300000000000005,0.0,0.0,2.7777777777777777,2.7777777777777777,26.38046755555555,56.68971042222221,56.68971042222221,-0.09999999999999964,-0.09999999999999964,-1.7000000000000002,-1.7000000000000002,2.7777777777777777,2.7777777777777777
85,0.0,False,0,4.0,False,30.555555555555554,-3.888888888888931,-3.888888888888931,1.6,1.6,0.0,0.0,2.7777777777777777,2.7777777777777777,,,,,,,,,
85,0.1,False,0,4.0,False,30.555555555555554,-3.888888888888931,-3.888888888888931,1.2799999999999998,1.2799999999999998,-0.1,-0.1,2.7777777777777777,2.7777777777777777,30.555555555555554,353.62222222222084,353.62222222222084,-0.00999999999999579,-0.00999999999999579,-0.1,-0.1,2.7777777777777777,2.7777777777777777
85,0.2,False,0,4.0,True,29.796555555555553,-3.762388888888924,-3.762388888888924,0.9599999999999995,0.9599999999999995,-0.2,-0.2,2.7777777777777777,2.7777777777777777,29.290555555555553,125.0749999999998,125.0749999999998,-0.019999999999997353,-0.019999999999997353,-0.2,-0.2,2.7777777777777777,2.7777777777777777
85,0.30000000000000004,False,0,1.4333333333333307,True,18.028233555555545,-3.9285746000000215,-3.9285746000000215,0.5199999999999996,0.5199999999999996,-0.30000000000000004,-0.30000000000000004,2.7777777777777777,2.7777777777777777,17.268939555555544,21.412665799999996,21.412665799999996,-0.020000000000001572,-0.020000000000001572,-0.30000000000000004,-0.30000000000000004,2.7777777777777777,2.7777777777777777
85,0.4,False,0,0.45368904659452197,True,2.8423535555555386,0.9601322888889117,0.9601322888889117,-0.35999999999999943,-0.35999999999999943,-0.4,-0.4,2.7777777777777777,2.7777777777777777,9.675999555555538,3.7517088888888965,3.7517088888888965,-6.661338147750939e-16,-6.661338147750939e-16,-0.4,-0.4,2.7777777777777777,2.7777777777777777
85,0.5,False,0,1.2603551297728082,True,2.8423535555555386,4.490708600000869,4.490708600000869,-1.85,-1.85,0.0,0.0,2.7777777777777777,2.7777777777777777,14.231763555555542,14.585138511111108,14.585138511111108,0.0,0.0,-0.5,-0.5,2.7777777777777777,2.7777777777777777
85,0.6000000000000001,False,0,1.5154254388197037,True,2.8423535555555386,4.488263400001,4.488263400001,-1.8599999999999959,-1.8599999999999959,0.0,0.0,2.7777777777777777,2.7777777777777777,17.268939555555544,22.40008700000001,22.40008700000001,-0.019999999999999574,-0.019999999999999574,-0.6000000000000001,-0.6000000000000001,2.7777777777777777,2.7777777777777777
85,0.7000000000000001,False,0,1.5154254388197037,True,2.8423535555555386,4.488263400001,4.488263400001,-1.899999999999999,-1.899999999999999,0.0,0.0,2.7777777777777777,2.7777777777777777,20.306115555555547,28.652128111111114,28.652128111111114,-0.009999999999999343,-0.009999999999999343,-0.7000000000000001,-0.7000000000000001,2.7777777777777777,2.7777777777777777
85,0.8,False,0,1.733535334393696,True,2.8423535555555386,4.487379733334348,4.487379733334348,-1.8799999999999994,-1.8799999999999994,0.0,0.0,2.7777777777777777,2.7777777777777777,21.824703555555548,35.011502844444436,35.011502844444436,-2.220446049250313e-16,-2.220446049250313e-16,-0.8,-0.8,2.7777777777777777,2.7777777777777777
85,0.9,False,0,1.733535334393696,True,2.8423535555555386,4.487379733334348,4.487379733334348,-1.8900000000000028,-1.8900000000000028,0.0,0.0,2.7777777777777777,2.7777777777777777,23.34329155555555,38.89681739999999,38.89681739999999,-0.02000000000000024,-0.02000000000000024,-0.9,-0.9,2.7777777777777777,2.7777777777777777
85,1.0,False,0,1.928123274596196,True,2.8423535555555386,4.492953644445504,4.492953644445504,-1.7999999999999998,-1.7999999999999998,0.0,0.0,2.7777777777777777,2.7777777777777777,24.10258555555555,43.73114655555555,43.73114655555555,0.0,0.0,-1.0,-1.0,2.7777777777777777,2.7777777777777777
85,1.1,False,0,2.1054409067452444,True,2.8423535555555386,4.49206997777888,4.49206997777888,-1.8799999999999981,-1.8799999999999981,0.0,0.0,2.7777777777777777,2.7777777777777777,24.10258555555555,46.508924333333326,46.508924333333326,-0.0499999999999996,-0.0499999999999996,-1.1,-1.1,2.7777777777777777,2.7777777777777777
85,1.2000000000000002,False,0,2.1054409067452444,True,2.8423535555555386,4.49206997777888,4.49206997777888,-1.7999999999999998,-1.7999999999999998,0.0,0.0,2.7777777777777777,2.7777777777777777,24.86187955555555,48.6414051111111,48.6414051111111,-0.07999999999999963,-0.07999999999999963,-1.2000000000000002,-1.2000000000000002,2.7777777777777777,2.7777777777777777
85,1.3,False,0,2.1054409067452444,True,2.8423535555555386,4.49206997777888,4.49206997777888,-1.8899999999999997,-1.8899999999999997,0.0,0.0,2.7777777777777777,2.7777777777777777,25.62117355555555,50.849815288888884,50.849815288888884,-0.09000000000000008,-0.09000000000000008,-1.3,-1.3,2.7777777777777777,2.7777777777777777
85,1.4000000000000001,False,0,2.2685116938260754,True,2.8423535555555386,4.491186311112256,4.491186311112256,-1.8999999999999986,-1.8999999999999986,0.0,0.0,2.7777777777777777,2.7777777777777777,25.62117355555555,53.627593066666655,53.627593066666655,-0.08000000000000007,-0.08000000000000007,-1.4000000000000001,-1.4000000000000001,2.7777777777777777,2.7777777777777777
85,1.5,False,0,2.2685116938260754,True,2.8423535555555386,4.491186311112256,4.491186311112256,-1.7999999999999998,-1.7999999999999998,0.0,0.0,2.7777777777777777,2.7777777777777777,26.38046755555555,55.91193264444444,55.91193264444444,-0.04999999999999982,-0.04999999999999982,-1.5,-1.5,2.7777777777777777,2.7777777777777777
85,1.6,False,0,2.2685116938260754,True,2.8423535555555386,4.491186311112256,4.491186311112256,-1.879999999999999,-1.879999999999999,0.0,0.0,2.7777777777777777,2.7777777777777777,26.38046755555555,55.91193264444444,55.91193264444444,-0.1599999999999997,-0.1599999999999997,-1.6,-1.6,2.7777777777777777,2.7777777777777777
85,1.7000000000000002,False,0,2.4215253681183158,True,2.8423535555555386,4.491864177778877,4.491864177778877,-1.8300000000000005,-1.8300000000000005,0.0,0.0,2.7777777777777777,2.7777777777777777,26.38046755555555,58.68971042222221,58.68971042222221,-0.09999999999999964,-0.09999999999999964,-1.7000000000000002,-1.7000000000000002,2.7777777777777777,2.7777777777777777
87,0.0,False,0,4.0,False,30.555555555555554,-3.933333333333283,-3.933333333333283,1.6,1.6,0.0,0.0,2.7777777777777777,2.7777777777777777,,,,,,,,,
87,0.1,False,0,4.0,False,30.555555555555554,-3.933333333333283,-3.933333333333283,1.27,1.27,-0.1,-0.1,2.7777777777777777,2.7777777777777777,30.555555555555554,351.62222222222084,351.62222222222084,-0.00999999999999579,-0.00999999999999579,-0.1,-0.1,2.7777777777777777,2.7777777777777777
87,0.2,False,0,4.0,True,29.290555555555553,-4.186333333333297,-4.186333333333297,0.94,0.94,-0.2,-0.2,2.7777777777777777,2.7777777777777777,29.290555555555553,123.0749999999998,123.0749999999998,-0.019999999999997353,-0.019999999999997353,-0.2,-0.2,2.7777777777777777,2.7777777777777777
87,0.30000000000000004,False,0,1.3333333333333313,True,16.509645555555544,-3.849122444444421,-3.849122444444421,0.4599999999999995,0.4599999999999995,-0.30000000000000004,-0.30000000000000004,2.7777777777777777,2.7777777777777777,16.509645555555544,18.121866000000107,18.121866000000107,-0.020000000000001572,-0.020000000000001572,-0.30000000000000004,-0.30000000000000004,2.7777777777777777,2.7777777777777777
87,0.4,False,0,0.833795878731778,True,2.8423535555555386,2.9601322888889117,2.9601322888889117,-0.35999999999999943,-0.35999999999999943,-0.4,-0.4,2.7777777777777777,2.7777777777777777,9.675999555555538,5.7517088888888965,5.7517088888888965,-6.661338147750939e-16,-6.661338147750939e-16,-0.4,-0.4,2.7777777777777777,2.7777777777777777
87,0.5,False,0,1.4479796668936378,True,2.8423535555555386,4.489152355556496,4.489152355556496,-1.85,-1.85,0.0,0.0,2.7777777777777777,2.7777777777777777,14.231763555555542,16.585138511111108,16.585138511111108,0.0,0.0,-0.5,-0.5,2.7777777777777777,2.7777777777777777
87,0.6000000000000001,False,0,1.6750448458938578,True,2.8423535555555386,4.4882686888899,4.4882686888899,-1.8599999999999959,-1.8599999999999959,0.0,0.0,2.7777777777777777,2.7777777777777777,17.268939555555544,24.40008700000001,24.40008700000001,-0.019999999999999574,-0.019999999999999574,-0.6000000000000001,-0.6000000000000001,2.7777777777777777,2.7777777777777777
87,0.7000000000000001,False,0,1.6750448458938578,True,2.8423535555555386,4.4882686888899,4.4882686888899,-1.899999999999999,-1.899999999999999,0.0,0.0,2.7777777777777777,2.7777777777777777,20.306115555555547,30.652128111111114,30.652128111111114,-0.009999999999999343,-0.009999999999999343,-0.7000000000000001,-0.7000000000000001,2.7777777777777777,2.7777777777777777
87,0.8,False,0,1.8754786672422012,True,2.8423535555555386,4.487385022223276,4.487385022223276,-1.8799999999999994,-1.8799999999999994,0.0,0.0,2.7777777777777777,2.7777777777777777,21.824703555555548,37.011502844444436,37.011502844444436,-2.220446049250313e-16,-2.220446049250313e-16,-0.8,-0.8,2.7777777777777777,2.7777777777777777
87,0.9,False,0,1.8754786672422012,True,2.8423535555555386,4.487385022223276,4.487385022223276,-1.8900000000000028,-1.8900000000000028,0.0,0.0,2.7777777777777777,2.7777777777777777,23.34329155555555,40.89681739999999,40.89681739999999,-0.02000000000000024,-0.02000000000000024,-0.9,-0.9,2.7777777777777777,2.7777777777777777
87,1.0,False,0,2.0568593993154796,True,2.8423535555555386,4.492958933334433,4.492958933334433,-1.7999999999999998,-1.7999999999999998,0.0,0.0,2.7777777777777777,2.7777777777777777,24.10258555555555,45.73114655555555,45.73114655555555,0.0,0.0,-1.0,-1.0,2.7777777777777777,2.7777777777777777
87,1.1,False,0,2.224139101990023,True,2.8423535555555386,4.4920752666678085,4.4920752666678085,-1.8799999999999981,-1.8799999999999981,0.0,0.0,2.7777777777777777,2.7777777777777777,24.10258555555555,48.508924333333326,48.508924333333326,-0.0499999999999996,-0.0499999999999996,-1.1,-1.1,2.7777777777777777,2.7777777777777777
87,1.2000000000000002,False,0,2.224139101990023,True,2.8423535555555386,4.4920752666678085,4.4920752666678085,-1.7999999999999998,-1.7999999999999998,0.0,0.0,2.7777777777777777,2.7777777777777777,24.86187955555555,50.6414051111111,50.6414051111111,-0.07999999999999963,-0.07999999999999963,-1.2000000000000002,-1.2000000000000002,2.7777777777777777,2.7777777777777777
87,1.3,False,0,2.224139101990023,True,2.8423535555555386,4.4920752666678085,4.4920752666678085,-1.8899999999999997,-1.8899999999999997,0.0,0.0,2.7777777777777777,2.7777777777777777,25.62117355555555,52.849815288888884,52.849815288888884,-0.09000000000000008,-0.09000000000000008,-1.3,-1.3,2.7777777777777777,2.7777777777777777
87,1.4000000000000001,False,0,2.3795357172971183,True,2.8423535555555386,4.492753133334458,4.492753133334458,-1.8999999999999986,-1.8999999999999986,0.0,0.0,2.7777777777777777,2.7777777777777777,25.62117355555555,55.627593066666655,55.627593066666655,-0.08000000000000007,-0.08000000000000007,-1.4000000000000001,-1.4000000000000001,2.7777777777777777,2.7777777777777777
87,1.5,False,0,2.3795357172971183,True,2.8423535555555386,4.492753133334458,4.492753133334458,-1.7999999999999998,-1.7999999999999998,0.0,0.0,2.7777777777777777,2.7777777777777777,26.38046755555555,57.91193264444444,57.91193264444444,-0.04999999999999982,-0.04999999999999982,-1.5,-1.5,2.7777777777777777,2.7777777777777777
87,1.6,False,0,2.3795357172971183,True,2.8423535555555386,4.492753133334458,4.492753133334458,-1.879999999999999,-1.879999999999999,0.0,0.0,2.7777777777777777,2.7777777777777777,26.38046755555555,57.91193264444444,57.91193264444444,-0.1599999999999997,-0.1599999999999997,-1.6,-1.6,2.7777777777777777,2.7777777777777777
87,1.7000000000000002,False,0,2.5258382010616227,True,2.8423535555555386,4.491869466667834,4.491869466667834,-1.8300000000000005,-1.8300000000000005,0.0,0.0,2.7777777777777777,2.7777777777777777,26.38046755555555,60.689710422222205,60.689710422222205,-0.09999999999999964,-0.09999999999999964,-1.7000000000000002,-1.7000000000000002,2.7777777777777777,2.7777777777777777
89,0.0,False,0,4.0,False,30.555555555555554,-3.1555555555555115,-3.1555555555555115,1.6,1.6,0.0,0.0,2.7777777777777777,2.7777777777777777,,,,,,,,,
89,0.1,False,0,4.0,False,30.555555555555554,-3.1555555555555115,-3.1555555555555115,1.2599999999999998,1.2599999999999998,-0.1,-0.1,2.7777777777777777,2.7777777777777777,30.555555555555554,349.62222222222084,349.62222222222084,-0.00999999999999579,-0.00999999999999579,-0.1,-0.1,2.7777777777777777,2.7777777777777777
89,0.2,False,0,4.0,True,28.658055555555553,-3.5983055555555294,-3.5983055555555294,0.9199999999999995,0.9199999999999995,-0.2,-0.2,2.7777777777777777,2.7777777777777777,28.658055555555553,118.03900000000051,118.03900000000051,-0.019999999999997353,-0.019999999999997353,-0.2,-0.2,2.7777777777777777,2.7777777777777777
89,0.30000000000000004,False,0,1.1333333333333313,True,15.750351555555543,-4.048134933333347,-4.048134933333347,0.42999999999999927,0.42999999999999927,-0.30000000000000004,-0.30000000000000004,2.7777777777777777,2.7777777777777777,14.991057555555543,13.768054599999896,13.768054599999896,-0.020000000000001572,-0.020000000000001572,-0.30000000000000004,-0.30000000000000004,2.7777777777777777,2.7777777777777777
89,0.4,False,0,1.0939159714353657,True,2.8423535555555386,4.488729111111351,4.488729111111351,-1.880000000000006,-1.880000000000006,0.0,0.0,2.7777777777777777,2.7777777777777777,9.675999555555538,7.7517088888888965,7.7517088888888965,-6.661338147750939e-16,-6.661338147750939e-16,-0.4,-0.4,2.7777777777777777,2.7777777777777777
89,0.5,False,0,1.6150892972802013,True,2.8423535555555386,4.489157644445425,4.489157644445425,-1.85,-1.85,0.0,0.0,2.7777777777777777,2.7777777777777777,14.231763555555542,18.585138511111108,18.585138511111108,0.0,0.0,-0.5,-0.5,2.7777777777777777,2.7777777777777777
89,0.6000000000000001,False,0,1.8218061053244616,True,2.8423535555555386,4.4882739777788005,4.4882739777788005,-1.8599999999999959,-1.8599999999999959,0.0,0.0,2.7777777777777777,2.7777777777777777,17.268939555555544,26.40008700000001,26.40008700000001,-0.019999999999999574,-0.019999999999999574,-0.6000000000000001,-0.6000000000000001,2.7777777777777777,2.7777777777777777
89,0.7000000000000001,False,0,1.8218061053244616,True,2.8423535555555386,4.4882739777788005,4.4882739777788005,-1.899999999999999,-1.899999999999999,0.0,0.0,2.7777777777777777,2.7777777777777777,20.306115555555547,32.65212811111112,32.65212811111112,-0.009999999999999343,-0.009999999999999343,-0.7000000000000001,-0.7000000000000001,2.7777777777777777,2.7777777777777777
89,0.8,False,0,2.008266598837244,True,2.8423535555555386,4.4873903111121765,4.4873903111121765,-1.8799999999999994,-1.8799999999999994,0.0,0.0,2.7777777777777777,2.7777777777777777,21.824703555555548,39.011502844444436,39.011502844444436,-2.220446049250313e-16,-2.220446049250313e-16,-0.8,-0.8,2.7777777777777777,2.7777777777777777
89,0.9,False,0,2.008266598837244,True,2.8423535555555386,4.4873903111121765,4.4873903111121765,-1.8900000000000028,-1.8900000000000028,0.0,0.0,2.7777777777777777,2.7777777777777777,23.34329155555555,42.89681739999999,42.89681739999999,-0.02000000000000024,-0.02000000000000024,-0.9,-0.9,2.7777777777777777,2.7777777777777777
89,1.0,False,0,2.178465258543797,True,2.8423535555555386,4.492964222223361,4.492964222223361,-1.7999999999999998,-1.7999999999999998,0.0,0.0,2.7777777777777777,2.7777777777777777,24.10258555555555,47.73114655555555,47.73114655555555,0.0,0.0,-1.0,-1.0,2.7777777777777777,2.7777777777777777
89,1.1,False,0,2.3370054549193027,True,2.8423535555555386,4.4920805555567656,4.4920805555567656,-1.8799999999999981,-1.8799999999999981,0.0,0.0,2.7777777777777777,2.7777777777777777,24.10258555555555,50.508924333333326,50.508924333333326,-0.0499999999999996,-0.0499999999999996,-1.1,-1.1,2.7777777777777777,2.7777777777777777
89,1.2000000000000002,False,0,2.3370054549193027,True,2.8423535555555386,4.4920805555567656,4.4920805555567656,-1.7999999999999998,-1.7999999999999998,0.0,0.0,2.7777777777777777,2.7777777777777777,24.86187955555555,52.6414051111111,52.6414051111111,-0.07999999999999963,-0.07999999999999963,-1.2000000000000002,-1.2000000000000002,2.7777777777777777,2.7777777777777777
89,1.3,False,0,2.3370054549193027,True,2.8423535555555386,4.4920805555567656,4.4920805555567656,-1.8899999999999997,-1.8899999999999997,0.0,0.0,2.7777777777777777,2.7777777777777777,25.62117355555555,54.849815288888884,54.849815288888884,-0.09000000000000008,-0.09000000000000008,-1.3,-1.3,2.7777777777777777,2.7777777777777777
89,1.4000000000000001,False,0,2.4856943703227663,True,2.8423535555555386,4.492758422223358,4.492758422223358,-1.8999999999999986,-1.8999999999999986,0.0,0.0,2.7777777777777777,2.7777777777777777,25.62117355555555,57.627593066666655,57.627593066666655,-0.08000000000000007,-0.08000000000000007,-1.4000000000000001,-1.4000000000000001,2.7777777777777777,2.7777777777777777
89,1.5,False,0,2.4856943703227663,True,2.8423535555555386,4.492758422223358,4.492758422223358,-1.7999999999999998,-1.7999999999999998,0.0,0.0,2.7777777777777777,2.7777777777777777,26.38046755555555,59.911932644444434,59.911932644444434,-0.04999999999999982,-0.04999999999999982,-1.5,-1.5,2.7777777777777777,2.7777777777777777
89,1.6,False,0,2.4856943703227663,True,2.8423535555555386,4.492758422223358,4.492758422223358,-1.879999999999999,-1.879999999999999,0.0,0.0,2.7777777777777777,2.7777777777777777,26.38046755555555,59.911932644444434,59.911932644444434,-0.1599999999999997,-0.1599999999999997,-1.6,-1.6,2.7777777777777777,2.7777777777777777
89,1.7000000000000002,False,0,2.62614049396956,True,2.8423535555555386,4.491874755556762,4.491874755556762,-1.8300000000000005,-1.8300000000000005,0.0,0.0,2.7777777777777777,2.7777777777777777,26.38046755555555,62.689710422222205,62.689710422222205,-0.09999999999999964,-0.09999999999999964,-1.7000000000000002,-1.7000000000000002,2.7777777777777777,2.7777777777777777
91,0.0,False,0,4.0,False,30.555555555555554,-3.444444444444488,-3.444444444444488,1.6,1.6,0.0,0.0,2.7777777777777777,2.7777777777777777,,,,,,,,,
91,0.1,False,0,4.0,False,30.555555555555554,-3.444444444444488,-3.444444444444488,1.2599999999999998,1.2599999999999998,-0.1,-0.1,2.7777777777777777,2.7777777777777777,30.555555555555554,347.62222222222084,347.62222222222084,-0.00999999999999579,-0.00999999999999579,-0.1,-0.1,2.7777777777777777,2.7777777777777777
91,0.2,False,0,4.0,True,27.899055555555552,-3.0861777777777517,-3.0861777777777517,0.8999999999999999,0.8999999999999999,-0.2,-0.2,2.7777777777777777,2.7777777777777777,27.899055555555552,112.47169999999979,112.47169999999979,-0.019999999999997353,-0.019999999999997353,-0.2,-0.2,2.7777777777777777,2.7777777777777777
91,0.30000000000000004,False,0,0.9333333333333296,True,14.231763555555542,-4.185138511111094,-4.185138511111094,0.3699999999999992,0.3699999999999992,-0.30000000000000004,-0.30000000000000004,2.7777777777777777,2.7777777777777777,14.231763555555542,10.705043,10.705043,-0.020000000000001572,-0.020000000000001572,-0.30000000000000004,-0.30000000000000004,2.7777777777777777,2.7777777777777777
91,0.4,False,0,1.3050885621310482,True,2.8423535555555386,4.490930266667601,4.490930266667601,-1.880000000000006,-1.880000000000006,0.0,0.0,2.7777777777777777,2.7777777777777777,9.675999555555538,9.751708888888896,9.751708888888896,-6.661338147750939e-16,-6.661338147750939e-16,-0.4,-0.4,2.7777777777777777,2.7777777777777777
91,0.5,False,0,1.7659012478758869,True,2.8423535555555386,4.489162933334353,4.489162933334353,-1.85,-1.85,0.0,0.0,2.7777777777777777,2.7777777777777777,14.231763555555542,20.585138511111108,20.585138511111108,0.0,0.0,-0.5,-0.5,2.7777777777777777,2.7777777777777777
91,0.6000000000000001,False,0,1.9572663015929406,True,2.8423535555555386,4.488279266667729,4.488279266667729,-1.8599999999999959,-1.8599999999999959,0.0,0.0,2.7777777777777777,2.7777777777777777,17.268939555555544,28.40008700000001,28.40008700000001,-0.019999999999999574,-0.019999999999999574,-0.6000000000000001,-0.6000000000000001,2.7777777777777777,2.7777777777777777
91,0.7000000000000001,False,0,1.9572663015929406,True,2.8423535555555386,4.488279266667729,4.488279266667729,-1.899999999999999,-1.899999999999999,0.0,0.0,2.7777777777777777,2.7777777777777777,20.306115555555547,34.65212811111112,34.65212811111112,-0.009999999999999343,-0.009999999999999343,-0.7000000000000001,-0.7000000000000001,2.7777777777777777,2.7777777777777777
91,0.8,False,0,2.132083497718025,True,2.8423535555555386,4.487395600001077,4.487395600001077,-1.8799999999999994,-1.8799999999999994,0.0,0.0,2.7777777777777777,2.7777777777777777,21.824703555555548,41.011502844444436,41.011502844444436,-2.220446049250313e-16,-2.220446049250313e-16,-0.8,-0.8,2.7777777777777777,2.7777777777777777
91,0.9,False,0,2.132083497718025,True,2.8423535555555386,4.487395600001077,4.487395600001077,-1.8900000000000028,-1.8900000000000028,0.0,0.0,2.7777777777777777,2.7777777777777777,23.34329155555555,44.89681739999999,44.89681739999999,-0.02000000000000024,-0.02000000000000024,-0.9,-0.9,2.7777777777777777,2.7777777777777777
91,1.0,False,0,2.293867460589533,True,2.8423535555555386,4.492969511112261,4.492969511112261,-1.7999999999999998,-1.7999999999999998,0.0,0.0,2.7777777777777777,2.7777777777777777,24.10258555555555,49.73114655555555,49.73114655555555,0.0,0.0,-1.0,-1.0,2.7777777777777777,2.7777777777777777
91,1.1,False,0,2.4448595507381157,True,2.8423535555555386,4.487189800001073,4.487189800001073,-1.8799999999999981,-1.8799999999999981,0.0,0.0,2.7777777777777777,2.7777777777777777,24.10258555555555,52.508924333333326,52.508924333333326,-0.0499999999999996,-0.0499999999999996,-1.1,-1.1,2.7777777777777777,2.7777777777777777
91,1.2000000000000002,False,0,2.4448595507381157,True,2.8423535555555386,4.487189800001073,4.487189800001073,-1.7999999999999998,-1.7999999999999998,0.0,0.0,2.7777777777777777,2.7777777777777777,24.86187955555555,54.6414051111111,54.6414051111111,-0.07999999999999963,-0.07999999999999963,-1.2000000000000002,-1.2000000000000002,2.7777777777777777,2.7777777777777777
91,1.3,False,0,2.4448595507381157,True,2.8423535555555386,4.487189800001073,4.487189800001073,-1.8899999999999997,-1.8899999999999997,0.0,0.0,2.7777777777777777,2.7777777777777777,25.62117355555555,56.849815288888884,56.849815288888884,-0.09000000000000008,-0.09000000000000008,-1.3,-1.3,2.7777777777777777,2.7777777777777777
91,1.4000000000000001,False,0,2.5875472114601403,True,2.8423535555555386,4.4927637111122865,4.4927637111122865,-1.8999999999999986,-1.8999999999999986,0.0,0.0,2.7777777777777777,2.7777777777777777,25.62117355555555,59.627593066666655,59.627593066666655,-0.08000000000000007,-0.08000000000000007,-1.4000000000000001,-1.4000000000000001,2.7777777777777777,2.7777777777777777
91,1.5,False,0,2.5875472114601403,True,2.8423535555555386,4.4927637111122865,4.4927637111122865,-1.7999999999999998,-1.7999999999999998,0.0,0.0,2.7777777777777777,2.7777777777777777,26.38046755555555,61.911932644444434,61.911932644444434,-0.04999999999999982,-0.04999999999999982,-1.5,-1.5,2.7777777777777777,2.7777777777777777
91,1.6,False,0,2.5875472114601403,True,2.8423535555555386,4.4927637111122865,4.4927637111122865,-1.879999999999999,-1.879999999999999,0.0,0.0,2.7777777777777777,2.7777777777777777,26.38046755555555,61.911932644444434,61.911932644444434,-0.1599999999999997,-0.1599999999999997,-1.6,-1.6,2.7777777777777777,2.7777777777777777
91,1.7000000000000002,False,0,2.706756903985384,True,2.8423535555555386,4.491880044445662,4.491880044445662,-1.8300000000000005,-1.8300000000000005,0.0,0.0,2.7777777777777777,2.7777777777777777,26.38046755555555,64.6897104222222,64.6897104222222,-0.09999999999999964,-0.09999999999999964,-1.7000000000000002,-1.7000000000000002,2.7777777777777777,2.7777777777777777
93,0.0,False,0,4.0,False,30.555555555555554,-4.222222222222274,-4.222222222222274,1.6,1.6,0.0,0.0,2.7777777777777777,2.7777777777777777,,,,,,,,,
93,0.1,False,0,4.0,False,30.555555555555554,-4.222222222222274,-4.222222222222274,1.25,1.25,-0.1,-0.1,2.7777777777777777,2.7777777777777777,30.555555555555554,345.62222222222084,345.62222222222084,-0.00999999999999579,-0.00999999999999579,-0.1,-0.1,2.7777777777777777,2.7777777777777777
93,0.2,False,0,4.0,True,27.899055555555552,-3.513822222222248,-3.513822222222248,0.8999999999999999,0.8999999999999999,-0.2,-0.2,2.7777777777777777,2.7777777777777777,27.139761555555552,106.97894759999959,106.97894759999959,-0.019999999999997353,-0.019999999999997353,-0.2,-0.2,2.7777777777777777,2.7777777777777777
93,0.30000000000000004,False,0,0.6333333333333301,True,12.71317555555554,-4.122129555555548,-4.122129555555548,0.30999999999999917,0.30999999999999917,-0.30000000000000004,-0.30000000000000004,2.7777777777777777,2.7777777777777777,12.71317555555554,6.806808000000001,6.806808000000001,-0.020000000000001572,-0.020000000000001572,-0.30000000000000004,-0.30000000000000004,2.7777777777777777,2.7777777777777777
93,0.4,False,0,1.486782268282119,True,2.8423535555555386,4.490935555556473,4.490935555556473,-1.880000000000006,-1.880000000000006,0.0,0.0,2.7777777777777777,2.7777777777777777,9.675999555555538,11.751708888888896,11.751708888888896,-6.661338147750939e-16,-6.661338147750939e-16,-0.4,-0.4,2.7777777777777777,2.7777777777777777
93,0.5,False,0,1.9061487026237673,True,2.8423535555555386,4.489168222223282,4.489168222223282,-1.85,-1.85,0.0,0.0,2.7777777777777777,2.7777777777777777,14.231763555555542,22.585138511111108,22.585138511111108,0.0,0.0,-0.5,-0.5,2.7777777777777777,2.7777777777777777
93,0.6000000000000001,False,0,2.0846202607039173,True,2.8423535555555386,4.488284555556658,4.488284555556658,-1.8599999999999959,-1.8599999999999959,0.0,0.0,2.7777777777777777,2.7777777777777777,17.268939555555544,30.40008700000001,30.40008700000001,-0.019999999999999574,-0.019999999999999574,-0.6000000000000001,-0.6000000000000001,2.7777777777777777,2.7777777777777777
93,0.7000000000000001,False,0,2.0846202607039173,True,2.8423535555555386,4.488284555556658,4.488284555556658,-1.899999999999999,-1.899999999999999,0.0,0.0,2.7777777777777777,2.7777777777777777,20.306115555555547,36.65212811111112,36.65212811111112,-0.009999999999999343,-0.009999999999999343,-0.7000000000000001,-0.7000000000000001,2.7777777777777777,2.7777777777777777
93,0.8,False,0,2.2494948687534815,True,2.8423535555555386,4.487400888890034,4.487400888890034,-1.8799999999999994,-1.8799999999999994,0.0,0.0,2.7777777777777777,2.7777777777777777,21.824703555555548,43.011502844444436,43.011502844444436,-2.220446049250313e-16,-2.220446049250313e-16,-0.8,-0.8,2.7777777777777777,2.7777777777777777
93,0.9,False,0,2.2494948687534815,True,2.8423535555555386,4.487400888890034,4.487400888890034,-1.8900000000000028,-1.8900000000000028,0.0,0.0,2.7777777777777777,2.7777777777777777,23.34329155555555,46.89681739999999,46.89681739999999,-0.02000000000000024,-0.02000000000000024,-0.9,-0.9,2.7777777777777777,2.7777777777777777
93,1.0,False,0,2.403838724370156,True,2.8423535555555386,4.492974800001218,4.492974800001218,-1.7999999999999998,-1.7999999999999998,0.0,0.0,2.7777777777777777,2.7777777777777777,24.10258555555555,51.73114655555555,51.73114655555555,0.0,0.0,-1.0,-1.0,2.7777777777777777,2.7777777777777777
93,1.1,False,0,2.548277841206538,True,2.8423535555555386,4.48719508889003,4.48719508889003,-1.8799999999999981,-1.8799999999999981,0.0,0.0,2.7777777777777777,2.7777777777777777,24.10258555555555,54.508924333333326,54.508924333333326,-0.0499999999999996,-0.0499999999999996,-1.1,-1.1,2.7777777777777777,2.7777777777777777
93,1.2000000000000002,False,0,2.548277841206538,True,2.8423535555555386,4.48719508889003,4.48719508889003,-1.7999999999999998,-1.7999999999999998,0.0,0.0,2.7777777777777777,2.7777777777777777,24.86187955555555,56.6414051111111,56.6414051111111,-0.07999999999999963,-0.07999999999999963,-1.2000000000000002,-1.2000000000000002,2.7777777777777777,2.7777777777777777
93,1.3,False,0,2.548277841206538,True,2.8423535555555386,4.48719508889003,4.48719508889003,-1.8899999999999997,-1.8899999999999997,0.0,0.0,2.7777777777777777,2.7777777777777777,25.62117355555555,58.849815288888884,58.849815288888884,-0.09000000000000008,-0.09000000000000008,-1.3,-1.3,2.7777777777777777,2.7777777777777777
93,1.4000000000000001,False,0,2.6855711620009566,True,2.8423535555555386,4.492769000001187,4.492769000001187,-1.8999999999999986,-1.8999999999999986,0.0,0.0,2.7777777777777777,2.7777777777777777,25.62117355555555,61.62759306666665,61.62759306666665,-0.08000000000000007,-0.08000000000000007,-1.4000000000000001,-1.4000000000000001,2.7777777777777777,2.7777777777777777
93,1.5,False,0,2.6855711620009566,True,2.8423535555555386,4.492769000001187,4.492769000001187,-1.7999999999999998,-1.7999999999999998,0.0,0.0,2.7777777777777777,2.7777777777777777,26.38046755555555,63.911932644444434,63.911932644444434,-0.04999999999999982,-0.04999999999999982,-1.5,-1.5,2.7777777777777777,2.7777777777777777
93,1.6,False,0,2.6855711620009566,True,2.8423535555555386,4.492769000001187,4.492769000001187,-1.879999999999999,-1.879999999999999,0.0,0.0,2.7777777777777777,2.7777777777777777,26.38046755555555,63.911932644444434,63.911932644444434,-0.1599999999999997,-0.1599999999999997,-1.6,-1.6,2.7777777777777777,2.7777777777777777
93,1.7000000000000002,False,0,2.737645331290099,True,2.8423535555555386,4.493446866667836,4.493446866667836,-1.8300000000000005,-1.8300000000000005,0.0,0.0,2.7777777777777777,2.7777777777777777,26.38046755555555,66.6897104222222,66.6897104222222,-0.09999999999999964,-0.09999999999999964,-1.7000000000000002,-1.7000000000000002,2.7777777777777777,2.7777777777777777
95,0.0,False,0,4.0,False,30.555555555555554,-3.59999999999994,-3.59999999999994,1.6,1.6,0.0,0.0,2.7777777777777777,2.7777777777777777,,,,,,,,,
95,0.1,False,0,4.0,False,30.555555555555554,-3.59999999999994,-3.59999999999994,1.2399999999999998,1.2399999999999998,-0.1,-0.1,2.7777777777777777,2.7777777777777777,30.555555555555554,343.62222222222084,343.62222222222084,-0.00999999999999579,-0.00999999999999579,-0.1,-0.1,2.7777777777777777,2.7777777777777777
95,0.2,False,0,4.0,True,27.139761555555552,-3.950020600000033,-3.950020600000033,0.8799999999999994,0.8799999999999994,-0.2,-0.2,2.7777777777777777,2.7777777777777777,26.38046755555555,101.56212460000033,101.56212460000033,-0.019999999999997353,-0.019999999999997353,-0.2,-0.2,2.7777777777777777,2.7777777777777777
95,0.30000000000000004,False,0,0.33333333333332915,True,11.19458755555554,-4.237161799999998,-4.237161799999998,0.2499999999999991,0.2499999999999991,-0.30000000000000004,-0.30000000000000004,2.7777777777777777,2.7777777777777777,10.435293555555539,2.528925999999939,2.528925999999939,-0.020000000000001572,-0.020000000000001572,-0.30000000000000004,-0.30000000000000004,2.7777777777777777,2.7777777777777777
95,0.4,False,0,1.6493496107737182,True,2.8423535555555386,4.489379311112185,4.489379311112185,-1.880000000000006,-1.880000000000006,0.0,0.0,2.7777777777777777,2.7777777777777777,9.675999555555538,13.751708888888896,13.751708888888896,-6.661338147750939e-16,-6.661338147750939e-16,-0.4,-0.4,2.7777777777777777,2.7777777777777777
95,0.5,False,0,2.0360387532741515,True,2.8423535555555386,4.489173511112182,4.489173511112182,-1.85,-1.85,0.0,0.0,2.7777777777777777,2.7777777777777777,14.231763555555542,24.585138511111108,24.585138511111108,0.0,0.0,-0.5,-0.5,2.7777777777777777,2.7777777777777777
95,0.6000000000000001,False,0,2.20496912187281,True,2.8423535555555386,4.488289844445615,4.488289844445615,-1.8599999999999959,-1.8599999999999959,0.0,0.0,2.7777777777777777,2.7777777777777777,17.268939555555544,32.40008700000001,32.40008700000001,-0.019999999999999574,-0.019999999999999574,-0.6000000000000001,-0.6000000000000001,2.7777777777777777,2.7777777777777777
95,0.7000000000000001,False,0,2.20496912187281,True,2.8423535555555386,4.488289844445615,4.488289844445615,-1.899999999999999,-1.899999999999999,0.0,0.0,2.7777777777777777,2.7777777777777777,20.306115555555547,38.65212811111112,38.65212811111112,-0.009999999999999343,-0.009999999999999343,-0.7000000000000001,-0.7000000000000001,2.7777777777777777,2.7777777777777777
95,0.8,False,0,2.3613084619923397,True,2.8423535555555386,4.487406177778962,4.487406177778962,-1.8799999999999994,-1.8799999999999994,0.0,0.0,2.7777777777777777,2.7777777777777777,21.824703555555548,45.011502844444436,45.011502844444436,-2.220446049250313e-16,-2.220446049250313e-16,-0.8,-0.8,2.7777777777777777,2.7777777777777777
95,0.9,False,0,2.3613084619923397,True,2.8423535555555386,4.487406177778962,4.487406177778962,-1.8900000000000028,-1.8900000000000028,0.0,0.0,2.7777777777777777,2.7777777777777777,23.34329155555555,48.89681739999999,48.89681739999999,-0.02000000000000024,-0.02000000000000024,-0.9,-0.9,2.7777777777777777,2.7777777777777777
95,1.0,False,0,2.5090084709529354,True,2.8423535555555386,4.488084044445611,4.488084044445611,-1.7999999999999998,-1.7999999999999998,0.0,0.0,2.7777777777777777,2.7777777777777777,24.10258555555555,53.73114655555555,53.73114655555555,0.0,0.0,-1.0,-1.0,2.7777777777777777,2.7777777777777777
95,1.1,False,0,2.6477516459809762,True,2.8423535555555386,4.487200377778987,4.487200377778987,-1.8799999999999981,-1.8799999999999981,0.0,0.0,2.7777777777777777,2.7777777777777777,24.10258555555555,56.508924333333326,56.508924333333326,-0.0499999999999996,-0.0499999999999996,-1.1,-1.1,2.7777777777777777,2.7777777777777777
95,1.2000000000000002,False,0,2.6477516459809762,True,2.8423535555555386,4.487200377778987,4.487200377778987,-1.7999999999999998,-1.7999999999999998,0.0,0.0,2.7777777777777777,2.7777777777777777,24.86187955555555,58.6414051111111,58.6414051111111,-0.07999999999999963,-0.07999999999999963,-1.2000000000000002,-1.2000000000000002,2.7777777777777777,2.7777777777777777
95,1.3,False,0,2.6477516459809762,True,2.8423535555555386,4.487200377778987,4.487200377778987,-1.8899999999999997,-1.8899999999999997,0.0,0.0,2.7777777777777777,2.7777777777777777,25.62117355555555,60.84981528888888,60.84981528888888,-0.09000000000000008,-0.09000000000000008,-1.3,-1.3,2.7777777777777777,2.7777777777777777
95,1.4000000000000001,False,0,2.7068865380379354,True,2.8423535555555386,4.492774288890144,4.492774288890144,-1.8999999999999986,-1.8999999999999986,0.0,0.0,2.7777777777777777,2.7777777777777777,25.62117355555555,63.62759306666665,63.62759306666665,-0.08000000000000007,-0.08000000000000007,-1.4000000000000001,-1.4000000000000001,2.7777777777777777,2.7777777777777777
95,1.5,False,0,2.7068865380379354,True,2.8423535555555386,4.492774288890144,4.492774288890144,-1.7999999999999998,-1.7999999999999998,0.0,0.0,2.7777777777777777,2.7777777777777777,26.38046755555555,65.91193264444443,65.91193264444443,-0.04999999999999982,-0.04999999999999982,-1.5,-1.5,2.7777777777777777,2.7777777777777777
95,1.6,False,0,2.7068865380379354,True,2.8423535555555386,4.492774288890144,4.492774288890144,-1.879999999999999,-1.879999999999999,0.0,0.0,2.7777777777777777,2.7777777777777777,26.38046755555555,65.91193264444443,65.91193264444443,-0.1599999999999997,-0.1599999999999997,-1.6,-1.6,2.7777777777777777,2.7777777777777777
95,1.7000000000000002,False,0,2.700431950288784,True,2.8423535555555386,4.493452155556764,4.493452155556764,-1.8300000000000005,-1.8300000000000005,0.0,0.0,2.7777777777777777,2.7777777777777777,26.38046755555555,68.6897104222222,68.6897104222222,-0.09999999999999964,-0.09999999999999964,-1.7000000000000002,-1.7000000000000002,2.7777777777777777,2.7777777777777777
97,0.0,False,0,4.0,False,30.555555555555554,-3.0000000000000595,-3.0000000000000595,1.6,1.6,0.0,0.0,2.7777777777777777,2.7777777777777777,,,,,,,,,
97,0.1,False,0,4.0,False,30.555555555555554,-3.0000000000000595,-3.0000000000000595,1.2399999999999998,1.2399999999999998,-0.1,-0.1,2.7777777777777777,2.7777777777777777,30.555555555555554,341.62222222222084,341.62222222222084,-0.00999999999999579,-0.00999999999999579,-0.1,-0.1,2.7777777777777777,2.7777777777777777
97,0.2,False,0,4.0,True,26.38046755555555,-4.2897104222222024,-4.2897104222222024,0.8599999999999999,0.8599999999999999,-0.2,-0.2,2.7777777777777777,2.7777777777777777,26.38046755555555,99.56212460000033,99.56212460000033,-0.019999999999997353,-0.019999999999997353,-0.2,-0.2,2.7777777777777777,2.7777777777777777
97,0.30000000000000004,True,1,0.0,True,8.916705555555538,-4.293371666666675,-4.293371666666675,0.1599999999999988,0.1599999999999988,-0.30000000000000004,-0.30000000000000004,2.7777777777777777,2.7777777777777777,8.916705555555538,-0.6100150000000495,-0.6100150000000495,-0.020000000000001572,-0.020000000000001572,-0.30000000000000004,-0.30000000000000004,2.7777777777777777,2.7777777777777777
97,0.4,False,0,1.798267161358077,True,2.8423535555555386,4.4893846000010855,4.4893846000010855,-1.880000000000006,-1.880000000000006,0.0,0.0,2.7777777777777777,2.7777777777777777,9.675999555555538,15.751708888888896,15.751708888888896,-6.661338147750939e-16,-6.661338147750939e-16,-0.4,-0.4,2.7777777777777777,2.7777777777777777
97,0.5,False,0,2.1585873610470374,True,2.8423535555555386,4.489178800001082,4.489178800001082,-1.85,-1.85,0.0,0.0,2.7777777777777777,2.7777777777777777,14.231763555555542,26.585138511111108,26.585138511111108,0.0,0.0,-0.5,-0.5,2.7777777777777777,2.7777777777777777
97,0.6000000000000001,False,0,2.3187781996145245,True,2.8423535555555386,4.4882951333344865,4.4882951333344865,-1.8599999999999959,-1.8599999999999959,0.0,0.0,2.7777777777777777,2.7777777777777777,17.268939555555544,34.40008700000001,34.40008700000001,-0.019999999999999574,-0.019999999999999574,-0.6000000000000001,-0.6000000000000001,2.7777777777777777,2.7777777777777777
97,0.7000000000000001,False,0,2.3187781996145245,True,2.8423535555555386,4.4882951333344865,4.4882951333344865,-1.899999999999999,-1.899999999999999,0.0,0.0,2.7777777777777777,2.7777777777777777,20.306115555555547,40.65212811111112,40.65212811111112,-0.009999999999999343,-0.009999999999999343,-0.7000000000000001,-0.7000000000000001,2.7777777777777777,2.7777777777777777
97,0.8,False,0,2.4681937333579156,True,2.8423535555555386,4.487411466667919,4.487411466667919,-1.8799999999999994,-1.8799999999999994,0.0,0.0,2.7777777777777777,2.7777777777777777,21.824703555555548,47.011502844444436,47.011502844444436,-2.220446049250313e-16,-2.220446049250313e-16,-0.8,-0.8,2.7777777777777777,2.7777777777777777
97,0.9,False,0,2.4681937333579156,True,2.8423535555555386,4.487411466667919,4.487411466667919,-1.8900000000000028,-1.8900000000000028,0.0,0.0,2.7777777777777777,2.7777777777777777,23.34329155555555,50.89681739999999,50.89681739999999,-0.02000000000000024,-0.02000000000000024,-0.9,-0.9,2.7777777777777777,2.7777777777777777
97,1.0,False,0,2.609932129960997,True,2.8423535555555386,4.488089333334483,4.488089333334483,-1.7999999999999998,-1.7999999999999998,0.0,0.0,2.7777777777777777,2.7777777777777777,24.10258555555555,55.73114655555555,55.73114655555555,0.0,0.0,-1.0,-1.0,2.7777777777777777,2.7777777777777777
97,1.1,False,0,2.7437023087403634,True,2.8423535555555386,4.487205666667916,4.487205666667916,-1.8799999999999981,-1.8799999999999981,0.0,0.0,2.7777777777777777,2.7777777777777777,24.10258555555555,58.508924333333326,58.508924333333326,-0.0499999999999996,-0.0499999999999996,-1.1,-1.1,2.7777777777777777,2.7777777777777777
97,1.2000000000000002,False,0,2.7437023087403634,True,2.8423535555555386,4.487205666667916,4.487205666667916,-1.7999999999999998,-1.7999999999999998,0.0,0.0,2.7777777777777777,2.7777777777777777,24.86187955555555,60.6414051111111,60.6414051111111,-0.07999999999999963,-0.07999999999999963,-1.2000000000000002,-1.2000000000000002,2.7777777777777777,2.7777777777777777
97,1.3,False,0,2.7437023087403634,True,2.8423535555555386,4.487205666667916,4.487205666667916,-1.8899999999999997,-1.8899999999999997,0.0,0.0,2.7777777777777777,2.7777777777777777,25.62117355555555,62.84981528888888,62.84981528888888,-0.09000000000000008,-0.09000000000000008,-1.3,-1.3,2.7777777777777777,2.7777777777777777
97,1.4000000000000001,False,0,2.7410111883978985,True,2.8423535555555386,4.48788353333448,4.48788353333448,-1.8999999999999986,-1.8999999999999986,0.0,0.0,2.7777777777777777,2.7777777777777777,25.62117355555555,65.62759306666665,65.62759306666665,-0.08000000000000007,-0.08000000000000007,-1.4000000000000001,-1.4000000000000001,2.7777777777777777,2.7777777777777777
97,1.5,False,0,2.7410111883978985,True,2.8423535555555386,4.48788353333448,4.48788353333448,-1.7999999999999998,-1.7999999999999998,0.0,0.0,2.7777777777777777,2.7777777777777777,26.38046755555555,67.91193264444443,67.91193264444443,-0.04999999999999982,-0.04999999999999982,-1.5,-1.5,2.7777777777777777,2.7777777777777777
97,1.6,False,0,2.7410111883978985,True,2.8423535555555386,4.48788353333448,4.48788353333448,-1.879999999999999,-1.879999999999999,0.0,0.0,2.7777777777777777,2.7777777777777777,26.38046755555555,67.91193264444443,67.91193264444443,-0.1599999999999997,-0.1599999999999997,-1.6,-1.6,2.7777777777777777,2.7777777777777777
97,1.7000000000000002,False,0,2.7410111883978985,True,2.8423535555555386,4.48788353333448,4.48788353333448,-1.8300000000000005,-1.8300000000000005,0.0,0.0,2.7777777777777777,2.7777777777777777,27.139761555555552,70.27220162222221,70.27220162222221,-0.09999999999999964,-0.09999999999999964,-1.7000000000000002,-1.7000000000000002,2.7777777777777777,2.7777777777777777
99,0.0,False,0,4.0,False,30.555555555555554,-3.777777777777831,-3.777777777777831,1.6,1.6,0.0,0.0,2.7777777777777777,2.7777777777777777,,,,,,,,,
99,0.1,False,0,4.0,False,30.555555555555554,-3.777777777777831,-3.777777777777831,1.23,1.23,-0.1,-0.1,2.7777777777777777,2.7777777777777777,30.555555555555554,339.62222222222084,339.62222222222084,-0.00999999999999579,-0.00999999999999579,-0.1,-0.1,2.7777777777777777,2.7777777777777777
99,0.2,False,0,4.0,True,25.62117355555555,-4.005370844444417,-4.005370844444417,0.8399999999999994,0.8399999999999994,-0.2,-0.2,2.7777777777777777,2.7777777777777777,25.62117355555555,94.22123100000012,94.22123100000012,-0.019999999999997353,-0.019999999999997353,-0.2,-0.2,2.7777777777777777,2.7777777777777777
99,0.30000000000000004,True,1,0.0,True,5.1202355555555386,-4.237151222222212,-4.237151222222212,0.009999999999998455,0.009999999999998455,-0.30000000000000004,-0.30000000000000004,2.7777777777777777,2.7777777777777777,4.360941555555539,-4.204532400000022,-4.204532400000022,-0.020000000000001572,-0.020000000000001572,-0.30000000000000004,-0.30000000000000004,2.7777777777777777,2.7777777777777777
99,0.4,False,0,1.9354090313453811,True,2.8423535555555386,4.489389888890014,4.489389888890014,-1.880000000000006,-1.880000000000006,0.0,0.0,2.7777777777777777,2.7777777777777777,9.675999555555538,17.751708888888896,17.751708888888896,-6.661338147750939e-16,-6.661338147750939e-16,-0.4,-0.4,2.7777777777777777,2.7777777777777777
99,0.5,False,0,2.27485063551694,True,2.8423535555555386,4.489184088890011,4.489184088890011,-1.85,-1.85,0.0,0.0,2.7777777777777777,2.7777777777777777,14.231763555555542,28.585138511111108,28.585138511111108,0.0,0.0,-0.5,-0.5,2.7777777777777777,2.7777777777777777
99,0.6000000000000001,False,0,2.427358913773266,True,2.8423535555555386,4.488300422223415,4.488300422223415,-1.8599999999999959,-1.8599999999999959,0.0,0.0,2.7777777777777777,2.7777777777777777,17.268939555555544,36.40008700000001,36.40008700000001,-0.019999999999999574,-0.019999999999999574,-0.6000000000000001,-0.6000000000000001,2.7777777777777777,2.7777777777777777
99,0.7000000000000001,False,0,2.427358913773266,True,2.8423535555555386,4.488300422223415,4.488300422223415,-1.899999999999999,-1.899999999999999,0.0,0.0,2.7777777777777777,2.7777777777777777,20.306115555555547,42.65212811111112,42.65212811111112,-0.009999999999999343,-0.009999999999999343,-0.7000000000000001,-0.7000000000000001,2.7777777777777777,2.7777777777777777
99,0.8,False,0,2.5707174813514535,True,2.8423535555555386,4.488978288890036,4.488978288890036,-1.8799999999999994,-1.8799999999999994,0.0,0.0,2.7777777777777777,2.7777777777777777,21.824703555555548,49.011502844444436,49.011502844444436,-2.220446049250313e-16,-2.220446049250313e-16,-0.8,-0.8,2.7777777777777777,2.7777777777777777
99,0.9,False,0,2.5707174813514535,True,2.8423535555555386,4.488978288890036,4.488978288890036,-1.8900000000000028,-1.8900000000000028,0.0,0.0,2.7777777777777777,2.7777777777777777,23.34329155555555,52.89681739999999,52.89681739999999,-0.02000000000000024,-0.02000000000000024,-0.9,-0.9,2.7777777777777777,2.7777777777777777
99,1.0,False,0,2.7071823140123734,True,2.8423535555555386,4.48809462222344,4.48809462222344,-1.7999999999999998,-1.7999999999999998,0.0,0.0,2.7777777777777777,2.7777777777777777,24.10258555555555,57.73114655555555,57.73114655555555,0.0,0.0,-1.0,-1.0,2.7777777777777777,2.7777777777777777
99,1.1,False,0,2.741833783858403,True,2.8423535555555386,4.487210955556816,4.487210955556816,-1.8799999999999981,-1.8799999999999981,0.0,0.0,2.7777777777777777,2.7777777777777777,24.10258555555555,60.508924333333326,60.508924333333326,-0.0499999999999996,-0.0499999999999996,-1.1,-1.1,2.7777777777777777,2.7777777777777777
99,1.2000000000000002,False,0,2.741833783858403,True,2.8423535555555386,4.487210955556816,4.487210955556816,-1.7999999999999998,-1.7999999999999998,0.0,0.0,2.7777777777777777,2.7777777777777777,24.86187955555555,62.6414051111111,62.6414051111111,-0.07999999999999963,-0.07999999999999963,-1.2000000000000002,-1.2000000000000002,2.7777777777777777,2.7777777777777777
99,1.3,False,0,2.741833783858403,True,2.8423535555555386,4.487210955556816,4.487210955556816,-1.8899999999999997,-1.8899999999999997,0.0,0.0,2.7777777777777777,2.7777777777777777,25.62117355555555,64.84981528888888,64.84981528888888,-0.09000000000000008,-0.09000000000000008,-1.3,-1.3,2.7777777777777777,2.7777777777777777
99,1.4000000000000001,False,0,2.741833783858403,True,2.8423535555555386,4.487210955556816,4.487210955556816,-1.8999999999999986,-1.8999999999999986,0.0,0.0,2.7777777777777777,2.7777777777777777,26.38046755555555,67.13415486666666,67.13415486666666,-0.08000000000000007,-0.08000000000000007,-1.4000000000000001,-1.4000000000000001,2.7777777777777777,2.7777777777777777
99,1.5,False,0,2.741833783858403,True,2.8423535555555386,4.487210955556816,4.487210955556816,-1.7999999999999998,-1.7999999999999998,0.0,0.0,2.7777777777777777,2.7777777777777777,27.139761555555552,69.49442384444444,69.49442384444444,-0.04999999999999982,-0.04999999999999982,-1.5,-1.5,2.7777777777777777,2.7777777777777777
99,1.6,False,0,2.741833783858403,True,2.8423535555555386,4.487210955556816,4.487210955556816,-1.879999999999999,-1.879999999999999,0.0,0.0,2.7777777777777777,2.7777777777777777,27.139761555555552,69.49442384444444,69.49442384444444,-0.1599999999999997,-0.1599999999999997,-1.6,-1.6,2.7777777777777777,2.7777777777777777
99,1.7000000000000002,False,0,2.741833783858403,True,2.8423535555555386,4.487210955556816,4.487210955556816,-1.8300000000000005,-1.8300000000000005,0.0,0.0,2.7777777777777777,2.7777777777777777,27.899055555555552,71.93062222222221,71.93062222222221,-0.09999999999999964,-0.09999999999999964,-1.7000000000000002,-1.7000000000000002,2.7777777777777777,2.7777777777777777
101,0.0,False,0,4.0,False,30.555555555555554,-4.044444444444383,-4.044444444444383,1.6,1.6,0.0,0.0,2.7777777777777777,2.7777777777777777,,,,,,,,,
101,0.1,False,0,4.0,False,30.555555555555554,-4.044444444444383,-4.044444444444383,1.2199999999999998,1.2199999999999998,-0.1,-0.1,2.7777777777777777,2.7777777777777777,30.555555555555554,337.62222222222084,337.62222222222084,-0.00999999999999579,-0.00999999999999579,-0.1,-0.1,2.7777777777777777,2.7777777777777777
101,0.2,False,0,3.999999999999999,True,24.86187955555555,-3.796960666666652,-3.796960666666652,0.8199999999999998,0.8199999999999998,-0.2,-0.2,2.7777777777777777,2.7777777777777777,24.86187955555555,88.95626679999985,88.95626679999985,-0.019999999999997353,-0.019999999999997353,-0.2,-0.2,2.7777777777777777,2.7777777777777777
101,0.30000000000000004,True,2,0.0,True,2.8423535555555386,-2.484312155555531,-2.484312155555531,-0.08000000000000185,-0.08000000000000185,-0.30000000000000004,-0.30000000000000004,2.7777777777777777,2.7777777777777777,4.360941555555539,-2.3954675999999777,-2.3954675999999777,-0.020000000000001572,-0.020000000000001572,-0.30000000000000004,-0.30000000000000004,2.7777777777777777,2.7777777777777777
101,0.4,False,0,2.0637996146625883,True,2.8423535555555386,4.489395177778943,4.489395177778943,-1.880000000000006,-1.880000000000006,0.0,0.0,2.7777777777777777,2.7777777777777777,9.675999555555538,19.751708888888896,19.751708888888896,-6.661338147750939e-16,-6.661338147750939e-16,-0.4,-0.4,2.7777777777777777,2.7777777777777777
101,0.5,False,0,2.385611469065378,True,2.8423535555555386,4.489189377778939,4.489189377778939,-1.85,-1.85,0.0,0.0,2.7777777777777777,2.7777777777777777,14.231763555555542,30.585138511111108,30.585138511111108,0.0,0.0,-0.5,-0.5,2.7777777777777777,2.7777777777777777
101,0.6000000000000001,False,0,2.5314481110978515,True,2.8423535555555386,4.488305711112344,4.488305711112344,-1.8599999999999959,-1.8599999999999959,0.0,0.0,2.7777777777777777,2.7777777777777777,17.268939555555544,38.40008700000001,38.40008700000001,-0.019999999999999574,-0.019999999999999574,-0.6000000000000001,-0.6000000000000001,2.7777777777777777,2.7777777777777777
101,0.7000000000000001,False,0,2.5314481110978515,True,2.8423535555555386,4.488305711112344,4.488305711112344,-1.899999999999999,-1.899999999999999,0.0,0.0,2.7777777777777777,2.7777777777777777,20.306115555555547,44.65212811111112,44.65212811111112,-0.009999999999999343,-0.009999999999999343,-0.7000000000000001,-0.7000000000000001,2.7777777777777777,2.7777777777777777
101,0.8,False,0,2.6693627979923935,True,2.8423535555555386,4.488983577778936,4.488983577778936,-1.8799999999999994,-1.8799999999999994,0.0,0.0,2.7777777777777777,2.7777777777777777,21.824703555555548,51.011502844444436,51.011502844444436,-2.220446049250313e-16,-2.220446049250313e-16,-0.8,-0.8,2.7777777777777777,2.7777777777777777
101,0.9,False,0,2.6693627979923935,True,2.8423535555555386,4.488983577778936,4.488983577778936,-1.8900000000000028,-1.8900000000000028,0.0,0.0,2.7777777777777777,2.7777777777777777,23.34329155555555,54.89681739999999,54.89681739999999,-0.02000000000000024,-0.02000000000000024,-0.9,-0.9,2.7777777777777777,2.7777777777777777
101,1.0,False,0,2.7370268704202183,True,2.8423535555555386,4.48809991111234,4.48809991111234,-1.7999999999999998,-1.7999999999999998,0.0,0.0,2.7777777777777777,2.7777777777777777,24.10258555555555,59.731146555555554,59.731146555555554,0.0,0.0,-1.0,-1.0,2.7777777777777777,2.7777777777777777
101,1.1,False,0,2.7098253050593084,True,2.8423535555555386,4.488777777778933,4.488777777778933,-1.8799999999999981,-1.8799999999999981,0.0,0.0,2.7777777777777777,2.7777777777777777,24.10258555555555,62.508924333333326,62.508924333333326,-0.0499999999999996,-0.0499999999999996,-1.1,-1.1,2.7777777777777777,2.7777777777777777
101,1.2000000000000002,False,0,2.7098253050593084,True,2.8423535555555386,4.488777777778933,4.488777777778933,-1.7999999999999998,-1.7999999999999998,0.0,0.0,2.7777777777777777,2.7777777777777777,24.86187955555555,64.6414051111111,64.6414051111111,-0.07999999999999963,-0.07999999999999963,-1.2000000000000002,-1.2000000000000002,2.7777777777777777,2.7777777777777777
101,1.3,False,0,2.7098253050593084,True,2.8423535555555386,4.488777777778933,4.488777777778933,-1.8899999999999997,-1.8899999999999997,0.0,0.0,2.7777777777777777,2.7777777777777777,25.62117355555555,66.84981528888888,66.84981528888888,-0.09000000000000008,-0.09000000000000008,-1.3,-1.3,2.7777777777777777,2.7777777777777777
101,1.4000000000000001,False,0,2.7098253050593084,True,2.8423535555555386,4.488777777778933,4.488777777778933,-1.8999999999999986,-1.8999999999999986,0.0,0.0,2.7777777777777777,2.7777777777777777,26.38046755555555,69.13415486666666,69.13415486666666,-0.08000000000000007,-0.08000000000000007,-1.4000000000000001,-1.4000000000000001,2.7777777777777777,2.7777777777777777
101,1.5,False,0,2.7098253050593084,True,2.8423535555555386,4.488777777778933,4.488777777778933,-1.7999999999999998,-1.7999999999999998,0.0,0.0,2.7777777777777777,2.7777777777777777,27.139761555555552,71.49442384444444,71.49442384444444,-0.04999999999999982,-0.04999999999999982,-1.5,-1.5,2.7777777777777777,2.7777777777777777
101,1.6,False,0,2.7098253050593084,True,2.8423535555555386,4.488777777778933,4.488777777778933,-1.879999999999999,-1.879999999999999,0.0,0.0,2.7777777777777777,2.7777777777777777,27.139761555555552,71.49442384444444,71.49442384444444,-0.1599999999999997,-0.1599999999999997,-1.6,-1.6,2.7777777777777777,2.7777777777777777
101,1.7000000000000002,False,0,2.7098253050593084,True,2.8423535555555386,4.488777777778933,4.488777777778933,-1.8300000000000005,-1.8300000000000005,0.0,0.0,2.7777777777777777,2.7777777777777777,27.899055555555552,73.93062222222221,73.93062222222221,-0.09999999999999964,-0.09999999999999964,-1.7000000000000002,-1.7000000000000002,2.7777777777777777,2.7777777777777777
103,0.0,False,0,4.0,False,30.555555555555554,-3.2666666666666115,-3.2666666666666115,1.6,1.6,0.0,0.0,2.7777777777777777,2.7777777777777777,,,,,,,,,
103,0.1,False,0,4.0,False,30.555555555555554,-3.2666666666666115,-3.2666666666666115,1.21,1.21,-0.1,-0.1,2.7777777777777777,2.7777777777777777,30.555555555555554,335.62222222222084,335.62222222222084,-0.00999999999999579,-0.00999999999999579,-0.1,-0.1,2.7777777777777777,2.7777777777777777
103,0.2,False,0,3.899999999999999,True,24.10258555555555,-3.6644798888888657,-3.6644798888888657,0.7999999999999998,0.7999999999999998,-0.2,-0.2,2.7777777777777777,2.7777777777777777,24.10258555555555,83.76723199999962,83.76723199999962,-0.019999999999997353,-0.019999999999997353,-0.2,-0.2,2.7777777777777777,2.7777777777777777
103,0.30000000000000004,True,2,0.0,True,2.8423535555555386,-0.4843121555555312,-0.4843121555555312,-0.08000000000000185,-0.08000000000000185,-0.30000000000000004,-0.30000000000000004,2.7777777777777777,2.7777777777777777,4.360941555555539,-0.3954675999999777,-0.3954675999999777,-0.020000000000001572,-0.020000000000001572,-0.30000000000000004,-0.30000000000000004,2.7777777777777777,2.7777777777777777
103,0.4,False,0,2.185091224376049,True,2.8423535555555386,4.489400466667871,4.489400466667871,-1.880000000000006,-1.880000000000006,0.0,0.0,2.7777777777777777,2.7777777777777777,10.435293555555539,21.675779488888903,21.675779488888903,-6.661338147750939e-16,-6.661338147750939e-16,-0.4,-0.4,2.7777777777777777,2.7777777777777777
103,0.5,False,0,2.4915279159777164,True,2.8423535555555386,4.489194666667896,4.489194666667896,-1.85,-1.85,0.0,0.0,2.7777777777777777,2.7777777777777777,14.231763555555542,32.58513851111111,32.58513851111111,0.0,0.0,-0.5,-0.5,2.7777777777777777,2.7777777777777777
103,0.6000000000000001,False,0,2.6315432819724145,True,2.8423535555555386,4.489872533334517,4.489872533334517,-1.8599999999999959,-1.8599999999999959,0.0,0.0,2.7777777777777777,2.7777777777777777,17.268939555555544,40.40008700000001,40.40008700000001,-0.019999999999999574,-0.019999999999999574,-0.6000000000000001,-0.6000000000000001,2.7777777777777777,2.7777777777777777
103,0.7000000000000001,False,0,2.6315432819724145,True,2.8423535555555386,4.489872533334517,4.489872533334517,-1.899999999999999,-1.899999999999999,0.0,0.0,2.7777777777777777,2.7777777777777777,20.306115555555547,46.65212811111112,46.65212811111112,-0.009999999999999343,-0.009999999999999343,-0.7000000000000001,-0.7000000000000001,2.7777777777777777,2.7777777777777777
103,0.8,False,0,2.7244953525181517,True,2.8423535555555386,4.488988866667921,4.488988866667921,-1.8799999999999994,-1.8799999999999994,0.0,0.0,2.7777777777777777,2.7777777777777777,21.824703555555548,53.011502844444436,53.011502844444436,-2.220446049250313e-16,-2.220446049250313e-16,-0.8,-0.8,2.7777777777777777,2.7777777777777777
103,0.9,False,0,2.7244953525181517,True,2.8423535555555386,4.488988866667921,4.488988866667921,-1.8900000000000028,-1.8900000000000028,0.0,0.0,2.7777777777777777,2.7777777777777777,23.34329155555555,56.89681739999999,56.89681739999999,-0.02000000000000024,-0.02000000000000024,-0.9,-0.9,2.7777777777777777,2.7777777777777777
103,1.0,False,0,2.7172424283285297,True,2.8423535555555386,4.488105200001297,4.488105200001297,-1.7999999999999998,-1.7999999999999998,0.0,0.0,2.7777777777777777,2.7777777777777777,24.10258555555555,61.731146555555554,61.731146555555554,0.0,0.0,-1.0,-1.0,2.7777777777777777,2.7777777777777777
103,1.1,False,0,2.7172424283285297,True,2.8423535555555386,4.488105200001297,4.488105200001297,-1.8799999999999981,-1.8799999999999981,0.0,0.0,2.7777777777777777,2.7777777777777777,24.86187955555555,63.863627333333326,63.863627333333326,-0.0499999999999996,-0.0499999999999996,-1.1,-1.1,2.7777777777777777,2.7777777777777777
103,1.2000000000000002,False,0,2.7172424283285297,True,2.8423535555555386,4.488105200001297,4.488105200001297,-1.7999999999999998,-1.7999999999999998,0.0,0.0,2.7777777777777777,2.7777777777777777,25.62117355555555,66.0720375111111,66.0720375111111,-0.07999999999999963,-0.07999999999999963,-1.2000000000000002,-1.2000000000000002,2.7777777777777777,2.7777777777777777
103,1.3,False,0,2.7172424283285297,True,2.8423535555555386,4.488105200001297,4.488105200001297,-1.8899999999999997,-1.8899999999999997,0.0,0.0,2.7777777777777777,2.7777777777777777,26.38046755555555,68.35637708888889,68.35637708888889,-0.09000000000000008,-0.09000000000000008,-1.3,-1.3,2.7777777777777777,2.7777777777777777
103,1.4000000000000001,False,0,2.7172424283285297,True,2.8423535555555386,4.488105200001297,4.488105200001297,-1.8999999999999986,-1.8999999999999986,0.0,0.0,2.7777777777777777,2.7777777777777777,27.139761555555552,70.71664606666666,70.71664606666666,-0.08000000000000007,-0.08000000000000007,-1.4000000000000001,-1.4000000000000001,2.7777777777777777,2.7777777777777777
103,1.5,False,0,2.7172424283285297,True,2.8423535555555386,4.488105200001297,4.488105200001297,-1.7999999999999998,-1.7999999999999998,0.0,0.0,2.7777777777777777,2.7777777777777777,27.899055555555552,73.15284444444445,73.15284444444445,-0.04999999999999982,-0.04999999999999982,-1.5,-1.5,2.7777777777777777,2.7777777777777777
103,1.6,False,0,2.7172424283285297,True,2.8423535555555386,4.488105200001297,4.488105200001297,-1.879999999999999,-1.879999999999999,0.0,0.0,2.7777777777777777,2.7777777777777777,27.899055555555552,73.15284444444445,73.15284444444445,-0.1599999999999997,-0.1599999999999997,-1.6,-1.6,2.7777777777777777,2.7777777777777777
103,1.7000000000000002,False,0,2.7172424283285297,True,2.8423535555555386,4.488105200001297,4.488105200001297,-1.8300000000000005,-1.8300000000000005,0.0,0.0,2.7777777777777777,2.7777777777777777,28.658055555555553,75.66497222222222,75.66497222222222,-0.09999999999999964,-0.09999999999999964,-1.7000000000000002,-1.7000000000000002,2.7777777777777777,2.7777777777777777
105,0.0,False,0,4.0,False,30.555555555555554,-3.333333333333388,-3.333333333333388,1.6,1.6,0.0,0.0,2.7777777777777777,2.7777777777777777,,,,,,,,,
105,0.1,False,0,4.0,False,30.555555555555554,-3.333333333333388,-3.333333333333388,1.21,1.21,-0.1,-0.1,2.7777777777777777,2.7777777777777777,30.555555555555554,333.62222222222084,333.62222222222084,-0.00999999999999579,-0.00999999999999579,-0.1,-0.1,2.7777777777777777,2.7777777777777777
105,0.2,False,0,3.799999999999999,True,23.34329155555555,-3.607928511111086,-3.607928511111086,0.7799999999999998,0.7799999999999998,-0.2,-0.2,2.7777777777777777,2.7777777777777777,23.34329155555555,78.6541266000004,78.6541266000004,-0.019999999999997353,-0.019999999999997353,-0.2,-0.2,2.7777777777777777,2.7777777777777777
105,0.30000000000000004,False,0,0.5829385804189827,True,2.8423535555555386,1.5156878444444688,1.5156878444444688,-0.08000000000000185,-0.08000000000000185,-0.30000000000000004,-0.30000000000000004,2.7777777777777777,2.7777777777777777,4.360941555555539,1.6045324000000223,1.6045324000000223,-0.020000000000001572,-0.020000000000001572,-0.30000000000000004,-0.30000000000000004,2.7777777777777777,2.7777777777777777
105,0.4,False,0,2.3002064022803967,True,2.8423535555555386,4.490967288890016,4.490967288890016,-1.880000000000006,-1.880000000000006,0.0,0.0,2.7777777777777777,2.7777777777777777,11.19458755555554,23.447991288888897,23.447991288888897,-6.661338147750939e-16,-6.661338147750939e-16,-0.4,-0.4,2.7777777777777777,2.7777777777777777
105,0.5,False,0,2.593157121496369,True,2.8423535555555386,4.4891999555567965,4.4891999555567965,-1.85,-1.85,0.0,0.0,2.7777777777777777,2.7777777777777777,14.231763555555542,34.58513851111111,34.58513851111111,0.0,0.0,-0.5,-0.5,2.7777777777777777,2.7777777777777777
105,0.6000000000000001,False,0,2.711857017064447,True,2.8423535555555386,4.489877822223389,4.489877822223389,-1.8599999999999959,-1.8599999999999959,0.0,0.0,2.7777777777777777,2.7777777777777777,17.268939555555544,42.40008700000001,42.40008700000001,-0.019999999999999574,-0.019999999999999574,-0.6000000000000001,-0.6000000000000001,2.7777777777777777,2.7777777777777777
105,0.7000000000000001,False,0,2.711857017064447,True,2.8423535555555386,4.489877822223389,4.489877822223389,-1.899999999999999,-1.899999999999999,0.0,0.0,2.7777777777777777,2.7777777777777777,20.306115555555547,48.65212811111112,48.65212811111112,-0.009999999999999343,-0.009999999999999343,-0.7000000000000001,-0.7000000000000001,2.7777777777777777,2.7777777777777777
105,0.8,False,0,2.716409526861009,True,2.8423535555555386,4.488994155556793,4.488994155556793,-1.8799999999999994,-1.8799999999999994,0.0,0.0,2.7777777777777777,2.7777777777777777,21.824703555555548,55.011502844444436,55.011502844444436,-2.220446049250313e-16,-2.220446049250313e-16,-0.8,-0.8,2.7777777777777777,2.7777777777777777
105,0.9,False,0,2.716409526861009,True,2.8423535555555386,4.488994155556793,4.488994155556793,-1.8900000000000028,-1.8900000000000028,0.0,0.0,2.7777777777777777,2.7777777777777777,23.34329155555555,58.89681739999999,58.89681739999999,-0.02000000000000024,-0.02000000000000024,-0.9,-0.9,2.7777777777777777,2.7777777777777777
105,1.0,False,0,2.716409526861009,True,2.8423535555555386,4.488994155556793,4.488994155556793,-1.7999999999999998,-1.7999999999999998,0.0,0.0,2.7777777777777777,2.7777777777777777,24.86187955555555,63.085849555555555,63.085849555555555,0.0,0.0,-1.0,-1.0,2.7777777777777777,2.7777777777777777
105,1.1,False,0,2.716409526861009,True,2.8423535555555386,4.488994155556793,4.488994155556793,-1.8799999999999981,-1.8799999999999981,0.0,0.0,2.7777777777777777,2.7777777777777777,25.62117355555555,65.29425973333333,65.29425973333333,-0.0499999999999996,-0.0499999999999996,-1.1,-1.1,2.7777777777777777,2.7777777777777777
105,1.2000000000000002,False,0,2.716409526861009,True,2.8423535555555386,4.488994155556793,4.488994155556793,-1.7999999999999998,-1.7999999999999998,0.0,0.0,2.7777777777777777,2.7777777777777777,26.38046755555555,67.5785993111111,67.5785993111111,-0.07999999999999963,-0.07999999999999963,-1.2000000000000002,-1.2000000000000002,2.7777777777777777,2.7777777777777777
105,1.3,False,0,2.716409526861009,True,2.8423535555555386,4.488994155556793,4.488994155556793,-1.8899999999999997,-1.8899999999999997,0.0,0.0,2.7777777777777777,2.7777777777777777,27.139761555555552,69.93886828888888,69.93886828888888,-0.09000000000000008,-0.09000000000000008,-1.3,-1.3,2.7777777777777777,2.7777777777777777
105,1.4000000000000001,False,0,2.716409526861009,True,2.8423535555555386,4.488994155556793,4.488994155556793,-1.8999999999999986,-1.8999999999999986,0.0,0.0,2.7777777777777777,2.7777777777777777,27.899055555555552,72.37506666666665,72.37506666666665,-0.08000000000000007,-0.08000000000000007,-1.4000000000000001,-1.4000000000000001,2.7777777777777777,2.7777777777777777
105,1.5,False,0,2.716409526861009,True,2.8423535555555386,4.488994155556793,4.488994155556793,-1.7999999999999998,-1.7999999999999998,0.0,0.0,2.7777777777777777,2.7777777777777777,28.658055555555553,74.88719444444445,74.88719444444445,-0.04999999999999982,-0.04999999999999982,-1.5,-1.5,2.7777777777777777,2.7777777777777777
105,1.6,False,0,2.716409526861009,True,2.8423535555555386,4.488994155556793,4.488994155556793,-1.879999999999999,-1.879999999999999,0.0,0.0,2.7777777777777777,2.7777777777777777,28.658055555555553,74.88719444444445,74.88719444444445,-0.1599999999999997,-0.1599999999999997,-1.6,-1.6,2.7777777777777777,2.7777777777777777
105,1.7000000000000002,False,0,2.716409526861009,True,2.8423535555555386,4.488994155556793,4.488994155556793,-1.8300000000000005,-1.8300000000000005,0.0,0.0,2.7777777777777777,2.7777777777777777,29.290555555555553,77.47522222222221,77.47522222222221,-0.09999999999999964,-0.09999999999999964,-1.7000000000000002,-1.7000000000000002,2.7777777777777777,2.7777777777777777
107,0.0,False,0,4.0,False,30.555555555555554,-4.111111111111174,-4.111111111111174,1.6,1.6,0.0,0.0,2.7777777777777777,2.7777777777777777,,,,,,,,,
107,0.1,False,0,4.0,False,30.555555555555554,-4.111111111111174,-4.111111111111174,1.1999999999999997,1.1999999999999997,-0.1,-0.1,2.7777777777777777,2.7777777777777777,30.555555555555554,331.62222222222084,331.62222222222084,-0.00999999999999579,-0.00999999999999579,-0.1,-0.1,2.7777777777777777,2.7777777777777777
107,0.2,False,0,3.699999999999999,True,22.58399755555555,-3.6273065333333134,-3.6273065333333134,0.7599999999999998,0.7599999999999998,-0.2,-0.2,2.7777777777777777,2.7777777777777777,22.58399755555555,73.61695060000015,73.61695060000015,-0.019999999999997353,-0.019999999999997353,-0.2,-0.2,2.7777777777777777,2.7777777777777777
107,0.30000000000000004,False,0,0.9137541240891577,True,2.8423535555555386,3.515687844444469,3.515687844444469,-0.08000000000000185,-0.08000000000000185,-0.30000000000000004,-0.30000000000000004,2.7777777777777777,2.7777777777777777,4.360941555555539,3.6045324000000223,3.6045324000000223,-0.020000000000001572,-0.020000000000001572,-0.30000000000000004,-0.30000000000000004,2.7777777777777777,2.7777777777777777
107,0.4,False,0,2.409858276808416,True,2.8423535555555386,4.490972577778973,4.490972577778973,-1.880000000000006,-1.880000000000006,0.0,0.0,2.7777777777777777,2.7777777777777777,11.95388155555554,25.220203088888905,25.220203088888905,-6.661338147750939e-16,-6.661338147750939e-16,-0.4,-0.4,2.7777777777777777,2.7777777777777777
107,0.5,False,0,2.690973950003811,True,2.8423535555555386,4.49076677777897,4.49076677777897,-1.85,-1.85,0.0,0.0,2.7777777777777777,2.7777777777777777,14.991057555555543,36.50920911111112,36.50920911111112,0.0,0.0,-0.5,-0.5,2.7777777777777777,2.7777777777777777
107,0.6000000000000001,False,0,2.741479388964589,True,2.8423535555555386,4.489883111112346,4.489883111112346,-1.8599999999999959,-1.8599999999999959,0.0,0.0,2.7777777777777777,2.7777777777777777,17.268939555555544,44.40008700000001,44.40008700000001,-0.019999999999999574,-0.019999999999999574,-0.6000000000000001,-0.6000000000000001,2.7777777777777777,2.7777777777777777
107,0.7000000000000001,False,0,2.741479388964589,True,2.8423535555555386,4.489883111112346,4.489883111112346,-1.899999999999999,-1.899999999999999,0.0,0.0,2.7777777777777777,2.7777777777777777,20.306115555555547,50.65212811111112,50.65212811111112,-0.009999999999999343,-0.009999999999999343,-0.7000000000000001,-0.7000000000000001,2.7777777777777777,2.7777777777777777
107,0.8,False,0,2.7595055791374996,True,2.8423535555555386,4.488999444445722,4.488999444445722,-1.8799999999999994,-1.8799999999999994,0.0,0.0,2.7777777777777777,2.7777777777777777,21.824703555555548,57.011502844444436,57.011502844444436,-2.220446049250313e-16,-2.220446049250313e-16,-0.8,-0.8,2.7777777777777777,2.7777777777777777
107,0.9,False,0,2.7595055791374996,True,2.8423535555555386,4.488999444445722,4.488999444445722,-1.8900000000000028,-1.8900000000000028,0.0,0.0,2.7777777777777777,2.7777777777777777,23.34329155555555,60.89681739999999,60.89681739999999,-0.02000000000000024,-0.02000000000000024,-0.9,-0.9,2.7777777777777777,2.7777777777777777
107,1.0,False,0,2.7595055791374996,True,2.8423535555555386,4.488999444445722,4.488999444445722,-1.7999999999999998,-1.7999999999999998,0.0,0.0,2.7777777777777777,2.7777777777777777,24.86187955555555,65.08584955555555,65.08584955555555,0.0,0.0,-1.0,-1.0,2.7777777777777777,2.7777777777777777
107,1.1,False,0,2.7595055791374996,True,2.8423535555555386,4.488999444445722,4.488999444445722,-1.8799999999999981,-1.8799999999999981,0.0,0.0,2.7777777777777777,2.7777777777777777,25.62117355555555,67.29425973333333,67.29425973333333,-0.0499999999999996,-0.0499999999999996,-1.1,-1.1,2.7777777777777777,2.7777777777777777
107,1.2000000000000002,False,0,2.7595055791374996,True,2.8423535555555386,4.488999444445722,4.488999444445722,-1.7999999999999998,-1.7999999999999998,0.0,0.0,2.7777777777777777,2.7777777777777777,26.38046755555555,69.5785993111111,69.5785993111111,-0.07999999999999963,-0.07999999999999963,-1.2000000000000002,-1.2000000000000002,2.7777777777777777,2.7777777777777777
107,1.3,False,0,2.7595055791374996,True,2.8423535555555386,4.488999444445722,4.488999444445722,-1.8899999999999997,-1.8899999999999997,0.0,0.0,2.7777777777777777,2.7777777777777777,27.139761555555552,71.93886828888888,71.93886828888888,-0.09000000000000008,-0.09000000000000008,-1.3,-1.3,2.7777777777777777,2.7777777777777777
107,1.4000000000000001,False,0,2.7595055791374996,True,2.8423535555555386,4.488999444445722,4.488999444445722,-1.8999999999999986,-1.8999999999999986,0.0,0.0,2.7777777777777777,2.7777777777777777,27.899055555555552,74.37506666666665,74.37506666666665,-0.08000000000000007,-0.08000000000000007,-1.4000000000000001,-1.4000000000000001,2.7777777777777777,2.7777777777777777
107,1.5,False,0,2.7595055791374996,True,2.8423535555555386,4.488999444445722,4.488999444445722,-1.7999999999999998,-1.7999999999999998,0.0,0.0,2.7777777777777777,2.7777777777777777,28.658055555555553,76.88719444444445,76.88719444444445,-0.04999999999999982,-0.04999999999999982,-1.5,-1.5,2.7777777777777777,2.7777777777777777
107,1.6,False,0,2.7595055791374996,True,2.8423535555555386,4.488999444445722,4.488999444445722,-1.879999999999999,-1.879999999999999,0.0,0.0,2.7777777777777777,2.7777777777777777,28.658055555555553,76.88719444444445,76.88719444444445,-0.1599999999999997,-0.1599999999999997,-1.6,-1.6,2.7777777777777777,2.7777777777777777
107,1.7000000000000002,False,0,2.7595055791374996,True,2.8423535555555386,4.488999444445722,4.488999444445722,-1.8300000000000005,-1.8300000000000005,0.0,0.0,2.7777777777777777,2.7777777777777777,29.290555555555553,79.47522222222221,79.47522222222221,-0.09999999999999964,-0.09999999999999964,-1.7000000000000002,-1.7000000000000002,2.7777777777777777,2.7777777777777777
109,0.0,False,0,4.0,False,30.555555555555554,-3.71111111111104,-3.71111111111104,1.6,1.6,0.0,0.0,2.7777777777777777,2.7777777777777777,,,,,,,,,
109,0.1,False,0,4.0,False,30.555555555555554,-3.71111111111104,-3.71111111111104,1.19,1.19,-0.1,-0.1,2.7777777777777777,2.7777777777777777,30.555555555555554,329.62222222222084,329.62222222222084,-0.00999999999999579,-0.00999999999999579,-0.1,-0.1,2.7777777777777777,2.7777777777777777
109,0.2,False,0,3.600000000000001,True,21.824703555555548,-3.7226139555555333,-3.7226139555555333,0.7399999999999998,0.7399999999999998,-0.2,-0.2,2.7777777777777777,2.7777777777777777,21.824703555555548,68.65570399999991,68.65570399999991,-0.019999999999997353,-0.019999999999997353,-0.2,-0.2,2.7777777777777777,2.7777777777777777
109,0.30000000000000004,False,0,1.1556668750259005,True,2.8423535555555386,4.488932977778444,4.488932977778444,-1.8899999999999975,-1.8899999999999975,0.0,0.0,2.7777777777777777,2.7777777777777777,4.360941555555539,5.604532400000022,5.604532400000022,-0.020000000000001572,-0.020000000000001572,-0.30000000000000004,-0.30000000000000004,2.7777777777777777,2.7777777777777777
109,0.4,False,0,2.5146183809891642,True,2.8423535555555386,4.490977866667902,4.490977866667902,-1.880000000000006,-1.880000000000006,0.0,0.0,2.7777777777777777,2.7777777777777777,11.95388155555554,26.9924148888889,26.9924148888889,-6.661338147750939e-16,-6.661338147750939e-16,-0.4,-0.4,2.7777777777777777,2.7777777777777777
109,0.5,False,0,2.7009795535712766,True,2.8423535555555386,4.4907720666678985,4.4907720666678985,-1.85,-1.85,0.0,0.0,2.7777777777777777,2.7777777777777777,15.750351555555543,38.2814209111111,38.2814209111111,0.0,0.0,-0.5,-0.5,2.7777777777777777,2.7777777777777777
109,0.6000000000000001,False,0,2.705532063367845,True,2.8423535555555386,4.489888400001274,4.489888400001274,-1.8599999999999959,-1.8599999999999959,0.0,0.0,2.7777777777777777,2.7777777777777777,17.268939555555544,46.40008700000001,46.40008700000001,-0.019999999999999574,-0.019999999999999574,-0.6000000000000001,-0.6000000000000001,2.7777777777777777,2.7777777777777777
109,0.7000000000000001,False,0,2.705532063367845,True,2.8423535555555386,4.489888400001274,4.489888400001274,-1.899999999999999,-1.899999999999999,0.0,0.0,2.7777777777777777,2.7777777777777777,20.306115555555547,52.65212811111112,52.65212811111112,-0.009999999999999343,-0.009999999999999343,-0.7000000000000001,-0.7000000000000001,2.7777777777777777,2.7777777777777777
109,0.8,False,0,2.705532063367845,True,2.8423535555555386,4.489888400001274,4.489888400001274,-1.8799999999999994,-1.8799999999999994,0.0,0.0,2.7777777777777777,2.7777777777777777,22.58399755555555,58.138417644444445,58.138417644444445,-2.220446049250313e-16,-2.220446049250313e-16,-0.8,-0.8,2.7777777777777777,2.7777777777777777
109,0.9,False,0,2.705532063367845,True,2.8423535555555386,4.489888400001274,4.489888400001274,-1.8900000000000028,-1.8900000000000028,0.0,0.0,2.7777777777777777,2.7777777777777777,24.10258555555555,62.175591,62.175591,-0.02000000000000024,-0.02000000000000024,-0.9,-0.9,2.7777777777777777,2.7777777777777777
109,1.0,False,0,2.705532063367841,True,2.8423535555555386,4.489888400001246,4.489888400001246,-1.7999999999999998,-1.7999999999999998,0.0,0.0,2.7777777777777777,2.7777777777777777,25.62117355555555,66.51648195555555,66.51648195555555,0.0,0.0,-1.0,-1.0,2.7777777777777777,2.7777777777777777
109,1.1,False,0,2.705532063367841,True,2.8423535555555386,4.489888400001246,4.489888400001246,-1.8799999999999981,-1.8799999999999981,0.0,0.0,2.7777777777777777,2.7777777777777777,26.38046755555555,68.80082153333333,68.80082153333333,-0.0499999999999996,-0.0499999999999996,-1.1,-1.1,2.7777777777777777,2.7777777777777777
109,1.2000000000000002,False,0,2.705532063367841,True,2.8423535555555386,4.489888400001246,4.489888400001246,-1.7999999999999998,-1.7999999999999998,0.0,0.0,2.7777777777777777,2.7777777777777777,27.139761555555552,71.16109051111111,71.16109051111111,-0.07999999999999963,-0.07999999999999963,-1.2000000000000002,-1.2000000000000002,2.7777777777777777,2.7777777777777777
109,1.3,False,0,2.705532063367841,True,2.8423535555555386,4.489888400001246,4.489888400001246,-1.8899999999999997,-1.8899999999999997,0.0,0.0,2.7777777777777777,2.7777777777777777,27.899055555555552,73.59728888888888,73.59728888888888,-0.09000000000000008,-0.09000000000000008,-1.3,-1.3,2.7777777777777777,2.7777777777777777
109,1.4000000000000001,False,0,2.705532063367841,True,2.8423535555555386,4.489888400001246,4.489888400001246,-1.8999999999999986,-1.8999999999999986,0.0,0.0,2.7777777777777777,2.7777777777777777,28.658055555555553,76.10941666666666,76.10941666666666,-0.08000000000000007,-0.08000000000000007,-1.4000000000000001,-1.4000000000000001,2.7777777777777777,2.7777777777777777
109,1.5,False,0,2.705532063367841,True,2.8423535555555386,4.489888400001246,4.489888400001246,-1.7999999999999998,-1.7999999999999998,0.0,0.0,2.7777777777777777,2.7777777777777777,29.290555555555553,78.69744444444444,78.69744444444444,-0.04999999999999982,-0.04999999999999982,-1.5,-1.5,2.7777777777777777,2.7777777777777777
109,1.6,False,0,2.705532063367841,True,2.8423535555555386,4.489888400001246,4.489888400001246,-1.879999999999999,-1.879999999999999,0.0,0.0,2.7777777777777777,2.7777777777777777,29.290555555555553,78.69744444444444,78.69744444444444,-0.1599999999999997,-0.1599999999999997,-1.6,-1.6,2.7777777777777777,2.7777777777777777
109,1.7000000000000002,False,0,2.705532063367841,True,2.8423535555555386,4.489888400001246,4.489888400001246,-1.8300000000000005,-1.8300000000000005,0.0,0.0,2.7777777777777777,2.7777777777777777,29.796555555555553,81.34872222222221,81.34872222222221,-0.09999999999999964,-0.09999999999999964,-1.7000000000000002,-1.7000000000000002,2.7777777777777777,2.7777777777777777
111,0.0,False,0,4.0,False,30.555555555555554,-2.933333333333283,-2.933333333333283,1.6,1.6,0.0,0.0,2.7777777777777777,2.7777777777777777,,,,,,,,,
111,0.1,False,0,4.0,False,30.555555555555554,-2.933333333333283,-2.933333333333283,1.1800000000000002,1.1800000000000002,-0.1,-0.1,2.7777777777777777,2.7777777777777777,30.555555555555554,327.62222222222084,327.62222222222084,-0.00999999999999579,-0.00999999999999579,-0.1,-0.1,2.7777777777777777,2.7777777777777777
111,0.2,False,0,3.400000000000001,True,21.065409555555547,-3.89385077777776,-3.89385077777776,0.7200000000000002,0.7200000000000002,-0.2,-0.2,2.7777777777777777,2.7777777777777777,21.065409555555547,63.770386799999656,63.770386799999656,-0.019999999999997353,-0.019999999999997353,-0.2,-0.2,2.7777777777777777,2.7777777777777777
111,0.30000000000000004,False,0,1.357277950122423,True,2.8423535555555386,4.4891497111121454,4.4891497111121454,-1.8899999999999975,-1.8899999999999975,0.0,0.0,2.7777777777777777,2.7777777777777777,4.360941555555539,7.604532400000022,7.604532400000022,-0.020000000000001572,-0.020000000000001572,-0.30000000000000004,-0.30000000000000004,2.7777777777777777,2.7777777777777777
111,0.4,False,0,2.6153349179638514,True,2.8423535555555386,4.490983155556774,4.490983155556774,-1.880000000000006,-1.880000000000006,0.0,0.0,2.7777777777777777,2.7777777777777777,12.71317555555554,28.612767888888893,28.612767888888893,-6.661338147750939e-16,-6.661338147750939e-16,-0.4,-0.4,2.7777777777777777,2.7777777777777777
111,0.5,False,0,2.755521261159816,True,2.8423535555555386,4.490777355556742,4.490777355556742,-1.85,-1.85,0.0,0.0,2.7777777777777777,2.7777777777777777,15.750351555555543,40.1295621111111,40.1295621111111,0.0,0.0,-0.5,-0.5,2.7777777777777777,2.7777777777777777
111,0.6000000000000001,False,0,2.755521261159816,True,2.8423535555555386,4.490777355556742,4.490777355556742,-1.8599999999999959,-1.8599999999999959,0.0,0.0,2.7777777777777777,2.7777777777777777,18.028233555555545,47.071425399999995,47.071425399999995,-0.019999999999999574,-0.019999999999999574,-0.6000000000000001,-0.6000000000000001,2.7777777777777777,2.7777777777777777
111,0.7000000000000001,False,0,2.755521261159816,True,2.8423535555555386,4.490777355556742,4.490777355556742,-1.899999999999999,-1.899999999999999,0.0,0.0,2.7777777777777777,2.7777777777777777,21.065409555555547,53.62718411111111,53.62718411111111,-0.009999999999999343,-0.009999999999999343,-0.7000000000000001,-0.7000000000000001,2.7777777777777777,2.7777777777777777
111,0.8,False,0,2.755521261159816,True,2.8423535555555386,4.490777355556742,4.490777355556742,-1.8799999999999994,-1.8799999999999994,0.0,0.0,2.7777777777777777,2.7777777777777777,23.34329155555555,59.34126184444444,59.34126184444444,-2.220446049250313e-16,-2.220446049250313e-16,-0.8,-0.8,2.7777777777777777,2.7777777777777777
111,0.9,False,0,2.755521261159816,True,2.8423535555555386,4.490777355556742,4.490777355556742,-1.8900000000000028,-1.8900000000000028,0.0,0.0,2.7777777777777777,2.7777777777777777,24.86187955555555,63.530294,63.530294,-0.02000000000000024,-0.02000000000000024,-0.9,-0.9,2.7777777777777777,2.7777777777777777
111,1.0,False,0,2.755521261159816,True,2.8423535555555386,4.490777355556742,4.490777355556742,-1.7999999999999998,-1.7999999999999998,0.0,0.0,2.7777777777777777,2.7777777777777777,26.38046755555555,68.02304375555555,68.02304375555555,0.0,0.0,-1.0,-1.0,2.7777777777777777,2.7777777777777777
111,1.1,False,0,2.755521261159816,True,2.8423535555555386,4.490777355556742,4.490777355556742,-1.8799999999999981,-1.8799999999999981,0.0,0.0,2.7777777777777777,2.7777777777777777,27.139761555555552,70.38331273333334,70.38331273333334,-0.0499999999999996,-0.0499999999999996,-1.1,-1.1,2.7777777777777777,2.7777777777777777
111,1.2000000000000002,False,0,2.755521261159816,True,2.8423535555555386,4.490777355556742,4.490777355556742,-1.7999999999999998,-1.7999999999999998,0.0,0.0,2.7777777777777777,2.7777777777777777,27.899055555555552,72.81951111111111,72.81951111111111,-0.07999999999999963,-0.07999999999999963,-1.2000000000000002,-1.2000000000000002,2.7777777777777777,2.7777777777777777
111,1.3,False,0,2.755521261159816,True,2.8423535555555386,4.490777355556742,4.490777355556742,-1.8899999999999997,-1.8899999999999997,0.0,0.0,2.7777777777777777,2.7777777777777777,28.658055555555553,75.33163888888889,75.33163888888889,-0.09000000000000008,-0.09000000000000008,-1.3,-1.3,2.7777777777777777,2.7777777777777777
111,1.4000000000000001,False,0,2.755521261159816,True,2.8423535555555386,4.490777355556742,4.490777355556742,-1.8999999999999986,-1.8999999999999986,0.0,0.0,2.7777777777777777,2.7777777777777777,29.290555555555553,77.91966666666666,77.91966666666666,-0.08000000000000007,-0.08000000000000007,-1.4000000000000001,-1.4000000000000001,2.7777777777777777,2.7777777777777777
111,1.5,False,0,2.755521261159816,True,2.8423535555555386,4.490777355556742,4.490777355556742,-1.7999999999999998,-1.7999999999999998,0.0,0.0,2.7777777777777777,2.7777777777777777,29.796555555555553,80.57094444444444,80.57094444444444,-0.04999999999999982,-0.04999999999999982,-1.5,-1.5,2.7777777777777777,2.7777777777777777
111,1.6,False,0,2.755521261159816,True,2.8423535555555386,4.490777355556742,4.490777355556742,-1.879999999999999,-1.879999999999999,0.0,0.0,2.7777777777777777,2.7777777777777777,29.796555555555553,80.57094444444444,80.57094444444444,-0.1599999999999997,-0.1599999999999997,-1.6,-1.6,2.7777777777777777,2.7777777777777777
111,1.7000000000000002,False,0,2.755521261159816,True,2.8423535555555386,4.490777355556742,4.490777355556742,-1.8300000000000005,-1.8300000000000005,0.0,0.0,2.7777777777777777,2.7777777777777777,30.176055555555553,83.27282222222222,83.27282222222222,-0.09999999999999964,-0.09999999999999964,-1.7000000000000002,-1.7000000000000002,2.7777777777777777,2.7777777777777777
113,0.0,False,0,4.0,False,30.555555555555554,-3.666666666666731,-3.666666666666731,1.6,1.6,0.0,0.0,2.7777777777777777,2.7777777777777777,,,,,,,,,
113,0.1,False,0,4.0,False,30.555555555555554,-3.666666666666731,-3.666666666666731,1.1800000000000002,1.1800000000000002,-0.1,-0.1,2.7777777777777777,2.7777777777777777,30.555555555555554,325.62222222222084,325.62222222222084,-0.00999999999999579,-0.00999999999999579,-0.1,-0.1,2.7777777777777777,2.7777777777777777
113,0.2,False,0,3.3000000000000007,True,20.306115555555547,-4.141016999999965,-4.141016999999965,0.7000000000000002,0.7000000000000002,-0.2,-0.2,2.7777777777777777,2.7777777777777777,20.306115555555547,58.960999000000456,58.960999000000456,-0.019999999999997353,-0.019999999999997353,-0.2,-0.2,2.7777777777777777,2.7777777777777777
113,0.30000000000000004,False,0,1.5336205695516252,True,2.8423535555555386,4.489155000001017,4.489155000001017,-1.8899999999999975,-1.8899999999999975,0.0,0.0,2.7777777777777777,2.7777777777777777,5.1202355555555386,9.528603000000015,9.528603000000015,-0.020000000000001572,-0.020000000000001572,-0.30000000000000004,-0.30000000000000004,2.7777777777777777,2.7777777777777777
113,0.4,False,0,2.712439815140707,True,2.8423535555555386,4.490988444445617,4.490988444445617,-1.880000000000006,-1.880000000000006,0.0,0.0,2.7777777777777777,2.7777777777777777,13.472469555555541,30.15719148888891,30.15719148888891,-6.661338147750939e-16,-6.661338147750939e-16,-0.4,-0.4,2.7777777777777777,2.7777777777777777
113,0.5,False,0,2.701109187623822,True,2.8423535555555386,4.491666311112209,4.491666311112209,-1.85,-1.85,0.0,0.0,2.7777777777777777,2.7777777777777777,16.509645555555544,40.72497111111109,40.72497111111109,0.0,0.0,-0.5,-0.5,2.7777777777777777,2.7777777777777777
113,0.6000000000000001,False,0,2.701109187623822,True,2.8423535555555386,4.491666311112209,4.491666311112209,-1.8599999999999959,-1.8599999999999959,0.0,0.0,2.7777777777777777,2.7777777777777777,18.787527555555545,47.8186932,47.8186932,-0.019999999999999574,-0.019999999999999574,-0.6000000000000001,-0.6000000000000001,2.7777777777777777,2.7777777777777777
113,0.7000000000000001,False,0,2.701109187623822,True,2.8423535555555386,4.491666311112209,4.491666311112209,-1.899999999999999,-1.899999999999999,0.0,0.0,2.7777777777777777,2.7777777777777777,21.824703555555548,54.67816951111111,54.67816951111111,-0.009999999999999343,-0.009999999999999343,-0.7000000000000001,-0.7000000000000001,2.7777777777777777,2.7777777777777777
113,0.8,False,0,2.701109187623822,True,2.8423535555555386,4.491666311112209,4.491666311112209,-1.8799999999999994,-1.8799999999999994,0.0,0.0,2.7777777777777777,2.7777777777777777,24.10258555555555,60.62003544444444,60.62003544444444,-2.220446049250313e-16,-2.220446049250313e-16,-0.8,-0.8,2.7777777777777777,2.7777777777777777
113,0.9,False,0,2.701109187623822,True,2.8423535555555386,4.491666311112209,4.491666311112209,-1.8900000000000028,-1.8900000000000028,0.0,0.0,2.7777777777777777,2.7777777777777777,25.62117355555555,64.96092639999999,64.96092639999999,-0.02000000000000024,-0.02000000000000024,-0.9,-0.9,2.7777777777777777,2.7777777777777777
113,1.0,False,0,2.701109187623822,True,2.8423535555555386,4.491666311112209,4.491666311112209,-1.7999999999999998,-1.7999999999999998,0.0,0.0,2.7777777777777777,2.7777777777777777,27.139761555555552,69.60553495555554,69.60553495555554,0.0,0.0,-1.0,-1.0,2.7777777777777777,2.7777777777777777
113,1.1,False,0,2.701109187623822,True,2.8423535555555386,4.491666311112209,4.491666311112209,-1.8799999999999981,-1.8799999999999981,0.0,0.0,2.7777777777777777,2.7777777777777777,27.899055555555552,72.04173333333334,72.04173333333334,-0.0499999999999996,-0.0499999999999996,-1.1,-1.1,2.7777777777777777,2.7777777777777777
113,1.2000000000000002,False,0,2.701109187623822,True,2.8423535555555386,4.491666311112209,4.491666311112209,-1.7999999999999998,-1.7999999999999998,0.0,0.0,2.7777777777777777,2.7777777777777777,28.658055555555553,74.5538611111111,74.5538611111111,-0.07999999999999963,-0.07999999999999963,-1.2000000000000002,-1.2000000000000002,2.7777777777777777,2.7777777777777777
113,1.3,False,0,2.701109187623822,True,2.8423535555555386,4.491666311112209,4.491666311112209,-1.8899999999999997,-1.8899999999999997,0.0,0.0,2.7777777777777777,2.7777777777777777,29.290555555555553,77.14188888888889,77.14188888888889,-0.09000000000000008,-0.09000000000000008,-1.3,-1.3,2.7777777777777777,2.7777777777777777
113,1.4000000000000001,False,0,2.701109187623822,True,2.8423535555555386,4.491666311112209,4.491666311112209,-1.8999999999999986,-1.8999999999999986,0.0,0.0,2.7777777777777777,2.7777777777777777,29.796555555555553,79.79316666666666,79.79316666666666,-0.08000000000000007,-0.08000000000000007,-1.4000000000000001,-1.4000000000000001,2.7777777777777777,2.7777777777777777
113,1.5,False,0,2.701109187623822,True,2.8423535555555386,4.491666311112209,4.491666311112209,-1.7999999999999998,-1.7999999999999998,0.0,0.0,2.7777777777777777,2.7777777777777777,30.176055555555553,82.49504444444445,82.49504444444445,-0.04999999999999982,-0.04999999999999982,-1.5,-1.5,2.7777777777777777,2.7777777777777777
113,1.6,False,0,2.701109187623822,True,2.8423535555555386,4.491666311112209,4.491666311112209,-1.879999999999999,-1.879999999999999,0.0,0.0,2.7777777777777777,2.7777777777777777,30.176055555555553,82.49504444444445,82.49504444444445,-0.1599999999999997,-0.1599999999999997,-1.6,-1.6,2.7777777777777777,2.7777777777777777
113,1.7000000000000002,False,0,2.701109187623822,True,2.8423535555555386,4.491666311112209,4.491666311112209,-1.8300000000000005,-1.8300000000000005,0.0,0.0,2.7777777777777777,2.7777777777777777,30.429055555555554,85.23487222222221,85.23487222222221,-0.09999999999999964,-0.09999999999999964,-1.7000000000000002,-1.7000000000000002,2.7777777777777777,2.7777777777777777
115,0.0,False,0,4.0,False,30.555555555555554,-4.155555555555526,-4.155555555555526,1.6,1.6,0.0,0.0,2.7777777777777777,2.7777777777777777,,,,,,,,,
115,0.1,False,0,4.0,False,30.555555555555554,-4.155555555555526,-4.155555555555526,1.17,1.17,-0.1,-0.1,2.7777777777777777,2.7777777777777777,30.555555555555554,323.62222222222084,323.62222222222084,-0.00999999999999579,-0.00999999999999579,-0.1,-0.1,2.7777777777777777,2.7777777777777777
115,0.2,False,0,3.2000000000000006,True,19.546821555555546,-4.135887377777823,-4.135887377777823,0.6800000000000002,0.6800000000000002,-0.2,-0.2,2.7777777777777777,2.7777777777777777,18.787527555555545,51.57001159999997,51.57001159999997,-0.019999999999997353,-0.019999999999997353,-0.2,-0.2,2.7777777777777777,2.7777777777777777
115,0.30000000000000004,False,0,1.6921750026406146,True,2.8423535555555386,4.489160288889889,4.489160288889889,-1.8899999999999975,-1.8899999999999975,0.0,0.0,2.7777777777777777,2.7777777777777777,5.879529555555538,11.224885400000016,11.224885400000016,-0.020000000000001572,-0.020000000000001572,-0.30000000000000004,-0.30000000000000004,2.7777777777777777,2.7777777777777777
115,0.4,False,0,2.741621273113214,True,2.8423535555555386,4.49255526666779,4.49255526666779,-1.880000000000006,-1.880000000000006,0.0,0.0,2.7777777777777777,2.7777777777777777,13.472469555555541,31.701615088888897,31.701615088888897,-6.661338147750939e-16,-6.661338147750939e-16,-0.4,-0.4,2.7777777777777777,2.7777777777777777
115,0.5,False,0,2.725891030920656,True,2.8423535555555386,4.491671600001109,4.491671600001109,-1.85,-1.85,0.0,0.0,2.7777777777777777,2.7777777777777777,16.509645555555544,42.49718291111108,42.49718291111108,0.0,0.0,-0.5,-0.5,2.7777777777777777,2.7777777777777777
115,0.6000000000000001,False,0,2.725891030920656,True,2.8423535555555386,4.491671600001109,4.491671600001109,-1.8599999999999959,-1.8599999999999959,0.0,0.0,2.7777777777777777,2.7777777777777777,18.787527555555545,49.8186932,49.8186932,-0.019999999999999574,-0.019999999999999574,-0.6000000000000001,-0.6000000000000001,2.7777777777777777,2.7777777777777777
115,0.7000000000000001,False,0,2.725891030920656,True,2.8423535555555386,4.491671600001109,4.491671600001109,-1.899999999999999,-1.899999999999999,0.0,0.0,2.7777777777777777,2.7777777777777777,21.824703555555548,56.67816951111111,56.67816951111111,-0.009999999999999343,-0.009999999999999343,-0.7000000000000001,-0.7000000000000001,2.7777777777777777,2.7777777777777777
115,0.8,False,0,2.725891030920656,True,2.8423535555555386,4.491671600001109,4.491671600001109,-1.8799999999999994,-1.8799999999999994,0.0,0.0,2.7777777777777777,2.7777777777777777,24.10258555555555,62.62003544444444,62.62003544444444,-2.220446049250313e-16,-2.220446049250313e-16,-0.8,-0.8,2.7777777777777777,2.7777777777777777
115,0.9,False,0,2.725891030920656,True,2.8423535555555386,4.491671600001109,4.491671600001109,-1.8900000000000028,-1.8900000000000028,0.0,0.0,2.7777777777777777,2.7777777777777777,25.62117355555555,66.96092639999999,66.96092639999999,-0.02000000000000024,-0.02000000000000024,-0.9,-0.9,2.7777777777777777,2.7777777777777777
115,1.0,False,0,2.725891030920656,True,2.8423535555555386,4.491671600001109,4.491671600001109,-1.7999999999999998,-1.7999999999999998,0.0,0.0,2.7777777777777777,2.7777777777777777,27.139761555555552,71.60553495555554,71.60553495555554,0.0,0.0,-1.0,-1.0,2.7777777777777777,2.7777777777777777
115,1.1,False,0,2.725891030920656,True,2.8423535555555386,4.491671600001109,4.491671600001109,-1.8799999999999981,-1.8799999999999981,0.0,0.0,2.7777777777777777,2.7777777777777777,27.899055555555552,74.04173333333334,74.04173333333334,-0.0499999999999996,-0.0499999999999996,-1.1,-1.1,2.7777777777777777,2.7777777777777777
115,1.2000000000000002,False,0,2.725891030920656,True,2.8423535555555386,4.491671600001109,4.491671600001109,-1.7999999999999998,-1.7999999999999998,0.0,0.0,2.7777777777777777,2.7777777777777777,28.658055555555553,76.5538611111111,76.5538611111111,-0.07999999999999963,-0.07999999999999963,-1.2000000000000002,-1.2000000000000002,2.7777777777777777,2.7777777777777777
115,1.3,False,0,2.725891030920656,True,2.8423535555555386,4.491671600001109,4.491671600001109,-1.8899999999999997,-1.8899999999999997,0.0,0.0,2.7777777777777777,2.7777777777777777,29.290555555555553,79.14188888888889,79.14188888888889,-0.09000000000000008,-0.09000000000000008,-1.3,-1.3,2.7777777777777777,2.7777777777777777
115,1.4000000000000001,False,0,2.725891030920656,True,2.8423535555555386,4.491671600001109,4.491671600001109,-1.8999999999999986,-1.8999999999999986,0.0,0.0,2.7777777777777777,2.7777777777777777,29.796555555555553,81.79316666666666,81.79316666666666,-0.08000000000000007,-0.08000000000000007,-1.4000000000000001,-1.4000000000000001,2.7777777777777777,2.7777777777777777
115,1.5,False,0,2.725891030920656,True,2.8423535555555386,4.491671600001109,4.491671600001109,-1.7999999999999998,-1.7999999999999998,0.0,0.0,2.7777777777777777,2.7777777777777777,30.176055555555553,84.49504444444445,84.49504444444445,-0.04999999999999982,-0.04999999999999982,-1.5,-1.5,2.7777777777777777,2.7777777777777777
115,1.6,False,0,2.725891030920656,True,2.8423535555555386,4.491671600001109,4.491671600001109,-1.879999999999999,-1.879999999999999,0.0,0.0,2.7777777777777777,2.7777777777777777,30.176055555555553,84.49504444444445,84.49504444444445,-0.1599999999999997,-0.1599999999999997,-1.6,-1.6,2.7777777777777777,2.7777777777777777
115,1.7000000000000002,False,0,2.725891030920656,True,2.8423535555555386,4.491671600001109,4.491671600001109,-1.8300000000000005,-1.8300000000000005,0.0,0.0,2.7777777777777777,2.7777777777777777,30.429055555555554,87.23487222222221,87.23487222222221,-0.09999999999999964,-0.09999999999999964,-1.7000000000000002,-1.7000000000000002,2.7777777777777777,2.7777777777777777
117,0.0,False,0,4.0,False,30.555555555555554,-3.3777777777777542,-3.3777777777777542,1.6,1.6,0.0,0.0,2.7777777777777777,2.7777777777777777,,,,,,,,,
117,0.1,False,0,4.0,False,30.555555555555554,-3.3777777777777542,-3.3777777777777542,1.1600000000000001,1.1600000000000001,-0.1,-0.1,2.7777777777777777,2.7777777777777777,30.555555555555554,321.62222222222084,321.62222222222084,-0.00999999999999579,-0.00999999999999579,-0.1,-0.1,2.7777777777777777,2.7777777777777777
117,0.2,False,0,3.0000000000000027,True,18.787527555555545,-3.7368623555555756,-3.7368623555555756,0.6600000000000001,0.6600000000000001,-0.2,-0.2,2.7777777777777777,2.7777777777777777,18.028233555555545,46.98841199999974,46.98841199999974,-0.019999999999997353,-0.019999999999997353,-0.2,-0.2,2.7777777777777777,2.7777777777777777
117,0.30000000000000004,False,0,1.8371411230152423,True,2.8423535555555386,4.487604044445516,4.487604044445516,-1.8899999999999975,-1.8899999999999975,0.0,0.0,2.7777777777777777,2.7777777777777777,6.638823555555538,12.921167800000031,12.921167800000031,-0.020000000000001572,-0.020000000000001572,-0.30000000000000004,-0.30000000000000004,2.7777777777777777,2.7777777777777777
117,0.4,False,0,2.735341861182797,True,2.8423535555555386,4.492560555556719,4.492560555556719,-1.880000000000006,-1.880000000000006,0.0,0.0,2.7777777777777777,2.7777777777777777,14.231763555555542,33.24603868888887,33.24603868888887,-6.661338147750939e-16,-6.661338147750939e-16,-0.4,-0.4,2.7777777777777777,2.7777777777777777
117,0.5,False,0,2.735341861182797,True,2.8423535555555386,4.492560555556719,4.492560555556719,-1.85,-1.85,0.0,0.0,2.7777777777777777,2.7777777777777777,16.509645555555544,43.244450711111085,43.244450711111085,0.0,0.0,-0.5,-0.5,2.7777777777777777,2.7777777777777777
117,0.6000000000000001,False,0,2.735341861182797,True,2.8423535555555386,4.492560555556719,4.492560555556719,-1.8599999999999959,-1.8599999999999959,0.0,0.0,2.7777777777777777,2.7777777777777777,19.546821555555546,50.64189039999998,50.64189039999998,-0.019999999999999574,-0.019999999999999574,-0.6000000000000001,-0.6000000000000001,2.7777777777777777,2.7777777777777777
117,0.7000000000000001,False,0,2.735341861182797,True,2.8423535555555386,4.492560555556719,4.492560555556719,-1.899999999999999,-1.899999999999999,0.0,0.0,2.7777777777777777,2.7777777777777777,22.58399755555555,57.8050843111111,57.8050843111111,-0.009999999999999343,-0.009999999999999343,-0.7000000000000001,-0.7000000000000001,2.7777777777777777,2.7777777777777777
117,0.8,False,0,2.735341861182797,True,2.8423535555555386,4.492560555556719,4.492560555556719,-1.8799999999999994,-1.8799999999999994,0.0,0.0,2.7777777777777777,2.7777777777777777,24.86187955555555,63.97473844444444,63.97473844444444,-2.220446049250313e-16,-2.220446049250313e-16,-0.8,-0.8,2.7777777777777777,2.7777777777777777
117,0.9,False,0,2.735341861182797,True,2.8423535555555386,4.492560555556719,4.492560555556719,-1.8900000000000028,-1.8900000000000028,0.0,0.0,2.7777777777777777,2.7777777777777777,26.38046755555555,68.4674882,68.4674882,-0.02000000000000024,-0.02000000000000024,-0.9,-0.9,2.7777777777777777,2.7777777777777777
117,1.0,False,0,2.735341861182797,True,2.8423535555555386,4.492560555556719,4.492560555556719,-1.7999999999999998,-1.7999999999999998,0.0,0.0,2.7777777777777777,2.7777777777777777,27.899055555555552,73.26395555555554,73.26395555555554,0.0,0.0,-1.0,-1.0,2.7777777777777777,2.7777777777777777
117,1.1,False,0,2.735341861182797,True,2.8423535555555386,4.492560555556719,4.492560555556719,-1.8799999999999981,-1.8799999999999981,0.0,0.0,2.7777777777777777,2.7777777777777777,28.658055555555553,75.77608333333333,75.77608333333333,-0.0499999999999996,-0.0499999999999996,-1.1,-1.1,2.7777777777777777,2.7777777777777777
117,1.2000000000000002,False,0,2.735341861182797,True,2.8423535555555386,4.492560555556719,4.492560555556719,-1.7999999999999998,-1.7999999999999998,0.0,0.0,2.7777777777777777,2.7777777777777777,29.290555555555553,78.3641111111111,78.3641111111111,-0.07999999999999963,-0.07999999999999963,-1.2000000000000002,-1.2000000000000002,2.7777777777777777,2.7777777777777777
117,1.3,False,0,2.735341861182797,True,2.8423535555555386,4.492560555556719,4.492560555556719,-1.8899999999999997,-1.8899999999999997,0.0,0.0,2.7777777777777777,2.7777777777777777,29.796555555555553,81.01538888888889,81.01538888888889,-0.09000000000000008,-0.09000000000000008,-1.3,-1.3,2.7777777777777777,2.7777777777777777
117,1.4000000000000001,False,0,2.735341861182797,True,2.8423535555555386,4.492560555556719,4.492560555556719,-1.8999999999999986,-1.8999999999999986,0.0,0.0,2.7777777777777777,2.7777777777777777,30.176055555555553,83.71726666666665,83.71726666666665,-0.08000000000000007,-0.08000000000000007,-1.4000000000000001,-1.4000000000000001,2.7777777777777777,2.7777777777777777
117,1.5,False,0,2.735341861182797,True,2.8423535555555386,4.492560555556719,4.492560555556719,-1.7999999999999998,-1.7999999999999998,0.0,0.0,2.7777777777777777,2.7777777777777777,30.429055555555554,86.45709444444444,86.45709444444444,-0.04999999999999982,-0.04999999999999982,-1.5,-1.5,2.7777777777777777,2.7777777777777777
117,1.6,False,0,2.735341861182797,True,2.8423535555555386,4.492560555556719,4.492560555556719,-1.879999999999999,-1.879999999999999,0.0,0.0,2.7777777777777777,2.7777777777777777,30.429055555555554,86.45709444444444,86.45709444444444,-0.1599999999999997,-0.1599999999999997,-1.6,-1.6,2.7777777777777777,2.7777777777777777
117,1.7000000000000002,False,0,2.735341861182797,True,2.8423535555555386,4.492560555556719,4.492560555556719,-1.8300000000000005,-1.8300000000000005,0.0,0.0,2.7777777777777777,2.7777777777777777,30.555555555555554,89.22222222222221,89.22222222222221,-0.09999999999999964,-0.09999999999999964,-1.7000000000000002,-1.7000000000000002,2.7777777777777777,2.7777777777777777
119,0.0,False,0,4.0,False,30.555555555555554,-3.2222222222222454,-3.2222222222222454,1.6,1.6,0.0,0.0,2.7777777777777777,2.7777777777777777,,,,,,,,,
119,0.1,False,0,4.0,False,30.555555555555554,-3.2222222222222454,-3.2222222222222454,1.1600000000000001,1.1600000000000001,-0.1,-0.1,2.7777777777777777,2.7777777777777777,30.555555555555554,319.62222222222084,319.62222222222084,-0.00999999999999579,-0.00999999999999579,-0.1,-0.1,2.7777777777777777,2.7777777777777777
119,0.2,False,0,2.9000000000000026,True,17.268939555555544,-3.8889758888888535,-3.8889758888888535,0.6200000000000006,0.6200000000000006,-0.2,-0.2,2.7777777777777777,2.7777777777777777,17.268939555555544,42.482741800000454,42.482741800000454,-0.019999999999997353,-0.019999999999997353,-0.2,-0.2,2.7777777777777777,2.7777777777777777
119,0.30000000000000004,False,0,1.9718378150913116,True,2.8423535555555386,4.489170866667718,4.489170866667718,-1.8899999999999975,-1.8899999999999975,0.0,0.0,2.7777777777777777,2.7777777777777777,7.398117555555538,14.465591400000019,14.465591400000019,-0.020000000000001572,-0.020000000000001572,-0.30000000000000004,-0.30000000000000004,2.7777777777777777,2.7777777777777777
119,0.4,False,0,2.7215096399400722,True,2.8423535555555386,4.493449511112272,4.493449511112272,-1.880000000000006,-1.880000000000006,0.0,0.0,2.7777777777777777,2.7777777777777777,14.231763555555542,33.765518288888885,33.765518288888885,-6.661338147750939e-16,-6.661338147750939e-16,-0.4,-0.4,2.7777777777777777,2.7777777777777777
119,0.5,False,0,2.7215096399400722,True,2.8423535555555386,4.493449511112272,4.493449511112272,-1.85,-1.85,0.0,0.0,2.7777777777777777,2.7777777777777777,17.268939555555544,43.83985971111109,43.83985971111109,0.0,0.0,-0.5,-0.5,2.7777777777777777,2.7777777777777777
119,0.6000000000000001,False,0,2.7215096399400722,True,2.8423535555555386,4.493449511112272,4.493449511112272,-1.8599999999999959,-1.8599999999999959,0.0,0.0,2.7777777777777777,2.7777777777777777,20.306115555555547,51.54101699999998,51.54101699999998,-0.019999999999999574,-0.019999999999999574,-0.6000000000000001,-0.6000000000000001,2.7777777777777777,2.7777777777777777
119,0.7000000000000001,False,0,2.7215096399400722,True,2.8423535555555386,4.493449511112272,4.493449511112272,-1.899999999999999,-1.899999999999999,0.0,0.0,2.7777777777777777,2.7777777777777777,23.34329155555555,59.00792851111112,59.00792851111112,-0.009999999999999343,-0.009999999999999343,-0.7000000000000001,-0.7000000000000001,2.7777777777777777,2.7777777777777777
119,0.8,False,0,2.7215096399400722,True,2.8423535555555386,4.493449511112272,4.493449511112272,-1.8799999999999994,-1.8799999999999994,0.0,0.0,2.7777777777777777,2.7777777777777777,25.62117355555555,65.40537084444445,65.40537084444445,-2.220446049250313e-16,-2.220446049250313e-16,-0.8,-0.8,2.7777777777777777,2.7777777777777777
119,0.9,False,0,2.7215096399400722,True,2.8423535555555386,4.493449511112272,4.493449511112272,-1.8900000000000028,-1.8900000000000028,0.0,0.0,2.7777777777777777,2.7777777777777777,27.139761555555552,70.04997940000001,70.04997940000001,-0.02000000000000024,-0.02000000000000024,-0.9,-0.9,2.7777777777777777,2.7777777777777777
119,1.0,False,0,2.7215096399400722,True,2.8423535555555386,4.493449511112272,4.493449511112272,-1.7999999999999998,-1.7999999999999998,0.0,0.0,2.7777777777777777,2.7777777777777777,28.658055555555553,74.99830555555555,74.99830555555555,0.0,0.0,-1.0,-1.0,2.7777777777777777,2.7777777777777777
119,1.1,False,0,2.7215096399400722,True,2.8423535555555386,4.493449511112272,4.493449511112272,-1.8799999999999981,-1.8799999999999981,0.0,0.0,2.7777777777777777,2.7777777777777777,29.290555555555553,77.58633333333333,77.58633333333333,-0.0499999999999996,-0.0499999999999996,-1.1,-1.1,2.7777777777777777,2.7777777777777777
119,1.2000000000000002,False,0,2.7215096399400722,True,2.8423535555555386,4.493449511112272,4.493449511112272,-1.7999999999999998,-1.7999999999999998,0.0,0.0,2.7777777777777777,2.7777777777777777,29.796555555555553,80.2376111111111,80.2376111111111,-0.07999999999999963,-0.07999999999999963,-1.2000000000000002,-1.2000000000000002,2.7777777777777777,2.7777777777777777
119,1.3,False,0,2.7215096399400722,True,2.8423535555555386,4.493449511112272,4.493449511112272,-1.8899999999999997,-1.8899999999999997,0.0,0.0,2.7777777777777777,2.7777777777777777,30.176055555555553,82.93948888888887,82.93948888888887,-0.09000000000000008,-0.09000000000000008,-1.3,-1.3,2.7777777777777777,2.7777777777777777
119,1.4000000000000001,False,0,2.7215096399400722,True,2.8423535555555386,4.493449511112272,4.493449511112272,-1.8999999999999986,-1.8999999999999986,0.0,0.0,2.7777777777777777,2.7777777777777777,30.429055555555554,85.67931666666665,85.67931666666665,-0.08000000000000007,-0.08000000000000007,-1.4000000000000001,-1.4000000000000001,2.7777777777777777,2.7777777777777777
119,1.5,False,0,2.7215096399400722,True,2.8423535555555386,4.493449511112272,4.493449511112272,-1.7999999999999998,-1.7999999999999998,0.0,0.0,2.7777777777777777,2.7777777777777777,30.555555555555554,88.44444444444444,88.44444444444444,-0.04999999999999982,-0.04999999999999982,-1.5,-1.5,2.7777777777777777,2.7777777777777777
119,1.6,False,0,2.7215096399400722,True,2.8423535555555386,4.493449511112272,4.493449511112272,-1.879999999999999,-1.879999999999999,0.0,0.0,2.7777777777777777,2.7777777777777777,30.555555555555554,88.44444444444444,88.44444444444444,-0.1599999999999997,-0.1599999999999997,-1.6,-1.6,2.7777777777777777,2.7777777777777777
119,1.7000000000000002,False,0,2.7215096399400722,True,2.8423535555555386,4.493449511112272,4.493449511112272,-1.8300000000000005,-1.8300000000000005,0.0,0.0,2.7777777777777777,2.7777777777777777,30.555555555555554,91.22222222222221,91.22222222222221,-0.09999999999999964,-0.09999999999999964,-1.7000000000000002,-1.7000000000000002,2.7777777777777777,2.7777777777777777
